1 0.3392338513155098 0.3123980096265978 0.3357782921874814 0.25365347378201186 0.2582916477355455 0.25821150931138537 0.2617472068635739 0.31695604515597137
1 0.5297446315616077 0.15414869517274685 0.48240821942964257 0.12494112210998212 0.4515400601023523 0.17496882925743323 0.4988764722343174 0.20417640232019796
1 0.6056921063978054 0.1989619182988595 0.5702838753872304 0.1312697126347154 0.5202558687378754 0.15743820868325287 0.5556640997484503 0.22513041434739697
1 0.6043730880957392 0.29801531655628133 0.5980378962468411 0.23212934606665922 0.5527429679845632 0.23648462926566444 0.5590781598334613 0.3023705997552865
1 0.6658501548081792 0.23198111244613373 0.6007674516169786 0.21921979853906165 0.5886149367701258 0.28119762641508284 0.6536976399613263 0.2939589403221549
1 0.7148253683052792 0.2681958808733796 0.6714727669883009 0.2364039731187845 0.6357292599258592 0.28514511892576005 0.6790818612428374 0.31693702668035517
1 0.8993274239465793 0.18624781725501288 0.8119955660276583 0.16609432190039755 0.7970584790713079 0.23082173185292598 0.8843903369902287 0.25097522720754134
1 0.8208895176268518 0.26795370627856674 0.7823862854285475 0.20575617633184967 0.7369412377254393 0.23388882445267986 0.7754444699237435 0.29608635439939696
1 0.7749392907854611 0.26863768858411985 0.7280233130699131 0.2158572122987267 0.6920713939152917 0.2478144729488394 0.7389873716308399 0.3005949492342326
0 0.33431372173001905 0.34799157550771903 0.3137053145685583 0.31422409920544947 0.3089814912665472 0.3171070648465654 0.32958989842800795 0.350874541148835
0 0.3902335245624786 0.4219559402592428 0.34498274609375 0.36417781718750003 0.33576154575002143 0.37139969411575724 0.38101232421875003 0.42917781718750003
0 0.47210117119772316 0.5724487063078681 0.3997725351562499 0.45653521093750005 0.39149064462277144 0.46170301166870314 0.4638192806642447 0.5776165070390713
0 0.5433935987744599 0.7114710167681351 0.4701767609374999 0.5781954226562499 0.46292118591882325 0.5821813756966121 0.5361380237557832 0.7154569698084973
0 0.5731922539062501 0.76265105625 0.5621960146666316 0.7431021018715648 0.5562341546875001 0.7464556335937502 0.5672303939271186 0.7660045879721853
0 0.6598412469021052 0.9074716983271489 0.595438028125 0.8025771125000002 0.5894393804395899 0.8062601645489101 0.6538425992166951 0.9111547503760589
0 0.49166866171874996 0.19999225390625003 0.48715668984375 0.19669507031250005 0.4722972937149626 0.21702914498752274 0.47680926558996256 0.2203263285812727
0 0.4511109924208957 0.27220378011463886 0.4424765007058027 0.26508193032083127 0.381460226253657 0.33905772754994246 0.39009471796875 0.34617957734375004
0 0.3104049296875 0.46784823906249995 0.30649869717754485 0.46547565379511224 0.3011686373266537 0.47425108258822873 0.30507486983660886 0.47662366785561633
0 0.294076964752955 0.5050984424729709 0.28690528203125004 0.5005119718749999 0.2373073277225104 0.578066331888832 0.2444790104442153 0.5826528024868031
0 0.20949775354043507 0.647769329722579 0.20193912419530585 0.6432061778743245 0.13610561629390744 0.7522560410531394 0.14366424563903663 0.7568191929013939
0 0.54794260546875 0.20599753515625005 0.5433851406599125 0.20407379249309993 0.5299178084811469 0.23597873157322896 0.5344752732899843 0.23790247423637906
0 0.5237991607132241 0.2647198073686969 0.5124104215400888 0.26214130236775024 0.501191196875 0.31169436640625003 0.5125799360481353 0.3142728714071967
0 0.49990633828125014 0.3249045773437501 0.49547385534777205 0.32334870979335284 0.4935292249999999 0.32888873203125 0.497961707933478 0.3304445995816473
0 0.4961764625382932 0.338250905596486 0.4914471670214926 0.3366449117963546 0.4750375613189021 0.3849675607850229 0.4797668568357027 0.38657355458515436
0 0.4828065221814321 0.3877080895012577 0.4748738820536193 0.3859103332751271 0.46514102840074356 0.42885677079692003 0.47307366852855637 0.4306545270230506
0 0.46207193338163116 0.46390052766107887 0.45382649280164056 0.4620055831704299 0.43772119304579904 0.5320843072781999 0.44596663362578964 0.5339792517688489
0 0.42725259726067677 0.6093164310365677 0.41783028203125017 0.6057471828125001 0.3276908660967855 0.8437026115786791 0.33711318132621204 0.8472718598027467
0 0.5698562100403349 0.3030083821964557 0.56720070390625 0.3022088031250001 0.5625765360534152 0.3175662662410444 0.5652320421875001 0.31836584531250006
0 0.5455890917999751 0.4114270632830272 0.5403675860765544 0.4107844734920817 0.5357935060990024 0.44795217381770847 0.5410150118224231 0.448594763608654
0 0.4796137320312501 0.7717450703125002 0.47431696644232035 0.771577783774136 0.47388985394232036 0.7851013751803858 0.4791866195312501 0.78526866171875
0 0.47645105625000017 0.8305961265624999 0.4706516995039582 0.8301929997762476 0.4662966009981428 0.8928451746271964 0.47209595774418467 0.8932483014134487
0 0.4735070421875001 0.9148404929687501 0.468382428111959 0.9147385413069549 0.467563061705709 0.9559241045882049 0.47268767578125004 0.9560260562500001
0 0.5088164101997602 0.7999997581201642 0.4996633402024462 0.7971257809968237 0.4558614091107939 0.9366265926224265 0.465014479108108 0.9395005697457671
0 0.5503204226562499 0.6647299296875 0.5440734480707327 0.6623461076118213 0.5311945746332326 0.6960961076118213 0.53744154921875 0.6984799296875
0 0.5749679047880287 0.6037712172815668 0.5667767906493355 0.600612812405247 0.5514713406992053 0.640306484494449 0.5596624548378986 0.6434648893707688
0 0.6058091546875001 0.5064616195312502 0.6004220373869358 0.5043328253695394 0.5783773194181858 0.5601190933382892 0.5837644367187501 0.5622478875000001
0 0.6603359156249999 0.3465964789062501 0.6556720066506123 0.3451422303093812 0.6490885558693623 0.3662559623406311 0.6537524648437499 0.3677102109375001
0 0.6030027001226029 0.408874592605606 0.59210774609375 0.403985915625 0.5570374364821691 0.48214395562470164 0.567932390511022 0.4870326326053075
0 0.5153211265625001 0.54080563359375 0.5105577295023481 0.5395245977695997 0.5018232982703162 0.5720026622143267 0.5065866953304683 0.573283698038477
0 0.5626156282448045 0.5006028835262908 0.5559662391442537 0.49831388224735473 0.533282292515581 0.5642091654252992 0.5399316816161319 0.5664981667042353
0 0.52090105625 0.6302059859375001 0.5139310194549459 0.6276296577845695 0.505022568673696 0.6517307140345693 0.5119926054687501 0.6543070421874999
0 0.6560214789062501 0.48492887343750013 0.6514996044993285 0.4835305296947216 0.6491992521555786 0.4909692617259716 0.6537211265625001 0.49236760546875014
0 0.6410496921004375 0.5359845583658458 0.6315771113792376 0.532094987254854 0.4815364918310635 0.8975007966800884 0.4910090725522635 0.9013903677910801
0 0.7618045773437501 0.2815116195312501 0.7567513817015528 0.2783521438984221 0.7453352109375001 0.2966109156250001 0.7503884065796975 0.2997703912578281
1 0.7174813547253459 0.16106047512435265 0.6323943581341929 0.13978873777573572 0.6161350469398791 0.20482601862835143 0.701222043531032 0.22609775597696835
0 0.6620815784327696 0.20957386179347753 0.6564448147884259 0.20808518026369152 0.6503970394806562 0.23098455753271402 0.6560338031249999 0.2324732390625001
0 0.6423799296874999 0.32528028203125 0.6379698547066891 0.29058297457157495 0.6306718312499999 0.2915105632812499 0.6350819062308107 0.32620787074092494
0 0.6542376113703604 0.3756893175754381 0.6486542250000001 0.35563591562499997 0.64264795191089 0.3573082175808119 0.6482313382812501 0.37736161953125
0 0.7122910929024353 0.6292187659001128 0.656546425473419 0.39014758776117314 0.6464233062661975 0.39250801413269876 0.7021679736952138 0.6315791922716385
0 0.7224050903994585 0.7514165213457032 0.71165950703125 0.648579225 0.7046052446259972 0.6493163327174379 0.7153508279942057 0.7521536290631412
0 0.7506792250000001 0.9487806335937499 0.7228423401226131 0.7660968747772353 0.7138062073178857 0.7674737776297468 0.7416430921952727 0.9501575364462613
0 0.7245714789062501 0.35851936640625004 0.7186889264871565 0.35771554274743955 0.7155994897684066 0.38032469743493963 0.7214820421875 0.38112852109375017
0 0.7174573945312501 0.4344109156250001 0.7103550307728691 0.43300680367074795 0.702171046530404 0.4744035262802392 0.709273410288785 0.4758076382344913
0 0.7091484580869395 0.4940395686221587 0.7020451563125822 0.49329247069818544 0.6931192333818927 0.5781588880135267 0.70022253515625 0.5789059859375
0 0.6943926054687501 0.6277820421875001 0.6883228637938663 0.6272918900001093 0.6872253286376163 0.6408830868751093 0.6932950703125 0.6413732390625002
0 0.68503556328125 0.6850021125000001 0.6797836064167776 0.6844408235431387 0.67853274609375 0.6961450703125001 0.6837847029582225 0.6967063592693613
0 0.6786899915556329 0.7707960552695722 0.6713152873817038 0.7687936406679802 0.642558335926022 0.874702781442861 0.6499330400999511 0.876705196044453
0 0.6770503523437502 0.7760387320312502 0.6682236426980206 0.7754760513362227 0.6574458255105204 0.9445464739924727 0.6662725351562501 0.9451091546875002
0 0.7233982390625002 0.6420299296875001 0.7183665047726185 0.6405135404840043 0.7088443219601185 0.6721103717340043 0.7138760562500002 0.6736267609375001
0 0.7342309859375 0.6013644367187501 0.7282707599052141 0.5997413877389253 0.720605619280214 0.6278896268014251 0.7265658453125001 0.62951267578125
0 0.7415091546874999 0.57850950703125 0.7352899414926748 0.5766645096118742 0.7318205758676748 0.5883592275806242 0.7380397890624999 0.5902042250000001
0 0.7708873478068736 0.4946772248895857 0.7636982390625 0.49203732421875007 0.7404859674604676 0.5552501361985751 0.7476750762048413 0.5578900368694107
0 0.7947262128820316 0.39402368809751387 0.7870133102535596 0.3921545136485917 0.7678816905006289 0.4710986273798695 0.7755945931291008 0.47296780182879167
0 0.8218663017019494 0.2872079776173025 0.8130583079241276 0.2850444736988174 0.7898971943794547 0.37933732070773435 0.7987051881572765 0.3815008246262194