1 0.1384351276779014 0.47974815310653485 0.07881656375288393 0.4636218205704015 0.051793608314831485 0.5635248699845568 0.11141217223984896 0.5796512025206901
0 0.15641612101592295 0.5269426544945084 0.15591151350693658 0.5202327474376975 0.11560530295808338 0.5232639096176703 0.11610991046706975 0.5299738166744812
0 0.78341017277127 0.3983241040159111 0.7784524327848178 0.3773234381779593 0.18748976443585544 0.5168351695669429 0.1924475044223076 0.5378358354048947
0 0.27266694091116755 0.34309097885023354 0.21476544311320703 0.2707530135474701 0.2076091171369811 0.27648115355002145 0.26551061493494166 0.34881911885278494
0 0.30380840487753036 0.380452084773351 0.281279237021152 0.35575486731704664 0.2790615640524211 0.3577778614722177 0.3015907319087995 0.382475078928522
0 0.33778409880739696 0.41827480615658513 0.32972719387688004 0.4087156561172338 0.32498323569448306 0.41271408902314877 0.333040140625 0.4222732390625
0 0.319996653501377 0.39625499543033815 0.30457738721588806 0.3774081275686751 0.29828820273804024 0.3825535241881186 0.3137074690235292 0.40140039204978173
0 0.3873315840008289 0.47864378980763556 0.34609553408633953 0.42810378747142475 0.3392867667193421 0.43365912300809306 0.3805228166338314 0.4841991253443039
0 0.4878809859375 0.59546232421875 0.4188327282528103 0.510008569392523 0.4096626485008721 0.5174181680811772 0.4787109061855618 0.6028719229074042
0 0.6413564934138158 0.7387536083772944 0.5099456495726911 0.6175890279190585 0.5003781427161734 0.6279656094638945 0.6317889865572982 0.7491301899221304
0 0.6872174616633911 0.7661604391309782 0.6450932067509785 0.7401234930859257 0.6395076684764256 0.7491601380785137 0.6816319233888383 0.775197084123566
1 0.2457163048864326 0.25819343030678754 0.20408245018494015 0.20569857160259192 0.14768196793623461 0.25042998989763793 0.18931582263772712 0.30292484860183355