1 0.3092880622684889 0.34258243281053913 0.2943289554425717 0.2854270452720447 0.21951214542207192 0.3050086228217941 0.2344712522479891 0.3621640103602885
1 0.4692362946821941 0.15423785294841003 0.41754718761749504 0.13369388934207077 0.39583520419945106 0.1883217623750985 0.44752431126415015 0.2088657259814378
1 0.551811691629029 0.18518212102824091 0.5051867623396081 0.12466688745902747 0.4604629055194732 0.15912509804172317 0.5070878348088941 0.21964033161093663
1 0.5677131536834826 0.2829597217976989 0.5500332295548127 0.21917480134647266 0.5061827204656845 0.23132929912141567 0.5238626445943544 0.2951142195726419
1 0.6167895268655996 0.20725334503733847 0.5504795979996995 0.20598739600488356 0.5492740430929312 0.2691339035358609 0.6155839719588312 0.27039985256831583
1 0.6713093249989995 0.23441347239740615 0.6230947400141889 0.21063265587125907 0.5963580689281749 0.2648401091296526 0.6445726539129856 0.2886209256557997
1 0.8381214087163936 0.1835422200887831 0.8373050286489381 0.11794897413350432 0.7480772349599987 0.11905951213432749 0.7488936150274541 0.18465275808960627
1 0.7752992441998551 0.21301402793799795 0.7236040932278253 0.161333273185714 0.6855264404294589 0.1994215329161911 0.7372215914014888 0.2511022876684751
1 0.7305867015162983 0.224409895470147 0.6752182494007303 0.18057814667777664 0.645361840388834 0.21829288994637608 0.700730292504402 0.2621246387387465
0 0.3104348825499582 0.37907204536461764 0.2842759029122991 0.34939618576726994 0.2801244671727726 0.353055635719211 0.3062834468104318 0.3827314953165587
0 0.37806920381166 0.4431560375323783 0.325168825841684 0.39170357548060275 0.3176214931237741 0.3994632965419746 0.3705218710937501 0.4509157585937502
0 0.4851056027243681 0.5761926286553842 0.39374763437500004 0.47459985546875005 0.3864889432538995 0.48112728112018993 0.47784691160326753 0.5827200543068242
0 0.5794559091813452 0.7007230771247398 0.48420833593749996 0.5821862093750001 0.47775514233265426 0.5873715246461269 0.5730027155764994 0.7059083923958666
0 0.6176891765625 0.7459510953125001 0.6034653545231423 0.7286086099612832 0.598176403125 0.7329464601562502 0.6124002251643577 0.750288945507467
0 0.7281696168351318 0.8735251463304715 0.64653007421875 0.781407646875 0.6412621151704629 0.7860763989554 0.7229016577868447 0.8781938984108717
0 0.43969943515625004 0.20599676718750012 0.43468346015625 0.20353317109375016 0.4235807876533861 0.2261386330235032 0.42859676265338614 0.2286022291172532
0 0.412297327711406 0.28415400328544593 0.4025573171260121 0.2786397141680391 0.35531377925835606 0.36208701791384323 0.3650537898437499 0.36760130703125
0 0.30770221015625004 0.5012595351562501 0.3034433269020354 0.4996013046527608 0.2997180791725859 0.5091689703900445 0.3039769624268006 0.510827200893534
0 0.298090733730995 0.5407791453362476 0.29023157265625005 0.5375077031250001 0.25485429583109154 0.6224964325602459 0.2627134569058365 0.6257678747714934
0 0.2395710099392327 0.6959695670849616 0.2313348300155106 0.6927882819447728 0.18543779124027 0.8116133016022345 0.1936739711639921 0.8147945867424233
0 0.49616125703125 0.20213894687500006 0.49133897634474 0.20103582577075874 0.48361647795605167 0.23479463492434488 0.4884387586425617 0.23589775602858615
0 0.48258162126478493 0.26416156125710866 0.47091814979191665 0.26359986331803964 0.4684741695312501 0.31434830312500006 0.4801376410041184 0.3149100010640691
0 0.46950276015625 0.3275809343750001 0.4648674439535214 0.3268183962843815 0.46391437109375 0.33261193515625004 0.46854968729647856 0.33337447324686864
0 0.46814711557994854 0.3413721883303054 0.46321079025047485 0.340611826580315 0.45544162264737703 0.39104984352236294 0.4603779479768507 0.3918102052723533
0 0.4632225016835828 0.43591538758113735 0.46086973515625 0.39226914140625 0.4512027159910981 0.3927902455355655 0.45355548251843086 0.43643649171045285
0 0.4563795381518654 0.4710350996305456 0.4479303108711715 0.4706007494032122 0.44423873003564474 0.5424114761890999 0.4526879573163386 0.5428458264164332
0 0.44734039371981166 0.6202881229143711 0.43744143046875 0.6184092671875001 0.38999195808779896 0.8684021626843406 0.3998909213388606 0.8702810184112113
0 0.5345877017536228 0.29387072425830374 0.53183369296875 0.29354441640625006 0.5299465724651274 0.3094715429291964 0.5327005812500002 0.3097978507812501
0 0.5314654758172249 0.44225354233348535 0.5295159616712917 0.40485622261728277 0.5242621983876318 0.4051301001549941 0.5262117125335651 0.4425274198711967
0 0.5290392046875001 0.7845489953125 0.5271114812500001 0.771156690625 0.521866136431294 0.7719117193060774 0.523793859868794 0.7853040239935772
0 0.5408067336395395 0.8921194619244377 0.5342162328125 0.8296628593750002 0.5284349784870142 0.830272904748238 0.5350254793140535 0.8927295072976754
0 0.5522907046875 0.95384073125 0.545945825 0.9131385874999998 0.5408813618366002 0.9139280645764633 0.5472262415241003 0.9546302083264635
0 0.5607768799355419 0.7939111343663863 0.5512638047536577 0.7926702333783756 0.5323513857797342 0.9376578394070132 0.5418644609616186 0.9388987403950239
0 0.57816099453125 0.6534892625000002 0.5715949789347874 0.6522264317473146 0.5647723906535373 0.6877000856535647 0.5713384062500001 0.6889629164062502
0 0.5921473610689068 0.5892850402294244 0.583364457690249 0.5873945979199366 0.5744213880275924 0.6289436662842623 0.5832042914062502 0.6308341085937501
0 0.60532372421875 0.48798988593750003 0.5996487885028677 0.48682889616193076 0.5876261635028677 0.5455956703806807 0.5933010992187501 0.54675666015625
0 0.6312618109374999 0.32108498359375004 0.6264162294310079 0.3204627074860724 0.6235991567747579 0.34239887857982243 0.6284447382812499 0.34302115468750005
0 0.5856140961457938 0.39237276077838523 0.5740357515625001 0.3894502429687501 0.5530702410334417 0.4725107822304139 0.5646485856167354 0.475433300040049
0 0.5221741882812501 0.5375252187500001 0.5172607086882692 0.5370907998996113 0.5142987292451122 0.5705921673834454 0.5192122088380929 0.5710265862338343
0 0.561769045586204 0.489720634611927 0.5548231949026416 0.48862106274203193 0.543926464335128 0.5574542745885522 0.5508723150186905 0.5585538464584473
0 0.5431935546875 0.624598434375 0.5358820336263188 0.6232715805503284 0.531294026595069 0.6485534235190785 0.53860554765625 0.64988027734375
0 0.6510340882812501 0.45806499218750013 0.6463380914214891 0.45747310749658593 0.6453644086089891 0.46519828015283593 0.6500604054687501 0.4657901648437501
0 0.6451554837424824 0.5109448503000869 0.6351513958463815 0.5087592668713413 0.5508422828144287 0.8946680206259779 0.5608463707105298 0.8968536040547235
0 0.7198870687500001 0.2393690609375001 0.7143620054328557 0.2371350630890508 0.70628987421875 0.25709884062500016 0.7118149375358944 0.25933283847344946
1 0.6553210954975703 0.12844448909724399 0.5678329638114539 0.12227111449527536 0.5631142697304655 0.18914373372890436 0.6506024014165821 0.19531710833087298
0 0.6091872248380094 0.185840916572262 0.6033775894478611 0.1853536654097248 0.6013981294536018 0.2089553347749628 0.60720776484375 0.20944258593750006
0 0.60987709765625 0.30321065156250004 0.5995088981043317 0.2698062759623605 0.5924828218749999 0.2719870609375 0.6028510214269183 0.30539143653763956
0 0.6303080719224038 0.3507947961422354 0.6213272734374999 0.3320155953125 0.615702641358846 0.33470546948276464 0.62468343984375 0.3534846703125
0 0.7315045181481274 0.5903916808133076 0.6350924617232434 0.36463249137681675 0.6255330189542784 0.3687149189312936 0.7219450753791624 0.5944741083677845
0 0.762684278002849 0.7089767007962665 0.73424443515625 0.6095676851562499 0.7274253406779365 0.6115185542406159 0.7558651835245355 0.7109275698806324
0 0.8248007835937502 0.8984326570312501 0.7656641018380274 0.7233580987233155 0.7570043443659444 0.7262831914761275 0.8161410261216672 0.9013577497840621
0 0.69747541640625 0.34447449296875005 0.6965918796874999 0.321672346875 0.6906591136601763 0.32190222947496855 0.6915426503789263 0.3447043755687186
0 0.7027643031250002 0.39764628125000007 0.6955260190342697 0.3974968133734474 0.6946548329507263 0.43968576068450443 0.7018931170414566 0.43983522856105717
0 0.7108825859375 0.5429389484375 0.7049360045232376 0.45781187201012835 0.6978108857999532 0.4583095996468861 0.7037574672142157 0.5434366760742578
0 0.7149076890624999 0.6056601249999999 0.7136284640624999 0.59208482421875 0.707565821614892 0.5926561179167691 0.708845046614892 0.606231418698019
0 0.7151503008870927 0.6618040689886546 0.7143497367187501 0.6500604265625001 0.7090801022379074 0.6504196575738453 0.70988066640625 0.6621633
0 0.7229985303023383 0.7356528636236992 0.7153881484540152 0.7349614741391411 0.7054590095100008 0.8442552086790942 0.713069391358324 0.8449465981636524
0 0.741038875 0.9094740234375 0.7222941828125 0.7411006125 0.7135038625971128 0.7420792221614041 0.7322485547846128 0.9104526330989039
0 0.74466755625 0.60107947890625 0.7394489475087969 0.6004598785686109 0.7355581600087968 0.633230192631111 0.74077676875 0.6338497929687501
0 0.748274240625 0.55915069921875 0.7421227237364654 0.5585872904026321 0.7394619245177154 0.5876389325901321 0.7456134414062501 0.58820234140625
0 0.7514731210937502 0.5353791468750002 0.7450280114809649 0.5346421338969636 0.7436421192934649 0.5467616315532136 0.7500872289062502 0.5474986445312502
0 0.7658476705735071 0.44771899564295037 0.75830936640625 0.44636757656250003 0.7464265307735978 0.5126508122103225 0.753964834940855 0.5140022312907728
0 0.7721512484357396 0.3445057256665887 0.7642146231391211 0.34391509468472237 0.7581879123635139 0.42489923988811223 0.7661245376601323 0.4254898708699786
0 0.7800254823911025 0.23454926964873096 0.7709756129539186 0.23394812631186532 0.7645401503556587 0.330830338440837 0.7735900197928426 0.3314314817777026