1 0.1447723647126049 0.4296251384841899 0.08797835564700014 0.405358445557786 0.04731456860556775 0.5005283764946904 0.10410857767117251 0.5247950694210944
0 0.15643459773476434 0.4721429249463176 0.11609653882187362 0.4696181750624665 0.11567960227115263 0.4762795918045743 0.15601766118404334 0.47880434168842545
0 0.7948025940280827 0.4387566795544733 0.792815830282912 0.4172704072922412 0.18818809012481158 0.4731783125263296 0.19017485386998242 0.4946645847885617
0 0.29671684546905036 0.3129793597072293 0.2494463402159414 0.23328705182285897 0.24156245629436585 0.23796347776939414 0.28883296154747484 0.3176557856537644
0 0.32235558221211846 0.35431092430689143 0.30348285497253125 0.32671860432120126 0.30100521822742216 0.3284132701743616 0.31987794546700943 0.35600559016005173
0 0.35073672123483063 0.3964940605082874 0.3440886022993602 0.3859066350329063 0.3388343380957795 0.389205923743369 0.3454824570312499 0.3997933492187501
0 0.33618694761920687 0.37221301142149565 0.32354071777626475 0.35140361191802494 0.31659663834930185 0.3556236483715695 0.32924286819224396 0.3764330478750402
0 0.39140027521856285 0.4631712142929886 0.35759934087759176 0.4073841144951131 0.3500836823971314 0.411937788727106 0.3838846167381025 0.4677248885249815
0 0.47471313984374996 0.59284665078125 0.418229718743088 0.49861486582410475 0.40811766446120845 0.5046761265808218 0.4646010855618705 0.5989079115379671
0 0.6067527420064132 0.756103096002184 0.4934836295400805 0.6178288265728686 0.48256509187452484 0.6267728844652874 0.5958342043408575 0.7650471538946028
0 0.6483531008464831 0.7896258184724474 0.6102624389350119 0.7579796994185983 0.6034736009341615 0.7661510436716525 0.6415642628456328 0.7977971627255016
1 0.28184394683635505 0.22515722495061086 0.24792114205872018 0.16737892979765848 0.1858441354495713 0.2038255949477378 0.21976694022720614 0.2616038901006902