1 0.7922532168028347 0.32191583001182966 0.7169621910966081 0.30150324811679013 0.7016856537736914 0.35785017033349165 0.776976679479918 0.37826275222853123
1 0.6259949272681652 0.1959381562577503 0.6073380068028749 0.1398491428500495 0.5547365295259803 0.15734600218644604 0.5733934499912707 0.21343501559414682
1 0.5644154203527181 0.16520316316468525 0.5247792805785011 0.12551684272839309 0.47005684151331567 0.18017008897871242 0.5096929812875327 0.21985640941500462
1 0.5115771138195505 0.2304478681844718 0.4683680541986222 0.21643132126916517 0.4478648465129291 0.27963692594943934 0.4910739061338575 0.29365347286474597
1 0.47015265151554386 0.20318231842638093 0.40391594154187394 0.1998196346497607 0.4007136800364643 0.2628964151868974 0.4669503900101343 0.2662590989635176
1 0.42029891872707353 0.2586057771804063 0.3972827217238847 0.20272097514181392 0.34755062771750234 0.22320317479676755 0.3705668247206912 0.27908797683535985
1 0.2781684670068293 0.10074274257269203 0.18858959393612196 0.09859063559001265 0.18699582200875678 0.16492948135099622 0.2765746950794641 0.1670815883336756
1 0.33191148015047556 0.1808440564338038 0.2922942768235054 0.14630851464307618 0.24444545134733153 0.2011979575055376 0.2840626546743017 0.23573349929626525
1 0.37460931710452283 0.20901008875805624 0.34771522833522645 0.16915714957419858 0.2891181744883023 0.20870039030001025 0.3160122632575987 0.2485533294838679
0 0.7296496608631802 0.3688722447773225 0.7260175282803644 0.36500220092476654 0.6971944150734342 0.3920534108349441 0.7008265476562501 0.3959234546875
0 0.6877646524529073 0.4107412229237711 0.6809711117179605 0.4031417101195105 0.6257931295775533 0.45246774969573933 0.6325866703125 0.46006726249999996
0 0.614701858712254 0.48940744521141977 0.6077653648437499 0.4820735195312502 0.5085375134450386 0.5759241273541634 0.5154740073135426 0.583258053034333
0 0.5167174849609574 0.5895335264294063 0.5100201765625 0.5830875789062498 0.4046757996124729 0.6925398786563124 0.4113731080109303 0.6989858261794687
0 0.38581322578125 0.725530575 0.38137828864756196 0.7205863183659444 0.3643172911876512 0.7358898223652202 0.36875222832133925 0.7408340789992758
0 0.33913101382057487 0.7755362175217757 0.3341968609375 0.77050073046875 0.24628099055756256 0.8566473813756478 0.2512151434406374 0.8616828684286734
0 0.5949684304687499 0.2322864375 0.5858379125 0.20881160078124994 0.580630328065584 0.21083708636063375 0.589760846034334 0.2343119230793837
0 0.6482387704211963 0.3756026947713208 0.6129093753310937 0.28627370645928385 0.6045824904718666 0.28956696893342954 0.6399118855619694 0.37889595724546643
0 0.69829761171875 0.5233840414062501 0.6963001363389836 0.5137275180992316 0.6917415015625 0.5146704828125 0.6937389769422665 0.5243270061195184
0 0.7348899621411136 0.6396852422725167 0.7066410367187499 0.5520490421875001 0.6990829312095591 0.5544853454349749 0.7273318566319228 0.6421215455199916
0 0.7924513196927647 0.8325899188687107 0.753579842503145 0.7112967047171962 0.7452982883486745 0.7139507381325195 0.7841697655382942 0.835243952284034
0 0.5344055937500001 0.23665196015625 0.52951460913579 0.2024309060345156 0.5246071281250001 0.20313229921875003 0.52949811273921 0.23735335334048444
0 0.5443994429687501 0.316999671875 0.5398919382812501 0.26608267109374995 0.5312203732434517 0.26685033453535295 0.5357278779309517 0.317767335316603
0 0.54767412734375 0.33553688984374996 0.5470629497196569 0.3296494751755726 0.5424058683179986 0.33013293083594225 0.5430170459420917 0.33602034550411963
0 0.5507641492187499 0.3945304578125 0.5482273314468518 0.3435521499822334 0.5432362003587111 0.3438005220954943 0.5457730181306093 0.3947788299257609
0 0.5515529723764969 0.39531754688518594 0.5435792523103895 0.39522767526072144 0.5430828780692037 0.4392677075937993 0.5510565981353112 0.4393575792182638
0 0.5539063828369896 0.47429498570701634 0.5454365398736102 0.47416673328497927 0.5443480870399638 0.5460486083217337 0.5528179300033432 0.5461768607437708
0 0.5831667441520214 0.8753126297762777 0.5541463671875001 0.6224846937499999 0.544305481720965 0.6236142611957186 0.5733258586854862 0.8764421972219962
0 0.48271358934843 0.3079713763339563 0.482645465625 0.29182672500000006 0.4799433697678854 0.29183812672228215 0.4800114934913154 0.30798277805623847
0 0.48255457798660456 0.40370401883788676 0.4773323482753936 0.40298924643985057 0.47225606482003907 0.4400773018207137 0.47747829453125 0.44079207421875
0 0.4592448419246165 0.7698807121658795 0.45403962578124996 0.76860496484375 0.450820024086788 0.7817413613891486 0.4560252402301545 0.783017108711278
0 0.4486245188100956 0.8276350472467291 0.44287099765625015 0.8264730140625002 0.43046232259615475 0.887911512909521 0.43621584375000017 0.8890735460937499
0 0.43049431216240086 0.9101495965700096 0.4253470054687501 0.908927184375 0.4158291745019578 0.949004660077887 0.42097648119560854 0.9502270722728964
0 0.4366781094884581 0.9343827304008008 0.4291956703254405 0.7884074352026322 0.41919210422929487 0.7889202005621817 0.42667454339231237 0.9348954957603501
0 0.422328663131339 0.6826706872824573 0.41773575502814186 0.6468410402078787 0.4110610754905529 0.6476966498004215 0.41565398359375 0.6835262968750002
0 0.4146358595627017 0.624152285581854 0.4111281476747141 0.5817144491446167 0.4028445762002808 0.5823991301881198 0.4063522880882683 0.6248369666253573
0 0.40934719204770575 0.5393863259502607 0.40151818776838255 0.4799154953665772 0.39577062187499995 0.48067213046874996 0.4035996261543232 0.5401429610524335
0 0.38743680372438744 0.33423443352411014 0.3864358031981149 0.31214254642549705 0.3815384171875 0.31236445078125 0.38253941771377253 0.3344563378798631
0 0.44339822578125 0.46987606640625 0.43385615703124997 0.38455506406250006 0.42349664274295823 0.38571364395303187 0.43303871149295825 0.4710346462967818
0 0.4808149317152813 0.569416598006686 0.48014411490465114 0.5357896274116654 0.47523778135797834 0.5358875027469522 0.4759085981686084 0.5695144733419728
0 0.4513585165952995 0.5543399521331955 0.4462965488160694 0.48485667619126654 0.43914981214987464 0.48537732738740696 0.4442117799291048 0.554860603329336
0 0.45692174350698556 0.6465913172167934 0.4559175720153485 0.6209800845235826 0.448220115625 0.6212818882812501 0.4492242871166371 0.646893120974461
0 0.35729473052660343 0.45530044671649766 0.3571166454380028 0.4475203490135586 0.3522590609374999 0.44763153828125 0.35243714602610055 0.455411635984189
0 0.42283078327665236 0.889960071541411 0.3626131704442192 0.4995358680402912 0.35179556706642723 0.5012043359429909 0.4120131798988603 0.8916285394441106
0 0.31115656640624995 0.24330048125 0.3037140442274497 0.22288466584139863 0.29813135234591653 0.22491981884969894 0.3055738745247168 0.24533563425830027
1 0.4587455483777039 0.118525613290245 0.3710227932760511 0.11847012276496224 0.3709804072928812 0.18547643064205557 0.458703162394534 0.18553192116733833
0 0.4192918712028213 0.2023701599140597 0.418098838307412 0.17876746481069386 0.41212861554209057 0.17906923849038411 0.41332164843749986 0.20267193359374996
0 0.423647840625 0.26609121328125 0.41703017436719164 0.26301810248333457 0.4021307770075304 0.29510260761591567 0.40874844326533877 0.29817571841383117
0 0.3955368210460245 0.3264815399794571 0.39016662450699424 0.3236914503880753 0.38047047924221983 0.34235400728361814 0.38584067578125003 0.34514409687500003
0 0.38571831732791606 0.36131772582198096 0.3750931226330834 0.3556433440453698 0.25948550608641746 0.572116870567139 0.2701107007812501 0.5777912523437502
0 0.2654470981961668 0.5954586480558091 0.2586831171875002 0.59296071796875 0.22286527936863534 0.6899494912068126 0.22962926037730194 0.6924474212938716
0 0.22944458009254406 0.7086343384148612 0.21949238438685986 0.704146295545414 0.14348944505095895 0.8726821470247652 0.15344164075664316 0.8771701898942125
0 0.3222548260464694 0.30908964984979 0.3163265171875 0.30839318828125006 0.31366410075036455 0.3310557839843048 0.3195924096093339 0.33175224555284466
0 0.31029958915846423 0.42616177394090693 0.30950305949991946 0.38366463842616827 0.3020258845628695 0.3838047841448703 0.3028224142214143 0.42630191965960884
0 0.30557667367288055 0.44468596771051716 0.2989005992071382 0.44365962548607235 0.28593216266708266 0.5280157456802824 0.292608237132825 0.5290420879047273
0 0.28604343241901703 0.577652134613233 0.2799274084977418 0.5768912355788679 0.2782453375 0.59041153984375 0.2843613614212753 0.5911724388781152
0 0.280916811211746 0.6354562902039628 0.2756891689371521 0.6347404750412559 0.2740910100691563 0.6464119278060433 0.2793186523437501 0.6471277429687501
0 0.2710288723421753 0.8290408663125926 0.2679447471181526 0.7193495455326496 0.2605782671317601 0.7195566644421199 0.2636623923557828 0.8292479852220627
0 0.26973239816724615 0.7264909050592487 0.26079137997527624 0.7248928865489106 0.2309848195312501 0.8916625437499999 0.2399258377232199 0.8932605622603381
0 0.25465638419769127 0.5838391162840921 0.2488774937500001 0.5837661085937501 0.24846139025351097 0.6167025911731392 0.25424028070120214 0.6167755988634813
0 0.25501107678752416 0.5706731881946852 0.25415609444765014 0.5415133687003006 0.247977194222626 0.5416945375368656 0.24883217656250003 0.57085435703125
0 0.2537020518664092 0.5295753995240001 0.2530224721510089 0.5173966998581354 0.24652905309709974 0.5177590370528853 0.2472086328125 0.5299377367187499
0 0.252143486727758 0.4955811735874976 0.24606107109375 0.42847947187499996 0.23876374570042974 0.42914093596497116 0.2448461613344377 0.4962426376774688
0 0.24739439304753366 0.3259058579787811 0.23958093533177877 0.3258783501720621 0.2392949811793641 0.40710222604711727 0.24710843889511896 0.4071297338538362
0 0.24838579436423475 0.2157139100551968 0.23917412561032897 0.21563460611798937 0.23833815421323795 0.31273812794690947 0.2475498229671437 0.3128174318841169