1 0.9350144987836734 0.5552190357240336 0.8691884948799536 0.5396368562198106 0.8474323549550571 0.6315443940092452 0.9132583588587767 0.6471265735134681
0 0.8745023884502556 0.5897378609340047 0.8353584249034801 0.5796738951295609 0.8336964642413397 0.5861381189593239 0.8728404277881152 0.5962020847637677
0 0.8048302628118791 0.5708401274659012 0.24652020811761508 0.33208866381177177 0.2382006035231324 0.3515437022232188 0.7965106582173963 0.5902951658773482
0 0.8266746224109272 0.3308696258114028 0.8208575952724495 0.32379626012161844 0.7494110124498864 0.3825528308204284 0.755228039588364 0.38962619651021274
0 0.7426003894239294 0.3989211449030504 0.7405200193611658 0.39589313293126455 0.7130261783747363 0.4147825442782141 0.7151065484375 0.4178105562500001
0 0.6874630609374999 0.44436943750000013 0.683467801236741 0.4396491843594907 0.6739252145179909 0.44772610545324076 0.6779204742187499 0.4524463585937502
0 0.7190898708840449 0.4199688210936734 0.7139685744042598 0.41335887989307574 0.6949769746139649 0.4280733244244024 0.70009827109375 0.4346832656250001
0 0.6698268342928126 0.4626427972861931 0.6640916512677099 0.45591569791880326 0.6144646870556564 0.4982251253840895 0.6201998700807592 0.5049522247514793
0 0.58559414296875 0.5324431226562502 0.57761637502313 0.5234164682048675 0.4953580406250001 0.5961164820312501 0.5033358085706202 0.6051431364826328
0 0.4769450277604109 0.6250505935716796 0.4687112726004493 0.612533908751217 0.3194075835690741 0.7107492139695492 0.3276413387290358 0.7232658987900117
0 0.3185898176314541 0.7191802570382811 0.3142135287491016 0.7095054974685315 0.2693408903838638 0.7298032244542887 0.27371717926621636 0.7394779840240383
1 0.8882442335867209 0.324508637694977 0.8493580202421043 0.26349406507348366 0.7922651619859667 0.29988086532815006 0.8311513753305831 0.3608954379496434