1 0.33822656090712544 0.3084408952274698 0.32774867954204767 0.24697065571588567 0.2541235936988651 0.2595203858143531 0.2646014750639428 0.32099062532593725
1 0.42183348940251353 0.14737085826906976 0.3925662043694488 0.1188737651272818 0.3398421815974597 0.1730227618295041 0.3691094666305244 0.20151985497129207
1 0.48759840425118356 0.14090564649883702 0.41033453835063227 0.13507441103138862 0.40550641897319284 0.19904698943484034 0.4827702848737442 0.20487822490228877
1 0.5275863464465502 0.1546007891837397 0.4988131335537478 0.1345846419895108 0.46790257543211694 0.1790185712986169 0.49667578832491943 0.19903471849284576
1 0.6045667966574735 0.20002102074982422 0.5703096681022806 0.13046866702003573 0.5166259931030035 0.15690987938949988 0.5508831216581965 0.2264622331192884
1 0.7219014062187454 0.1720422371979196 0.6475351920312534 0.1348591576041721 0.6154225364895859 0.1990845161874986 0.6897887506770778 0.23626759578124606
1 0.6103278500302797 0.24161721745616743 0.5626328023907863 0.2277702682515938 0.5431108241622719 0.29501263824011115 0.5908058718017652 0.3088595874446848
1 0.6569743091493936 0.3041114457358971 0.5921871752293603 0.26264767910709835 0.5601557124055832 0.3126968386587842 0.6249428463256165 0.354160605287583
1 0.7295089456650292 0.29620860252716874 0.6627952036714032 0.26161629247294765 0.633782642245251 0.3175690904943785 0.700496384238877 0.35216140054859957
1 0.9067604480893715 0.20972233077834407 0.8173497919513814 0.17705305264744445 0.7953083428087535 0.23737701885747597 0.8847189989467437 0.27004629698837557
0 0.4562125532919977 0.2332724531435081 0.452629225 0.199138028125 0.4462723548834802 0.19980535304770575 0.44985568317547797 0.23393977806621385
0 0.4823761351357362 0.38876789832517106 0.4586589984155662 0.24989549209024764 0.4425858254436232 0.25264052727209396 0.4663029621637932 0.39151293350701727
0 0.4881930333259749 0.45190500667269157 0.4767158543404063 0.40058494732745126 0.46929063903433044 0.402245516823307 0.48076781801989893 0.4535655761685473
0 0.4985242159790385 0.5274844478341546 0.4856077460937499 0.45811443671875 0.4790113473022113 0.4593426646658455 0.4919278171874999 0.52871267578125
0 0.5066320421875001 0.6075147890625001 0.5056092126111098 0.6020045004308697 0.4992468883923598 0.6031854863683697 0.5002697179687501 0.608695775
0 0.530605041668681 0.7012167746171756 0.5100218194578283 0.6305086719003783 0.4977065668516472 0.6340936582207026 0.5182897890624999 0.7048017609375
0 0.53670457734375 0.7727404929687501 0.5319450703124999 0.7473401406250001 0.525444796730619 0.7485581590760562 0.530204303761869 0.7739585114198062
0 0.5509049296875 0.8281422539062501 0.547853345253487 0.820663764666886 0.5415273538503079 0.8232450743776802 0.5445789382843209 0.8307235636170442
0 0.6012419015624999 0.9269573945312498 0.5655552821121708 0.8600743691430944 0.5594074849023739 0.8633546349236951 0.5950941043527032 0.9302376603118505
0 0.5274690140625 0.7725369718749999 0.5210570421875 0.75851338046875 0.5143897848489694 0.7615618339853716 0.5208017567239693 0.7755854253916215
0 0.50310352109375 0.7211890843750001 0.48897464059314544 0.69253941275923 0.4830500181926503 0.6954612012889709 0.49717889869325493 0.724110872904741
0 0.481588028125 0.67436056328125 0.4811812400125608 0.6684339785452748 0.47218063359375 0.6690517609375001 0.4725874217061892 0.6749783456734754
0 0.4716326175900634 0.6506429175816522 0.42891805445849496 0.5429743527972626 0.4189703932729277 0.5469208157465297 0.46168495640449614 0.6545893805309194
0 0.417978249234168 0.5337894405277062 0.41547465515067455 0.5322414397509141 0.4119953496665065 0.5378685484419581 0.41449894374999996 0.53941654921875
0 0.4116623242187501 0.5219869718750001 0.3856006158693687 0.4609575361898357 0.37899873355345964 0.4637767713595947 0.405060441902841 0.5248062070447591
0 0.3714466868484059 0.42045120281122517 0.33867746484374994 0.36354753515625005 0.3310724066297827 0.3679270743185212 0.3638416286344387 0.4248307419734963
0 0.3282035391653687 0.3457168702286326 0.31047517650290785 0.3098855859989539 0.3056095868865014 0.31229294981916855 0.3233379495489622 0.3481242340488473
0 0.39172253515625 0.2465869718750001 0.3873851793025153 0.24608232496885424 0.3841957425837653 0.27349500075010413 0.3885330984375 0.27399964765625
0 0.3866456941148999 0.2979956779579892 0.3797760472835381 0.29734647492854405 0.37469237718069365 0.35114015214465627 0.38156202401205547 0.35178935517410137
0 0.3838791665263865 0.35201350120388825 0.37671022432995666 0.35073289100769856 0.35756553199219754 0.45790616914197385 0.36473447418862737 0.45918677933816354
0 0.36142864419015275 0.4997087665663793 0.35376552410361056 0.49954143976545373 0.3533471828125 0.51870035234375 0.36101030289904223 0.5188676791446756
0 0.3489919015625 0.5758859156249999 0.34231971796875005 0.5753021125 0.340469755575726 0.5964450084510793 0.347141939169476 0.5970288115760793
0 0.3434715369218375 0.6166280618370438 0.3380830984375001 0.6160045773437501 0.3356817524893893 0.6367581086026451 0.3410701909737267 0.6373815930959389
0 0.33783908437500015 0.6576570421875 0.3287128680345891 0.6562047930673962 0.29616894167079544 0.8607171652567992 0.30529515801120644 0.8621694143769029
0 0.5464173084071957 0.20621811815831598 0.5407440676159928 0.20383723174409552 0.5276139020888088 0.23512414665912512 0.5332871428800117 0.23750503307334564
0 0.50116161953125 0.3203038734375001 0.49521697332897563 0.3181945278823129 0.4760934109309815 0.3720893543149127 0.4820380571332559 0.3741986998700999
0 0.45786873723910687 0.4911319185423021 0.45443485279529544 0.4877031745571478 0.4488669907156974 0.49327938411470074 0.45230087515950884 0.496708128099855
0 0.43144021940643096 0.5285903756270185 0.4219110996792496 0.5218191682789908 0.18703179973641254 0.8523647941257206 0.1965609194635939 0.8591360014737484
0 0.5966394367187501 0.33108168984375014 0.5919215282847774 0.32650212199282347 0.5664685783601817 0.3527239601722565 0.5711864867941544 0.35730352802318316
0 0.5566683762478535 0.38066302052619705 0.550974760226944 0.3743492115298692 0.5291817866071445 0.39400150443532694 0.534875402628054 0.4003153134316547
0 0.5195583166228734 0.41790010374255226 0.5155062870400166 0.4146532743296647 0.4886049296875 0.44822605625000006 0.49265695927035696 0.4514728856628876
0 0.5704329060766017 0.30420405257946637 0.564766771884962 0.3026590918986818 0.5600180204958605 0.3200751096317155 0.5656841546875001 0.3216200703125002
0 0.5421806774989685 0.4285142362482343 0.5371212513827999 0.4280427925783833 0.53536161953125 0.44692676093749995 0.5404210456474187 0.4473982046073511
0 0.41924199930012274 0.6290347100253527 0.41122943790038635 0.6258675325870273 0.3344739951367778 0.8200491690388677 0.34248655653651416 0.8232163464771931
0 0.3390876757812501 0.8363383804687501 0.33306558222620936 0.834268755835516 0.32939714940755466 0.8449429840407529 0.3354192429625954 0.8470126086739869
0 0.4930611859727832 0.19790726475958806 0.48788239453124993 0.19371267578125 0.47686803980846665 0.20731139695916206 0.4820468312499999 0.21150598593750009
0 0.40368838046875 0.32959683125000006 0.39929677254303625 0.3253783160427086 0.38530398184855325 0.33994525428925837 0.389695589774267 0.34416376949654975
0 0.30803168984375 0.47033556328125015 0.302508277497665 0.4681926137697207 0.29844683125000004 0.47866091562500007 0.30397024359608504 0.4808038651365295
0 0.2926549670998592 0.5048681509756794 0.28663626796874997 0.50104154921875 0.23735614573408031 0.5785521572504483 0.24337484486518957 0.5823787590073778
0 0.20383204218750003 0.6543894367187502 0.19537732739808575 0.6495550701875539 0.13607270930132415 0.7532715816410595 0.14452742409073843 0.7581059481722556
0 0.6642454866556812 0.20799045116123333 0.6588354677146098 0.2062943309473611 0.6411604037151785 0.2626714852548778 0.6465704226562499 0.26436760546875004
0 0.6048640627597794 0.3837264056150402 0.595748958533676 0.38097677946928477 0.567645775 0.47413978906250004 0.5767608792261034 0.4768894152082555
0 0.5679918808120814 0.485862224581306 0.5626813382812501 0.4834056335937501 0.5565482605941687 0.4966638316686941 0.561858803125 0.49912042265625
0 0.5583320421875001 0.5079760562500001 0.5529225030342164 0.5059606327102546 0.548140140625 0.5187968312500001 0.5535496797782837 0.5208122547897455
0 0.5461591546875001 0.5474528171875 0.5404305859754087 0.5449220788701391 0.5336275213001713 0.5603214677273555 0.5393560900122626 0.5628522060447165
0 0.5108462979899897 0.6934038615808338 0.5050829496361412 0.6907299087571159 0.49519932742740147 0.7120327370200323 0.50096267578125 0.7147066898437501
0 0.4686239437500001 0.7744573945312502 0.4621463534437805 0.7722858423719247 0.45169642533290577 0.8034572571321009 0.45817401563912535 0.8056288092914266
0 0.6714550372624211 0.3346481775411668 0.6659021755642902 0.33210754340918175 0.6578589141823341 0.34968705928422944 0.663411775880465 0.35222769341621446
0 0.645115140625 0.3935598593750001 0.6391920861121294 0.39055384070696453 0.6245135650183794 0.41947637586321457 0.6304366195312501 0.4224823945312501
0 0.6000242960937501 0.5038200703125001 0.5914095559292523 0.4987583164112869 0.5689478794940921 0.5369864701153915 0.5775626196585899 0.5420482240166046
0 0.5441329053703535 0.624777666747097 0.5376901406250001 0.6214563382812501 0.5270858442477563 0.6420267177396892 0.5335286089931097 0.6453480462055362
0 0.8043993776013547 0.28488134482455496 0.7958142244323819 0.2797895237310282 0.7456768942099925 0.3643244379662916 0.7542620473789653 0.36941625905981834
0 0.7453567165324557 0.3741770308103025 0.7395017496005714 0.3709503226089744 0.7252573572868656 0.3967972355486719 0.7311123242187499 0.40002394375000005
0 0.7270250711717414 0.41151205141343566 0.7218863030312035 0.4083010170818663 0.700913344359462 0.44186502191843074 0.7060521124999999 0.44507605625000013
0 0.688180200659631 0.4754715177229742 0.682095775 0.470925 0.6406729053289867 0.5263595955473361 0.6467573309886178 0.5309061132703103
0 0.6361801185007944 0.5479290639886308 0.6300371863998336 0.5435486876724488 0.6214535468052892 0.5555861729025681 0.62759647890625 0.5599665492187501
0 0.62022253515625 0.5722228875 0.6126440025047784 0.5677123399178688 0.5817735505048647 0.6195802615364887 0.5893520831563362 0.6240908091186199
0 0.5234542305489013 0.7104063656787707 0.5126973046921319 0.704321514323831 0.44947389636173485 0.8160891609188836 0.4602308222185041 0.8221740122738233
0 0.4668549864323655 0.8094857675894321 0.45659897542077876 0.8052389458999659 0.4014306047976426 0.9384697377661769 0.4116866158092292 0.9427165594556431
0 0.4720375924305154 0.8012893187378914 0.46474301973587356 0.8008334204236173 0.45498183589910834 0.9570166368419761 0.4622764085937502 0.9574725351562503