1 0.8199218921348035 0.2162909847455332 0.7626315285101704 0.1715308258731881 0.7210904210328956 0.22470099355580225 0.7783807846575285 0.26946115242814733
1 0.480245630169118 0.12247632738811923 0.39980002868553527 0.106355945608772 0.3870273945120026 0.17009526969450753 0.46747299599558534 0.18621565147385474
1 0.9442765227011043 0.4423973545308922 0.8679186904099334 0.42862616581392 0.8533535840073508 0.5093860751324805 0.9297114162985217 0.5231572638494526
0 0.7620769605146049 0.24339461459531542 0.7548521992351336 0.23866118683243184 0.7056945450415024 0.313691869542467 0.7129193063209739 0.3184252973053505
0 0.7060729915475623 0.332075179724945 0.7013201697283012 0.32801577227444956 0.6653381500557389 0.3701441198932547 0.6700909718749999 0.3742035273437502
0 0.6629858460937501 0.39208475078125005 0.6565348690894192 0.38867254697077036 0.6513384651831692 0.39849666181452037 0.6577894421875001 0.4019088656250001
0 0.6473425382812499 0.41844684453125003 0.6395095242415765 0.4138942658689265 0.6098683906249999 0.4648938054687501 0.6177014046646734 0.46944638413107354
0 0.5896681177396232 0.5055674731614828 0.5801293953498463 0.4998411554638242 0.52426293984375 0.5929017640625001 0.5338016622335269 0.5986280817601586
0 0.516165939815324 0.630160739110923 0.5043748337444112 0.6191507736967454 0.38354176489509767 0.7485567689091848 0.39533287096601055 0.7595667343233623
0 0.38982928523137905 0.7655162282261686 0.38319401891908866 0.756895622548426 0.3459390489487038 0.7855707129597784 0.35257431526099425 0.794191318637521
0 0.8825905441209168 0.48305997168202597 0.8825515026339821 0.4774255452213456 0.8431398858568153 0.47769863213306973 0.84317892734375 0.48333305859375003
0 0.8116565312979015 0.4785550604978231 0.6307707526676356 0.46615736186541257 0.6300514574667097 0.4766520735326547 0.8109372360969754 0.4890497721650652
0 0.5478097783070494 0.46060122891722755 0.2092764101352736 0.41260409034978335 0.20749519179177994 0.4251673777304452 0.5460285599635557 0.4731645162978893
0 0.45764611315459547 0.1912457586010225 0.45140682148697103 0.17208054405631634 0.4465375502070764 0.17366574956774858 0.45277684187470096 0.19283096411245473
0 0.47336316024195657 0.23643813231681837 0.4673914170628529 0.22286705542250135 0.4633892031249999 0.22462816796875001 0.46936094630410363 0.23819924486306704
0 0.5197892370517833 0.3190329184416902 0.484591842927772 0.2550304486306192 0.47844788513372266 0.25840924486452704 0.513645279257734 0.32241171467559804
0 0.6061727612627138 0.4813920893676489 0.5500307064490008 0.3843808045408211 0.541948972607716 0.3890578392292821 0.5980910274214291 0.4860691240561099
0 0.750089924250911 0.7448354275820657 0.6468926871338215 0.5519684820219288 0.6351604500000001 0.5582460453124999 0.7383576871170897 0.7511129908726368