1 0.7652794238541766 0.2800099893900797 0.6919995482074088 0.2636371854760702 0.6784375694767006 0.32433663073480423 0.7517174451234684 0.3407094346488137
1 0.673245248137671 0.20251578217967844 0.6554931551597567 0.13772785796350473 0.610697135130716 0.15000210694148816 0.6284492281086302 0.21479003115766188
1 0.6211296184901596 0.1442779232909799 0.5436515390129352 0.14335297863098417 0.5428857076122897 0.20750292045089752 0.620363787089514 0.20842786511089328
1 0.5573610412547992 0.18696975577270794 0.5334021671331485 0.1365710307429169 0.5024682570646697 0.15127659436546997 0.5264271311863206 0.201675319395261
1 0.5124222554070798 0.1558124857046422 0.45983887328593465 0.12582535134392683 0.4216711774081915 0.192753605070374 0.47425455952933665 0.2227407394310894
1 0.4096906518137596 0.19595693893000474 0.398818095691542 0.1294245519587669 0.3123125222171614 0.14356107621861977 0.32318507833937904 0.2100934631898576
1 0.4755707225320419 0.29110286993378925 0.4604683226232337 0.22283812849618165 0.41203138815748097 0.23355396714514395 0.42713378806628927 0.30181870858275156
1 0.45309664557523466 0.3127077640935165 0.4331851660922025 0.25776814341457144 0.3605327709552787 0.2840991711370909 0.3804442504383109 0.3390387918160359
1 0.38267515533701424 0.30642364527408106 0.35845409822979685 0.24822855077661782 0.2890691508656671 0.2771068744051002 0.3132902079728845 0.3353019689025635
1 0.22749956270032845 0.21484531240215485 0.21632757568902777 0.15309491919006754 0.12187864696258414 0.17018278130843456 0.13305063397388484 0.23193317452052184
0 0.579723481966423 0.20592424953596158 0.57341236328125 0.2044115335937501 0.5654674678555993 0.23755799326499966 0.5717785865407722 0.23907070920721116
0 0.5680325381317299 0.25572968497414983 0.5554341592597234 0.2535557573756531 0.5314307745971512 0.3926605437534077 0.5440291534691577 0.3948344713519044
0 0.5379463125000001 0.4049239671875002 0.5307407957140813 0.4028347679524863 0.5161247367864193 0.4532446360886631 0.5233302535723382 0.455333835323677
0 0.5236128289615175 0.4610168591134503 0.5174277397752304 0.45937989697253184 0.4993539022199629 0.5276699902028315 0.50553899140625 0.52930695234375
0 0.49099896171874996 0.6026480164062502 0.4846459742295732 0.6018088437432605 0.4839048601670732 0.6074194749932603 0.49025784765624997 0.60825864765625
0 0.48493321189774985 0.6315018759402133 0.47577408478311123 0.6287896365167001 0.45477103226036136 0.6997161285452368 0.463930159375 0.7024283679687501
0 0.45291783025033594 0.7453528716914807 0.44653871087404295 0.7435924799962719 0.43966419453125 0.7685036179687501 0.4460433139075429 0.7702640096639589
0 0.43021130150266285 0.8182475261393215 0.42387151699246656 0.8153919459363171 0.4206892968749999 0.82245691640625 0.4270290813851962 0.8253124966092542
0 0.4084352358895732 0.8562438599296428 0.40253501492502786 0.8525010473097876 0.36193156562500006 0.9165088796875 0.3678317865895454 0.9202516923073553
0 0.462680541070451 0.7596461181522793 0.4564921601562501 0.7556944171875002 0.44820449064039014 0.7686729437289233 0.45439287155459107 0.7726246446937022
0 0.5000765362366735 0.6965158406442905 0.4944212989312822 0.692694223695437 0.476454154915033 0.7192820435821241 0.4821093922204242 0.7231036605309776
0 0.5129796734375 0.67083308515625 0.5037315378327519 0.6698404933278088 0.5031105309536991 0.675626512983019 0.5123586665584472 0.6766191048114603
0 0.5766251304649056 0.5538801357669765 0.5674274095943806 0.5491021468970987 0.5140409907985362 0.6518720343400725 0.523238711669061 0.6566500232099504
0 0.5842225161729034 0.5446588372968393 0.5803613453125 0.54000548203125 0.5778791494520966 0.5420651103594107 0.5817403203125 0.5467184656249999
0 0.6232826910428583 0.47417295686053934 0.6165116943237012 0.47067673298749846 0.5860852335937501 0.5296024406250002 0.592856230312907 0.533098664498041
0 0.6802093430831391 0.38387037307795013 0.6726012703124999 0.3781269632812501 0.6332229686356108 0.43028987614079994 0.6408310414062499 0.4360332859375
0 0.71005958971592 0.33001591905070216 0.7058043680296697 0.327266582014569 0.6841182798762497 0.36083071452636695 0.6883735015624999 0.3635800515625001
0 0.6351426680298912 0.2843386614173732 0.6336661315687337 0.2567892166360669 0.6292634283825927 0.25702518334369373 0.6307399648437502 0.284574628125
0 0.6377077707163944 0.3086343882824857 0.6306243273336218 0.3085851092875723 0.6302482512238778 0.3626429048182823 0.6373316946066505 0.3626921838131957
0 0.6457738086344685 0.4704383975586137 0.6340653358264533 0.3621283516878938 0.6268825043176354 0.3629048261758276 0.6385909771256506 0.4712148720465475
0 0.6444649156250001 0.53141082734375 0.6442227262133959 0.511846286727186 0.6370877415062207 0.5119346106894962 0.6373299309178247 0.5314991513060603
0 0.6505172492187499 0.5887583070312501 0.6438235558516698 0.5885950683811157 0.6433059753829199 0.6098187488498656 0.6499996687499999 0.6099819875000001
0 0.65119029375 0.6296751328124999 0.6459048902248277 0.6295478680587386 0.6454013066310778 0.6504620836837388 0.65068671015625 0.6505893484375
0 0.66833975703125 0.87734112421875 0.6593920849193065 0.6706885844850448 0.6478031281250001 0.67119036484375 0.6567508002369437 0.8778429045774553
0 0.49470367656249997 0.23400507734375003 0.48535407704636535 0.20149667098006016 0.4794070355097294 0.2032070733926333 0.48875663502586403 0.23571547975632318
0 0.5351550770483808 0.37458953390039246 0.5203872029980824 0.31931469763012554 0.5141417037264768 0.32098331852252093 0.5289095777767754 0.37625815479278785
0 0.5515212360361118 0.49775667869152346 0.5464550992187501 0.49172826796875013 0.5427446472467706 0.4948464459112857 0.5478107840641323 0.5008748566340591
0 0.7802369092589755 0.8788100169301991 0.5761617965471977 0.5284009624186831 0.5658727969246626 0.5343931841681677 0.7699479096364404 0.8848022386796839
0 0.44579896484374987 0.3481598906250001 0.4237609660584393 0.3192531853621831 0.41845050624999997 0.32330179296875006 0.4404885050353104 0.352208498231567
0 0.47835185 0.39355218750000015 0.46089888034247506 0.37042765682431067 0.45483769400249957 0.375002266478612 0.47229066366002453 0.3981267971543015
0 0.5158641054687501 0.44941621718749997 0.49152754921874997 0.41393583828125 0.4873624416886383 0.4167927517872106 0.5116989979386382 0.45227313069346053
0 0.45599042592929406 0.3152527982785405 0.4520834921875 0.29787295703125 0.4462056951644559 0.2991942673464595 0.45011262890625003 0.31657410859375
0 0.4693985796875001 0.44404675234375013 0.46912079111395605 0.4250391741989426 0.4640641237227484 0.4251130754824616 0.4643419122962925 0.44412065362726916
0 0.6367052713585588 0.8333490887785793 0.5774712602535226 0.633131920155595 0.5692855785599183 0.6355536443447642 0.6285195896649546 0.8357708129677484
0 0.6394842038791146 0.8586345953437601 0.6373460466242404 0.8478249571081147 0.6309861828125001 0.84908294453125 0.6331243400673742 0.8598925827668953
0 0.5467657692065956 0.21234710175911245 0.53876619375 0.19593431015625 0.5332535659141422 0.19862115852453022 0.5412531413707378 0.21503395012739263
0 0.6267726634034546 0.35190590612612577 0.6168770645710037 0.3350663372737073 0.6107967398437499 0.33863937734375005 0.6206923386762009 0.35547894619616854
0 0.7026460218749999 0.49630863359375005 0.6985571668620439 0.48540445502805 0.6933940382064627 0.4873405279159534 0.6974828932194187 0.4982447064816534
0 0.7535364022066741 0.6018001253536656 0.71246104140625 0.51963346015625 0.7067183272003541 0.5225042601018746 0.7477936880007781 0.6046709252992901
0 0.8409406055873976 0.7836192536707046 0.7882000104262652 0.6763619529852604 0.7801127937756364 0.6803386018159265 0.8328533889367687 0.7875959025013708
0 0.37946901812046324 0.251461575947577 0.36743492072826733 0.19358689117015276 0.3619801038160689 0.1947211314382501 0.37401420120826473 0.25259581621567434
0 0.434865503125 0.46834247734375 0.41312833203125 0.37347286484374986 0.4043956562796384 0.37547375492769564 0.4261328273733884 0.4703433674276957
0 0.44314330961494647 0.49238183983752454 0.43900347734375 0.4780057414062501 0.4336161490610665 0.4795571105476622 0.43775598133226296 0.49393320897893667
0 0.4504047953125001 0.5145296140625 0.44611065682394646 0.5012697483069196 0.4406578634490682 0.5030356070518576 0.44495200193762174 0.5162954728074379
0 0.4609840984375001 0.55724943359375 0.4560236273164713 0.5413345395694129 0.4498807093750001 0.543249209375 0.45484118049602895 0.5591641033993371
0 0.4863270322524583 0.7115739281316518 0.4781496406817644 0.6895938581643439 0.4721506748355561 0.6918256933139422 0.48032806640625003 0.71380576328125
0 0.5217348118379868 0.8064719098968187 0.5138654615261677 0.7745385758645157 0.5071811603723703 0.7761857921343771 0.5150505106841892 0.80811912616668
0 0.35556673906249997 0.33659882421875 0.3494291740063455 0.3183307547410811 0.34368828751218283 0.3202595334979713 0.34982585256833726 0.3385276029756402
0 0.3808343562826746 0.4102991379336 0.372254193585129 0.37923462402072167 0.36471393593749996 0.38131727812500005 0.3732940986350456 0.41238179203787845
0 0.42533108858435603 0.5322624957399056 0.409614517022373 0.4913989837647133 0.4000233851562499 0.4950878421875001 0.41573995671823294 0.5359513541626924
0 0.45951583203124996 0.63958548359375 0.4518676640625 0.6177092476562499 0.4453164625773048 0.6199996183351476 0.45296463054605474 0.6418758542726477
0 0.2660053061546397 0.34406078979718935 0.22516824798631768 0.25466433217317935 0.21565634398732003 0.25900945039399614 0.25649340215564204 0.3484059080180061
0 0.2828908571374929 0.3787638059025265 0.27329940940288544 0.3505221819728541 0.26715729843761266 0.3526081716613464 0.2767487461722201 0.3808497955910187
0 0.3048172655755403 0.42466143688092106 0.28703225982616404 0.38930259468292344 0.28159140499416496 0.39203926897578545 0.2993764107435412 0.4273981111737831
0 0.35736780298182624 0.5141231652770397 0.32113120781250004 0.4551649468750001 0.3146742821327747 0.45913346913086495 0.3509108773021009 0.5180916875329046
0 0.37404984832421506 0.5442819902243069 0.36600796875 0.53243468515625 0.3596207555820349 0.5367702871194432 0.36766263515625 0.5486175921875001
0 0.4080356670321016 0.6120493084947365 0.3818902964385879 0.5576491160288166 0.37394030859374994 0.5614699734375 0.4000856791872637 0.61587016590342
0 0.5227790897290563 0.8191497554174412 0.46652386889551034 0.7037630875097741 0.456682636648294 0.7085610481700505 0.51293785748184 0.8239477160777176
0 0.5566979859375001 0.9464262570312499 0.520067988970424 0.8074100561303416 0.5065159930499156 0.8109809317998609 0.5431459900169917 0.9499971327007692
0 0.5076473456209697 0.802662236978483 0.49916429053444045 0.8025833038573399 0.4977086828125 0.9590195414062499 0.5061917378990293 0.959098474527393