1 0.24604017561604388 0.25693835123087305 0.20326714371237276 0.20561071321761806 0.1476448855973247 0.25196259522502296 0.19041791750099576 0.3032902332382779
1 0.5726423049049923 0.1570365490101428 0.5380072531282986 0.08986553851590169 0.47306151279245334 0.12335318538404824 0.5076965645691471 0.19052419587828937
1 0.1578936374256768 0.5290898512385811 0.1197353088190745 0.46640116607997173 0.0452506072203364 0.5117396783262926 0.08340893582693869 0.5744283634849019
0 0.2717532041848446 0.3414924651741231 0.21531542872464646 0.27167541582417076 0.20860646384976844 0.2770987193969245 0.26504423930996657 0.34691576874687685
0 0.31821839051162937 0.3935437861803327 0.2794408772895606 0.3539998218891355 0.2753409302164359 0.35802030275613006 0.3141184434385047 0.3975642670473273
0 0.33713162787791234 0.4172162628532872 0.3301229169275547 0.40863247335187625 0.32442368358089235 0.41328592846733897 0.33143239453125 0.42186971796874995
0 0.38667218281250004 0.4785450703125 0.3497436567367931 0.43228051204667556 0.3427477076196026 0.43786470217152385 0.37967623369530956 0.4841292604373483
0 0.4872397890624999 0.595166196875 0.41910476265000574 0.5105754923810912 0.4108555367765468 0.5172199721278137 0.47899056318904093 0.6018106766217225
0 0.6413443236878645 0.7382502628912571 0.510957896566937 0.6183206615145854 0.5019386115923685 0.6281263502646542 0.632325038713296 0.7480559516413259
0 0.6868459812093644 0.7664359048124015 0.6476049171970513 0.7409442472527378 0.6420317254703598 0.7495234450859163 0.6812727894826728 0.77501510264558
0 0.1573478875 0.52528028203125 0.15669997428207444 0.5196830964949696 0.11754884473318017 0.5242151124817581 0.11819675795110571 0.5298122980180385
0 0.36800982025565787 0.4927547043900503 0.36639216526549767 0.4836038098162986 0.18784284075901367 0.5151669759581228 0.18946049574917384 0.5243178705318745
0 0.7802372062969075 0.3859469154985651 0.7762181430304038 0.3720132958478544 0.44765989713969656 0.46678381564591154 0.4516789604062004 0.48071743529662225
0 0.5132924814696125 0.16966105081855276 0.5082750303723523 0.1685854951592262 0.5040567705666823 0.18826361419189439 0.5090742216639425 0.18933916985122096
0 0.5027785210937499 0.22221901406250008 0.49859563263453044 0.22094555010825917 0.4942773224782805 0.23512970479575915 0.4984602109374999 0.23640316875000003
0 0.4920570008219169 0.2576891755747493 0.48584115298208197 0.2551243471960121 0.45800105372266514 0.32259467865251296 0.46421690156250006 0.32515950703125013
0 0.44477241826803926 0.39496355906037206 0.43617666290930834 0.3913120735560077 0.3923523667608733 0.4944763687477246 0.4009481221196042 0.498127854252089
0 0.3729454226562502 0.574283803125 0.3625355613929487 0.5700093960141983 0.2794124099260554 0.7724469393057751 0.2898222711893569 0.7767213464165769