1 0.7006966480001081 0.22100616934556108 0.6257984029390611 0.22057916789128013 0.6254427153819766 0.282968589633478 0.7003409604430237 0.2833955910877589
1 0.5903474785787234 0.1678131404771402 0.5564319231929471 0.10982739171891591 0.5163391016629303 0.1332774693378665 0.5502546570487068 0.19126321809609076
1 0.5377893521353159 0.19014577693600507 0.5292537753798103 0.12781354185690785 0.4505775967251421 0.13858720593111634 0.4591131734806476 0.20091944101021358
1 0.4759605013575273 0.17795580633366914 0.4375881439788388 0.13981782417877267 0.4128409480828751 0.16471710283445834 0.4512133054615636 0.2028550849893548
1 0.4212115299105778 0.1634422180265283 0.3612045733158982 0.15016158870481758 0.34472864052741714 0.2246061469968707 0.40473559712209684 0.2378867763185814
1 0.3340757333644245 0.22969073395129289 0.30635380194758816 0.16823940844446494 0.22645463655855708 0.20428353222713375 0.25417656797539334 0.26573485773396166
1 0.4223365732547955 0.3045436310953926 0.39008056178046674 0.24251374171415835 0.34606753855855754 0.2654008465635714 0.37832355003288626 0.32743073594480565
1 0.4062200407122078 0.3312290739500612 0.3727676080309589 0.283314945416543 0.30940575480702337 0.3275525887673995 0.3428581874882723 0.3754667173009177
1 0.336571655510346 0.34338550430870196 0.29811391231370354 0.29344222979464213 0.2385674592640994 0.3392946938538004 0.27702520246074186 0.38923796836786023
1 0.16298132570579557 0.2950900251577665 0.1362078367231519 0.23833524888467106 0.049399841979138305 0.279286038289615 0.076173330961782 0.3360408145627104
0 0.5018804393532939 0.22936885020508732 0.5008886782541448 0.19529429439519413 0.49440697343750006 0.19548294843750003 0.49539873453664895 0.22955750424739324
0 0.515310054724331 0.3870223162331271 0.5024925753632059 0.24644487721104333 0.4897608219863584 0.24760572483548357 0.5025783013474836 0.38818316385756735
0 0.5120458351562501 0.3983423757812501 0.5045451161013277 0.3981892892630203 0.5034741212406799 0.4506643971423873 0.5109748402956023 0.450817483660617
0 0.51293545234375 0.52687474609375 0.5127186622581045 0.45623372748439806 0.5063206477348289 0.45625336233881797 0.5065374378204746 0.5268943809481699
0 0.518609203125 0.6070912781249999 0.51787292578125 0.6014800101562499 0.5115192179147263 0.6023137060654421 0.5122554952584764 0.6079249740341921
0 0.5194817904939933 0.6309206295970138 0.5099327737033589 0.6306713640222517 0.5080025097718657 0.7046170852064879 0.5175515265625001 0.70486635078125
0 0.5180241121376403 0.7491784373694272 0.5114067336252728 0.749129067109297 0.5112139375 0.7749706351562501 0.5178313160123675 0.7750200054163802
0 0.5149578140581619 0.825466148695666 0.5080949740727698 0.8243487277219996 0.5068497351562501 0.8319965843749999 0.5137125751416424 0.8331140053486665
0 0.5037579251981776 0.8678038495518535 0.4970900379702388 0.865715659700756 0.4744365640625001 0.93805142421875 0.4811044512904389 0.9401396140698477
0 0.5311535309263464 0.7604578770731184 0.5241532390625 0.7582424984375001 0.5195070554223341 0.7729237998688979 0.5265073472861805 0.7751391785045161
0 0.5509359699201992 0.6897999164571887 0.5444843233667103 0.6875722014691792 0.5340108300571931 0.7179043029170901 0.5404624766106819 0.7201320179050995
0 0.557380790413959 0.6675598868214576 0.5567522578124999 0.6616527023437502 0.5477811142735409 0.6626072444285425 0.5484096468749999 0.66851442890625
0 0.5879593976266446 0.5322121715685073 0.577838447350751 0.5299775341837248 0.5528699314100584 0.6430630441727256 0.562990881685952 0.645297681557508
0 0.5929112608982983 0.5213387328986439 0.5879772796875 0.51784328125 0.5861127336329518 0.5204751686638562 0.59104671484375 0.5239706203125001
0 0.6123974001552097 0.4431450822488352 0.6049522255284779 0.4415204522753532 0.59081362578125 0.5063132640625001 0.5982588004079817 0.5079378940359821
0 0.644012299243178 0.34118578420963264 0.63517696171875 0.33760719062500005 0.6106411984130722 0.3981845501653676 0.6194765359375001 0.4017631437500002
0 0.6589068648063733 0.28144056445295224 0.6540850555952383 0.27988624127655126 0.6418249400076153 0.31791947604234916 0.6466467492187501 0.31947379921875013
0 0.5747205310995592 0.2567096469449238 0.5661639856329979 0.23048108314799903 0.5619723740646886 0.23184851276557525 0.57052891953125 0.25807707656250006
0 0.5981995585904182 0.33134531191534056 0.582793698128771 0.27961487558244935 0.5755345145429628 0.2817767357428543 0.5909403750046098 0.3335071720757455
0 0.6331555806523412 0.4337166471589239 0.5938133615499084 0.33212755227270485 0.5870762456424009 0.3347366225715249 0.6264184647448338 0.43632571745774396
0 0.64767211328125 0.49295025781249996 0.6423744997952465 0.47411504558393014 0.6355054937840047 0.47604703012644556 0.640803107270008 0.4948822423550154
0 0.6733539874999999 0.56741167109375 0.6683608390625 0.5467772109375 0.6618529782520985 0.5483519899620475 0.6668461266895985 0.5689864501182975
0 0.6845275765625001 0.60645755078125 0.679601003125 0.5861256320312499 0.6744627573315707 0.587370666774528 0.6793893307690707 0.6077025855245279
0 0.7602667882812499 0.8209140023437499 0.6981383874445386 0.6236188043678894 0.68707418515625 0.6271029296874999 0.7492025859929613 0.8243981276633603
0 0.42603959218750004 0.24443942421875012 0.40859477866554794 0.2154585685839745 0.40329306183246433 0.21864989815218627 0.4207378753544164 0.2476307537869619
0 0.5014985790169005 0.36976398948117223 0.47292772885162987 0.32019480345182705 0.46732691085858596 0.3234230213125657 0.49589776102385663 0.37299220734191085
0 0.5491850779090911 0.48449844022993915 0.5427312984375001 0.47998665625000003 0.5399543211006561 0.48395892074876257 0.5464081005722472 0.4884707047287016
0 0.8687313146442825 0.7933717294176679 0.5809173568538182 0.5077210997299486 0.5725298474554228 0.5161721305524467 0.8603438052458872 0.8018227602401659
0 0.40834670859375005 0.36736197734375003 0.37957803046479444 0.3451440975841989 0.3754963765625 0.3504292007812501 0.4042650546914556 0.37264708054080126
0 0.451538771875 0.40278226250000004 0.42869542864339466 0.3849628420684649 0.4240247683640521 0.3909503261333468 0.44686811159565754 0.40876974656488196
0 0.50223150234375 0.44703388593750004 0.4695411960937501 0.41906123515625 0.46625743536802455 0.42289881010097574 0.49894774161802447 0.4508714608822258
0 0.40967392181021617 0.3329384216665764 0.4014018789062499 0.3171619734375001 0.39606634225228377 0.3199595478646737 0.4043383851562499 0.33573599609375
0 0.45595953203125 0.45387354375 0.4507716856103568 0.4355855298437373 0.44590644658502654 0.4369656749482697 0.45109429300591974 0.45525368885453243
0 0.7183242442877393 0.7866085664968876 0.6092885678850039 0.6085445230306548 0.60200859520074 0.6130023390521846 0.7110442716034754 0.7910663825184174
0 0.7275528585981428 0.810313248792561 0.7226898161037945 0.8004253360108396 0.7168722515625 0.8032865124999999 0.7217352940568482 0.8131744252817212
0 0.4707222157898977 0.21004476468893563 0.4587472757812501 0.19626166796874994 0.454117893577891 0.20028373755788204 0.46609283358653864 0.21406683427806775
0 0.5841234177388667 0.3241409096136111 0.5702066011501821 0.31043630512324183 0.5652582296875001 0.3154613007812501 0.5791750462761847 0.32916590527161943
0 0.69478563046875 0.4439857640625 0.6880138901190452 0.434511409547072 0.6835277830944063 0.4377178287181482 0.690299523444111 0.4471921832335763
0 0.7712451688934407 0.5327113213721357 0.7103031203124999 0.46397550234375 0.7054991027546617 0.46823480521570043 0.7664411513356025 0.5369706242440861
0 0.9027294008013882 0.6857132399481962 0.824025665388362 0.5957609138280175 0.8172432460669278 0.6016951876679312 0.895946981479954 0.6916475137881098
0 0.31924953728181743 0.2911260293968768 0.2926464171815759 0.23833803272503581 0.2876710315722436 0.2408454357191844 0.31427415167248507 0.2936334323910254
0 0.4288913375000001 0.4862792296875001 0.3833407796875 0.4002682148437501 0.3754235315207963 0.4044611088700383 0.42097408933329633 0.4904721237137883
0 0.44310892945115776 0.5073570173108262 0.4353893507812499 0.49454223984374995 0.43058711501631963 0.4974350904511108 0.4383066936862276 0.5102498679181869
0 0.4558552515625001 0.5268707125000001 0.4482755254452734 0.5151740713967682 0.4434655697710089 0.5182910471443485 0.45104529588823555 0.5299876882475804
0 0.47713077734375 0.5653967648437501 0.46822025106098303 0.5513080221033713 0.46278220156249994 0.5547473554687499 0.4716927278452669 0.5688360982091287
0 0.5415522891996076 0.7079035463051525 0.5279646751838658 0.6887888935153976 0.5227477609842582 0.6924973268977451 0.536335375 0.7116119796875001
0 0.6003149822276366 0.7904037498891542 0.5844488200305482 0.7615952554981451 0.5784186125849055 0.7649163679490797 0.5942847747819938 0.7937248623400888
0 0.31819684609375 0.3795486632812501 0.3075402893777255 0.36349158143241755 0.3024942243327934 0.36684048871521735 0.3131507810488179 0.3828975705640499
0 0.3616785352676441 0.44419795878564133 0.3453506467009465 0.41641265221486473 0.3386063476562499 0.42037590390625007 0.35493423622294756 0.4481612104770266
0 0.4362255178281364 0.5504889148283105 0.4104682209957312 0.5150855410544474 0.4021586460937499 0.5211310718750001 0.4279159429261551 0.5565344456488632
0 0.4970226781249999 0.6453072968749999 0.48397312890625 0.6261559679687501 0.4782379455839337 0.6300638720838893 0.49128749480268363 0.6492152009901392
0 0.2336184443338345 0.40993657288353713 0.1710353685333093 0.33415563409927135 0.16297217517534404 0.34081455716371617 0.22555525097586923 0.416595495947982
0 0.2589104360608079 0.4390868094192478 0.24233633876510097 0.414289946346129 0.23694340910123857 0.4178945531342616 0.2535175063969455 0.4426914162073804
0 0.2919689012861197 0.47774554468136515 0.2656383622562084 0.4481946248464504 0.2610912042769772 0.4522462456188725 0.2874217433068885 0.48179716545378726
0 0.365883221505771 0.5505578595120488 0.3156218484375 0.5029873140625 0.3104120661525632 0.5084917876512123 0.3606734392208343 0.556062333100761
0 0.3898025183615924 0.575371416210823 0.3789683507812501 0.56600918984375 0.37392091288840773 0.5718501923829272 0.38475508046875007 0.5812124187500001
0 0.4401697708337058 0.632033441684481 0.40083547599515273 0.586253810618686 0.39414528828125006 0.5920020835937501 0.4334795831198031 0.637781714659545
0 0.6046049464491754 0.8023793285443901 0.5204023073222398 0.7054842889634213 0.5121382103945578 0.7126658616664299 0.5963408495214934 0.8095609012473985
0 0.6703096671875 0.9165401328125 0.598947764452326 0.7917413353089768 0.5867817535130253 0.7986980504912761 0.6581436562481994 0.9234968479947991
0 0.6248041875375729 0.9418525340472288 0.5857215205113518 0.7903699924241222 0.5775070900050288 0.7924893247831435 0.6165897570312499 0.94397186640625