1 0.30722612366419855 0.2060394750313451 0.27709556805709806 0.14640552264187592 0.2124720002125632 0.1790571233902583 0.2426025558196637 0.2386910757797275
1 0.646779952389955 0.18377036723914317 0.6411879353794757 0.11908486229627857 0.5591015861130353 0.1261811702223206 0.5646936031235146 0.19086667516518516
1 0.14810178263050616 0.47183947707710033 0.14143081499804971 0.39025167996729493 0.06379866276117219 0.3965992171377513 0.07046963039362864 0.4781870142475567
0 0.31325959186005287 0.29421064569595756 0.2739737320849941 0.21348726527786174 0.26621673954769876 0.21726238122962194 0.30550259932275753 0.2979857616477178
0 0.34682487864194933 0.35538028715748504 0.3179366875129398 0.3081267900035495 0.3130374103893363 0.311121938774858 0.3419256015183457 0.3583754359287936
0 0.3599282229064431 0.38270059249446076 0.3550300774836785 0.3727601883670118 0.34843011551473535 0.37601232712255106 0.35332826093749997 0.38595273125
0 0.3944030765625 0.453601746875 0.3688282871744294 0.40021583547012496 0.3607554738982498 0.4040831572760923 0.3863302632863204 0.4574690686809674
0 0.4661590960937499 0.5898566703125 0.41879913449175643 0.4921069745037766 0.4092666527962562 0.4967254847030718 0.45662661439824975 0.5944751805117952
0 0.5841270299294813 0.7639394782559787 0.4840606888642916 0.6177531012776043 0.47306676786136326 0.6252785730175977 0.5731331089265529 0.7714649499959723
0 0.6221220930529944 0.8016383702110135 0.5896211502328073 0.7679727432140168 0.5822608994096405 0.7750783613914926 0.6147618422298275 0.8087439883884893
0 0.16107745481991861 0.4420908680314376 0.12192342099641111 0.4375439454553633 0.12127605824710923 0.44311845493032537 0.16043009207061673 0.4476653775063997
0 0.3734831421509391 0.45267348923568046 0.19229236242597103 0.446095559678059 0.19191072118021255 0.4566079670075151 0.37310150090518057 0.46318589656513665
0 0.7987351547462154 0.45368948893859395 0.7980969687496028 0.4399625729491672 0.45651391227243376 0.4558433085413263 0.45715209826904635 0.46957022453075303
0 0.5872618911138431 0.18111777487342184 0.5826149844839278 0.1789411046222787 0.5740782244262022 0.19716597211858752 0.5787251310561174 0.1993426423697307
0 0.56519443359375 0.22996355390625003 0.5614052193116728 0.22778178352423253 0.5540068466554227 0.24063099055548257 0.5577960609374999 0.24281276093750007
0 0.5467686552028497 0.26211280075148374 0.5412890795587532 0.25821544686597303 0.49898499779340344 0.3176938578332394 0.5044645734375 0.3215912117187501
0 0.4698159561964655 0.3852321335736465 0.462261915359084 0.37974061135030046 0.3963539154193514 0.4704024902985967 0.40390795625673287 0.47589401252194286
0 0.35949160312500006 0.543798853125 0.3503100781737654 0.5372922894516148 0.22377882964575074 0.7158427307887081 0.2329603545969854 0.7223492944620933