1 0.7771606280858171 0.34263913004309704 0.7379891957420274 0.2791567222879022 0.6788696027298206 0.31563610641587014 0.7180410350736102 0.37911851417106496
1 0.4074548043743048 0.19614882025017574 0.38311716630195436 0.13302254242051934 0.3017386515702694 0.16439712851206192 0.32607628964261987 0.22752340634171833
1 0.21188523547135363 0.23247602785641033 0.19131536616241238 0.1730949953648879 0.10619561728978077 0.20258087724425572 0.12676548659872205 0.26196190973577815
1 0.3758249382186934 0.322781253396791 0.3490990183320809 0.2681510618046149 0.29441120017698597 0.2949051734814998 0.3211371200635985 0.34953536507367594
1 0.42689140513074475 0.34243252113193795 0.35795057383839995 0.3154786976073905 0.34044282639547185 0.3602589367327468 0.4093836576878167 0.3872127602572942
1 0.4582998292703985 0.2249354168495339 0.4180538808160533 0.22424190717150058 0.4172966001408417 0.26818863204845733 0.45754254859518684 0.26888214172649066
1 0.5121913607480695 0.22715394332542904 0.4939368628773152 0.15227341735001532 0.4124551468286616 0.17213716420195294 0.43070964469941586 0.2470176901773667
1 0.516607145792926 0.1479343108298235 0.45393515854620226 0.12872867263262183 0.44133796945973947 0.16983591758147226 0.5040099567064632 0.1890415557786739
1 0.30756843814743906 0.26324804155160625 0.26993577180513917 0.1972443692542693 0.19129129351036786 0.24208431994669138 0.2289239598526677 0.30808799224402833
1 0.2597993885969519 0.20547604171975514 0.24024056974540162 0.17802769047819705 0.1832344597864473 0.21864842460923734 0.20279327863799756 0.24609677585079542
0 0.7239964092282394 0.3429308313289172 0.7200783042693389 0.34005067283164686 0.7081576864473497 0.35626722197147964 0.71207579140625 0.35914738046875005
0 0.6971825262335719 0.37824719139373403 0.6924368076462498 0.3752793818506358 0.6725754564126779 0.4070389615506519 0.6773211750000001 0.4100067710937501
0 0.565017516455463 0.5460225253152805 0.5606625695109072 0.541269877777367 0.5181526799639065 0.5802225482877065 0.5225076269084623 0.58497519582562
0 0.6296624527844928 0.6541108865326554 0.6152993199425244 0.6011371418230411 0.6064223756802326 0.6035440082880978 0.6207855085222009 0.6565177529977121
0 0.5182222189568855 0.5969458689913545 0.5120916755409244 0.5913667884860268 0.43822297895255746 0.6725370191509146 0.4443535223685184 0.6781160996562423
0 0.5839829079692161 0.6502321678649038 0.5694601734375 0.6333292351562501 0.5642343428120338 0.6378191868225962 0.5787570773437499 0.65472211953125
0 0.5768615291142268 0.6800311883927954 0.554922019962502 0.638721363506337 0.5492730291295252 0.6417215235510418 0.5712125382812501 0.6830313484375001
0 0.5110863201855932 0.5968548993384533 0.5008638122949347 0.5518376567390477 0.49457054835934144 0.5532667300568446 0.5047930562499999 0.5982839726562501
0 0.5159168964662413 0.6276889152141276 0.51213345234375 0.6018328265624999 0.5064841699400087 0.6026594691608723 0.5102676140625 0.6285155578125
0 0.5235135409841567 0.6782208436911991 0.5191898202888253 0.6490319493996467 0.5131989464921686 0.6499193713334477 0.5175226671875001 0.679108265625
0 0.5789192828124998 0.71510552578125 0.5482458377051644 0.6705840290248648 0.5434446701933263 0.6738918321953495 0.5741181153006616 0.7184133289517346
0 0.5895247179947578 0.7160863947022822 0.5849636810447063 0.7003875084547333 0.5789837265625 0.7021248796875001 0.5835447635125515 0.717823765935049
0 0.5678431609375 0.7143310078125 0.543918197402218 0.6789029221921943 0.5377849310962033 0.6830447822491055 0.5617098946314852 0.7184728678694113
0 0.6080369148533997 0.771856224744904 0.5780113883837285 0.7297784426581307 0.5718522390625 0.7341734390625 0.6018777655321712 0.7762512211492733
0 0.615683669566873 0.7834206952687672 0.6046069848199457 0.7586854231377291 0.5996738527530725 0.7608945255252119 0.6107505375 0.78562979765625
0 0.6425340671875001 0.7917307804687501 0.6203666663214639 0.7649797830835505 0.616366495738818 0.7682945523821001 0.638533896604854 0.7950455497672996
0 0.62955195390625 0.7748026195312502 0.6267491774427099 0.7615547555064269 0.6226801008479821 0.7624156272731265 0.6254828773115222 0.7756634912979498
0 0.6414047384219929 0.8197789435215259 0.6328111830632442 0.7828570420215692 0.6276794149537513 0.7840514586562932 0.6362729703125 0.8209733601562499
0 0.6629193828215045 0.9194848145617875 0.6505174048423299 0.8534694766332299 0.6440480587395754 0.8546848409776924 0.65645003671875 0.9207001789062501
0 0.6973236323468379 0.8388918391726747 0.6866498812116755 0.8022123914992481 0.6805472902710875 0.8039882507640735 0.69122104140625 0.8406676984375002
0 0.6479227640665386 0.7422018940349864 0.642681583035121 0.736461040759498 0.6372021916248325 0.7414635170370116 0.64244337265625 0.7472043703125
0 0.7398618521403676 0.8679795465979847 0.662589496422449 0.759533999398362 0.6533128881314465 0.766144002245216 0.730585243849365 0.8745895494448387
0 0.6800461654538867 0.7764901230964215 0.670829791130245 0.7609639984153656 0.6640044786178814 0.7650155332498457 0.6732208529415231 0.7805416579309016
0 0.6642219210937501 0.739620584375 0.6593881335937501 0.7291642625 0.6543908907633355 0.7314744065656563 0.6592246782633355 0.7419307284406563
0 0.648971659375 0.7044895117187501 0.64114179296875 0.68623512890625 0.6362197588184604 0.68834634078559 0.6440496252247103 0.70660072359809
0 0.6562557484374999 0.7184898265624999 0.6525451109374999 0.7136770085937499 0.6473007915056451 0.7177203296734527 0.651011429005645 0.7225331476422027
0 0.5076537124999999 0.4271479812500001 0.50264885770216 0.4051016754882717 0.497892079798344 0.40618153816329194 0.502896934596184 0.4282278439250202
0 0.5192408735782891 0.46677794484018864 0.5141118357558943 0.4536534777219445 0.5090588184276051 0.45562819538175586 0.51418785625 0.46875266250000003
0 0.49879986192802017 0.5299530895692428 0.48590959946450524 0.40886248530272173 0.47776802325904333 0.4097291673610928 0.4906582857225582 0.530819771627614
0 0.49232607386088156 0.48741765741262766 0.45503405234375 0.41756640312500004 0.44896447729653766 0.4208068134163952 0.48625649881366917 0.4906580677040228
0 0.4926699617029926 0.5238922699535875 0.46819887823815387 0.4914404516081173 0.4638792118476613 0.4946978011857799 0.4883502953125 0.5271496195312502
0 0.4266988963991204 0.42599227371567494 0.41110939999999996 0.411459328125 0.40644772602529694 0.41645990761448337 0.4220372224244174 0.43099285320515823
0 0.40745807911400805 0.44337188192348975 0.3988464478507897 0.38154345535528233 0.3936894200409447 0.38226174020219744 0.40230105130416305 0.44409016677040486
0 0.4148472004614166 0.4748601582825948 0.40948526482718295 0.44895710566063246 0.4021572944188847 0.4504739965936165 0.40751923005311835 0.4763770492155789
0 0.47518834812478755 0.3142811164406221 0.47405923359375 0.29983844375 0.4697040675002125 0.30017892652812794 0.47083318203125 0.31462159921875
0 0.5594819970189961 0.39038107837374214 0.5549405222231922 0.37768489771170227 0.5492168814541961 0.3797322669942102 0.55375835625 0.39242844765625007
0 0.5533793625 0.37132242812500005 0.543974716241737 0.3393198749055477 0.5383289096462439 0.34097901795919966 0.5477335559045069 0.372981571178652
0 0.5296301718749999 0.3033869007812501 0.5176645 0.2767485953125 0.5120288246848513 0.27928008672790605 0.5239944965598513 0.3059183921966562
0 0.5366678046875 0.32091170703125 0.5339893325569531 0.3105049806359507 0.52749781328125 0.3121757609375 0.5301762854117968 0.32258248733279926
0 0.37624730624999997 0.22992822890625 0.36600350126012515 0.20395327915899975 0.3602808572879994 0.20621013237516986 0.37052466227787423 0.23218508212242012
0 0.274280771875 0.3231375265625001 0.2582627555404523 0.2661913591270035 0.25197972254563716 0.2679586725332208 0.26799773888018485 0.32490483996871744
0 0.29621118075350844 0.3813105683955853 0.2818750014047223 0.34131540473403144 0.2757441978431907 0.3435129779244815 0.2900803771919769 0.38350814158603536
0 0.36555285703125 0.58062135234375 0.32106224765625 0.45238116093749997 0.31289378459013484 0.4552150611015864 0.3573843939651349 0.5834552525078365
0 0.39887057820244254 0.6964395675538361 0.37611365215162673 0.605360625993427 0.3697381790720696 0.6069535976169962 0.3924951051228853 0.6980325391774053
0 0.4290952933922102 0.6955468329256422 0.4241236229914917 0.6905442499286083 0.3847467205986418 0.729677829564287 0.3897183909993603 0.7346804125613209
0 0.4350146648995098 0.5985888718260453 0.4297959357022144 0.5665098277258991 0.42449066250000006 0.5673729078124999 0.4297093916972955 0.599451951912646
0 0.44856071161262767 0.661012147390615 0.43543109147653014 0.6039864347833588 0.4305359204889025 0.6051135006739938 0.44366554062499997 0.66213921328125
0 0.4766488235487983 0.5849539030460307 0.4584390627521315 0.5637567570129983 0.45398781093749996 0.5675806789062501 0.47219757173416677 0.5887778249392824
0 0.42705592500000006 0.55962664375 0.4237963646968481 0.5336778498642506 0.4189482131031892 0.5342868509048359 0.42220777340634114 0.5602356447905852
0 0.45019375703125003 0.5711941882812501 0.4307394674179809 0.548996821264468 0.4267177119827833 0.5525215814277307 0.4461720015960524 0.5747189484445128
0 0.36848254062499997 0.4391582320312499 0.35513203094205376 0.42076657504024395 0.3488887972480531 0.4252985403724276 0.3622393069309993 0.44369019736343357
0 0.3490332206059291 0.40877896366370725 0.33013805004534635 0.3769502328290474 0.3247403240404124 0.3801546004185793 0.34363549460099524 0.41198333125323916
0 0.5575130493134675 0.9132381042950481 0.5296725586647133 0.6962075831727255 0.5199828207753565 0.6974505745073197 0.5478233114241108 0.9144810956296423
0 0.5444027546875001 1 0.46588303422871336 0.7471612750685326 0.4531203998638505 0.7511247442045139 0.531640120322637 1.0039634691359813
0 0.45642164643243144 0.7014028191577785 0.45166878131456156 0.7012445887352674 0.45134279168597613 0.7110365409395483 0.456095656803846 0.7111947713620592
0 0.46984802816081583 0.9218012987547249 0.4356857657860149 0.8216436697652497 0.4292487517966846 0.8238392385205453 0.46341101417148545 0.9239968675100204
0 0.3083878077156157 0.8209217061029896 0.3029856842271816 0.8162993375601415 0.26645857885531593 0.858988260363402 0.27186070234375004 0.8636106289062502
0 0.34969222890624996 0.7754261250000001 0.3449081720129894 0.7709032662643107 0.31381308041208544 0.8037941204813622 0.318597137305346 0.8083169792170514
0 0.47807866346085365 0.28930656541486116 0.46810531640624997 0.27813786328125 0.4637035302891464 0.28206853849138896 0.47367687734375 0.29323724062500006
0 0.47879779062499994 0.37625760625 0.4766437680543686 0.3590504939514848 0.4709461203124999 0.35976373749999996 0.4731001428831312 0.37697084979851514
0 0.5930534791067574 0.6449418076659433 0.5892173713579026 0.6301382120083819 0.5831338337260069 0.6317146604868464 0.5869699414748617 0.6465182561444077