1 0.717334107092795 0.2050644564427948 0.6460026298232254 0.1534017857915216 0.6042042529391636 0.2111134745800472 0.6755357302087333 0.2627761452313203
1 0.8181531573255952 0.2348662548557235 0.7737542523376357 0.18226477451968318 0.7231074550217951 0.22501380606033675 0.7675063600097548 0.27761528639637706
1 0.5512923948278289 0.21561740611560895 0.46561842743873694 0.17987408397091031 0.44364057371743665 0.23255329256205073 0.5293145411065285 0.26829661470674937
0 0.7572612228570408 0.2543142020565344 0.7517571499302382 0.2506261423134132 0.7029959561957222 0.32339751398473693 0.7085000291225247 0.3270855737278581
0 0.7015685716635279 0.33486392060143894 0.6950392509915119 0.3304247833588144 0.660229628546734 0.38162463931987556 0.66675894921875 0.38606377656250007
0 0.6577923414062499 0.3990312328125 0.6516066761653354 0.3952878401074443 0.6458735245809326 0.4047614271101218 0.6520591898218472 0.40850481981517756
0 0.6409137484375 0.4241287882812501 0.6342559298751117 0.4200916962040126 0.6029063642501117 0.4717922063602626 0.6095641828125001 0.4758292984375002
0 0.57174302421875 0.524684071875 0.5655781878794273 0.5206742754026937 0.5436699638158851 0.5543569365476532 0.5498348001552078 0.5583667330199594
0 0.4988353172409569 0.6292449998197617 0.4916895852261737 0.6234465371622859 0.46731265690327034 0.6534874303142778 0.4744583889180536 0.6592858929717536
0 0.4628467051978829 0.6776077779591139 0.45515560859375004 0.6698657523437499 0.37380541905201436 0.7506807996730144 0.3814965156561473 0.7584228252883785
0 0.3792542460435162 0.7622987836610067 0.3727966714185228 0.7536053166589578 0.33108738017887035 0.7845873012540754 0.33754495480386376 0.7932807682561243
0 0.6569120238853988 0.22939443871439943 0.6509802019114099 0.22619536489788925 0.6310550592090373 0.26314118299899547 0.6369868811830262 0.26634025681550566
0 0.6250708187415441 0.29654931674279494 0.6174655318573109 0.2917388341633709 0.5308114943322545 0.42873731699210993 0.5384167812164878 0.43354779957153394
0 0.4843798975463979 0.5179344690303583 0.477966741816467 0.5140229255217096 0.43659964477341023 0.581846186299891 0.4430128005033411 0.5857577298085397
0 0.4452903651423023 0.585865600777535 0.43728230403113316 0.5797919223114543 0.2791125388888308 0.7883365715339193 0.28712059999999995 0.79441025
0 0.4935828546875 0.2934677398437501 0.48863405351977773 0.29346371341588134 0.48860230703125007 0.3324826812500001 0.49355110819897235 0.33248670767786886
0 0.5057590167153961 0.3872683801304307 0.49546109284382345 0.3497140227974932 0.4884875019096773 0.3516262778233125 0.49878542578124996 0.38918063515625
0 0.5409457503317519 0.803066974212074 0.5221772932933362 0.49310097991936386 0.5112021981651802 0.49376552249886635 0.5299706552035959 0.8037315167915764
0 0.5211237054687501 0.5981327249999999 0.5200421429687501 0.5895761187499999 0.5127727016340592 0.5904949824809975 0.5138542641340592 0.5990515887309975
0 0.5412729378516796 0.8399152179456001 0.5319177215101423 0.8376248806378722 0.5157921343181646 0.9034921903595672 0.525147350659702 0.9057825276672953
0 0.5392261766311636 0.8126144000168548 0.5322337270675283 0.8119448269676124 0.5306955395219467 0.8280083451215475 0.5376879890855821 0.82867791817079