1 0.3321994252636734 0.30001340199922594 0.26779570144217096 0.26566474961197073 0.23438276713184408 0.328314002023013 0.29878649095334653 0.3626626544102682
1 0.7190475426720442 0.17448377960905667 0.6358246757255526 0.1447613280702626 0.6128815878963915 0.20900197602811313 0.6961044548428831 0.2387244275669072
1 0.9109154923330269 0.257394366919424 0.8438380293275124 0.1903169009957108 0.801760563771446 0.2323943647212011 0.8688380267769608 0.29947183064491434
1 0.7195917079998972 0.3115405961977068 0.6675581598797897 0.2790196232109466 0.6354130384225872 0.33045180898383214 0.6874465865426947 0.3629727819705924
1 0.6688588585080539 0.371040132199584 0.6540316883259358 0.3252877219964335 0.5835398730657195 0.3481322920785072 0.5983670432478375 0.3938847022816577
1 0.6002421853383152 0.27351769097686623 0.5987518940408951 0.22955412498227784 0.5581861898411441 0.23092923445247063 0.5596764811385642 0.274892800447059
1 0.6087406784459539 0.17665700016170593 0.5261391862810634 0.15600662920312017 0.507332228617244 0.2312344674452953 0.5899337207821347 0.2518848384038811
1 0.5815114869194765 0.17477298491815713 0.5723857335572045 0.13320010874000127 0.5082320826677627 0.1472826175565062 0.5173578360300348 0.1888554937346621
1 0.8259554181052401 0.2645790537421643 0.7507804427684733 0.21408839885101277 0.7084434069358194 0.27712354132268097 0.7836183822725863 0.3276141962138325
1 0.8356391088055422 0.2411243461788711 0.7812044156029423 0.19705817199239722 0.7599749168433486 0.2232828505164107 0.8144096100459486 0.2673490247028846
0 0.3024358469122671 0.3418590836897916 0.29120070390624997 0.3253507039062501 0.2870310538689829 0.32818845146645853 0.298266196875 0.3446968312500001
0 0.33436196887537384 0.39484326596427105 0.315089084375 0.363033803125 0.3101154959683762 0.366047227004479 0.32938838046874996 0.39785668984375006
0 0.47566708778910993 0.5794050313712378 0.43676121764638626 0.5369155560261731 0.43229623328803807 0.5410039591006857 0.47120210343076174 0.5834934344457503
0 0.3815625441808291 0.5936145603244466 0.36974121201678317 0.5916702752283284 0.36092421023971866 0.6452780032851646 0.37274554240376456 0.6472222883812828
0 0.549644196380443 0.6763379492319385 0.4811288734375 0.5906447179687502 0.47482135102314454 0.5956878459827017 0.5433366739660876 0.68138107724589
0 0.42613967054568536 0.6326984759772435 0.42118698883916006 0.627946675251192 0.40568921985597467 0.6440996078676985 0.41064190156249997 0.64885140859375
0 0.4395771125 0.6370753523437501 0.4343203986199349 0.6340434318016962 0.41093659627618495 0.6745860372704462 0.41619331015625 0.6776179578125001
0 0.5009799296875002 0.5532982390625001 0.4948526126959406 0.5515574941465982 0.4822353587896906 0.5959694660215981 0.48836267578125014 0.5977102109375
0 0.48445769853634585 0.6012503856310399 0.47924546557158276 0.6005222485453514 0.475580372503987 0.6267581308830616 0.4807926054687501 0.6274862679687501
0 0.4750728875000002 0.6483464789062502 0.46915203376517284 0.6473197333338937 0.4641052025151728 0.6764229020838936 0.47002605625000016 0.67744964765625
0 0.444661350679449 0.6707049468870185 0.44062994156196583 0.6672493844675047 0.4054087625266101 0.708339940809305 0.4094401716440933 0.7117955032288188
0 0.4071091546875 0.6961228875 0.4013388654010937 0.693958966211192 0.3955867379999743 0.7092975274095099 0.40135702728638056 0.7114614486983178
0 0.44950750030709263 0.680119324828488 0.44418993667227935 0.675722697140193 0.41692063683613123 0.7087039380902888 0.4222382004709445 0.7131005657785838
0 0.4119876757812501 0.7285908453125001 0.40624495104271896 0.7237523280707666 0.3729361486989689 0.7632857788520168 0.37867887343750006 0.7681242960937501
0 0.38035867944161533 0.7522139740856144 0.3755865384941336 0.7501588343870607 0.36482257702126836 0.7751533110826964 0.3695947179687501 0.7772084507812501
0 0.3651666643923923 0.7595814802972678 0.361485214317802 0.7559778451854013 0.33718373622830045 0.7808040763514401 0.34086518630289075 0.7844077114633066
0 0.3591954827279471 0.7531690733909026 0.3550225430310154 0.7520707855027077 0.3515943664062501 0.7650961265625 0.35576730610318175 0.7661944144506949
0 0.3519306335937501 0.7741802820312501 0.3469128171498509 0.772769775894554 0.33665119761860096 0.809275057144554 0.34166901406250016 0.8106855632812501
0 0.3307134935697437 0.843520768147445 0.3243396932986379 0.8419450317585057 0.30821070676014417 0.9071862354860606 0.31458450703125 0.908761971875
0 0.2982661968750001 0.7904982390625 0.2922851779315823 0.7883741531737221 0.27949996699408225 0.8243748578612221 0.2854809859375001 0.8264989437500001
0 0.3456933770491253 0.7302336121218647 0.34010941087438507 0.7258635964407201 0.3350755408565098 0.7322958296313556 0.34065950703125003 0.7366658453125001
0 0.32908125269777816 0.755372040420901 0.3212072210746999 0.7485958568153495 0.23426796968256838 0.8496206304338745 0.24214200130564664 0.8563968140394259
0 0.31458450703125 0.75062852109375 0.30742432106819384 0.7484998062773037 0.3022789128467987 0.7658070000058337 0.3094390988098549 0.7679357148222798
0 0.32972464765625004 0.7203475351562499 0.32501443671875 0.71748767578125 0.3190413877952804 0.7273253344491867 0.3237515987327805 0.7301851938241868
0 0.3509419783805858 0.6784986776487372 0.3462109156250001 0.6759359156250001 0.3367524954615514 0.6933969123728458 0.34148355821713705 0.6959596743965827
0 0.3377156681363266 0.7073100377228139 0.33292112656250006 0.70251549296875 0.3286313369422652 0.7068052797435534 0.33342587851609173 0.7115998244976173
0 0.5081418438850358 0.40628728317974316 0.5033514293438756 0.40498988356722193 0.49744683125 0.42679154921875 0.5022372457911602 0.42808894883127124
0 0.4932448584836219 0.4547080402996784 0.4884040844651801 0.452784252937567 0.48318563457530833 0.46591529701288864 0.4880264085937501 0.467839084375
0 0.5255408453125 0.41097852109375 0.5180811094455791 0.4098422126018983 0.49974777289919475 0.5301984795629345 0.5072075087661156 0.5313347880547863
0 0.5557080659803388 0.4239505512814531 0.5493496208696002 0.42015311832960006 0.5086942189666251 0.48822677354159116 0.5150526640773639 0.4920242064934441
0 0.5354108858397403 0.4963613977647568 0.5313745454279294 0.49307400529201467 0.5056911244319391 0.5246087340897579 0.50972746484375 0.5278961265625
0 0.5983830988281251 0.42140845039062524 0.5938410214843751 0.4168663730468752 0.578448239453125 0.43225915507812507 0.582990316796875 0.4368012324218752
0 0.614435657566052 0.3900017154936527 0.609349215922167 0.38890191904539756 0.596156516168615 0.449916752770495 0.6012429578125001 0.4510165492187501
0 0.602210002877184 0.4583672063418579 0.5946092581487415 0.454642879564817 0.5830439732403075 0.47824574353545923 0.59064471796875 0.4819700703125001
0 0.5435618532268329 0.3025273118258158 0.5394987191794899 0.302099625161177 0.5379639784526571 0.3166800594291112 0.5420271125000001 0.31710774609375003
0 0.45791373203125 0.37598732421875003 0.45219451469039323 0.3742047233231663 0.4481571912528932 0.3871578920731663 0.45387640859375 0.38894049296875
0 0.4727176054687501 0.3386408453125001 0.4671634115200146 0.336611464160032 0.4557267609375001 0.3679123242187501 0.4612809548862355 0.3699417053712182
0 0.5031873844885187 0.2787451098275245 0.49748021909394974 0.27581839787359075 0.4841570421875 0.30179894375000005 0.489864207582069 0.3047256557039338
0 0.4856711265625 0.31071514062500005 0.48002672518073775 0.30829620226915927 0.4755891662201931 0.3186508952145459 0.48123356760195535 0.32106983357038665
0 0.6577672539062499 0.21566690156250007 0.6517428411025209 0.21345649554542545 0.6422904929687501 0.2392186617187501 0.6483149057724791 0.2414290677358247
0 0.7635820421875001 0.2858176054687501 0.7573386124399647 0.2835953718101035 0.7375066898437501 0.33931373203125004 0.7437501195912855 0.34153596568989664
0 0.73262816875 0.3586598593750001 0.7259520123789056 0.3565080004595499 0.712936515979526 0.3968886632371068 0.7196126723506204 0.39904052215255703
0 0.6911077862172044 0.4691932870933009 0.68182359140625 0.4649792250000001 0.6257350660851679 0.5885504454070027 0.6350192608961223 0.5927645075003036
0 0.6227252235360773 0.6158618059334856 0.6163664501099936 0.6137422926771144 0.5866753962108707 0.7028187275418849 0.5930341696369544 0.704938240798256
0 0.5987287023255815 0.7373836927654901 0.5624404107314949 0.6953765559870493 0.5572693694989773 0.6998436124560573 0.593557661093064 0.7418507492344981
0 0.57062570390625 0.5724760562500001 0.5655571856952994 0.5710318437724985 0.5566413411640494 0.6023223367412485 0.561709859375 0.6037665492187501
0 0.5607003523437502 0.6093179578125 0.5562976290115423 0.6080825621754145 0.5404842485427923 0.6644385481129145 0.5448869718750001 0.6656739437500001
0 0.5411859156250001 0.5706257039062501 0.5370204792078571 0.5665011252839733 0.5173570152037696 0.5863593742230109 0.5215224516209126 0.5904839528452877
0 0.5775228875 0.5396718312500003 0.5726499987494748 0.5389042293605352 0.5686070421875001 0.5645697179687501 0.5734799309380254 0.5653373198582152
0 0.5692874228365472 0.5573352031306167 0.5654831782298811 0.5535616529873046 0.5447186617187499 0.5744950703125001 0.548522906325416 0.5782686204558122
0 0.6566814082411117 0.4371125233362173 0.6511891197606398 0.4305614769499154 0.6331191882631896 0.4457110073843026 0.6386114767436615 0.45226205377060447
0 0.683470417628676 0.3930373127416077 0.6781240976236134 0.38900700458919535 0.6559100182761873 0.4184746215350878 0.66125633828125 0.42250492968750014
0 0.4660707750000001 0.6955313382812501 0.4565739051771989 0.6936422257864986 0.41388576375638786 0.908242321427753 0.4233826335791891 0.9101314339225045
0 0.5327920102931394 0.7556664857096409 0.5178371298172755 0.7491995051876931 0.411211418397688 0.9957712653038973 0.42616629887355195 1.0022382458258452
0 0.5342971397632781 0.7042513264369743 0.5297415198714035 0.7037800056635927 0.5287158439974717 0.7136938258849564 0.5332714638893463 0.7141651466583381
0 0.5479953698904128 0.8279885678780691 0.541734209837894 0.8253509963796102 0.5006514338543033 0.9228747359200662 0.506912593906822 0.9255123074185251
0 0.7071326220109915 0.875261212768738 0.6752448590572666 0.8288791271487262 0.6693530277962317 0.8329297711873412 0.7012407907499567 0.8793118568073529
0 0.6649139657355156 0.8156679288732956 0.6354008951613811 0.7812355987752823 0.6300072958453546 0.7858586282597633 0.6595203664194891 0.8202909583577765
0 0.5508080081792806 0.28396914031571036 0.5467691747140729 0.2804459504195019 0.5366432087222921 0.29205392260379154 0.5406820421874998 0.2955771125
0 0.53876549296875 0.3621320421875001 0.5333647292538768 0.3609423753078306 0.5296074307403339 0.37799948753367196 0.5350081944552071 0.37918915441334156
0 0.40788675273111996 0.625678877005587 0.4020282296667377 0.6235019521646714 0.39672598396686765 0.6377713142215844 0.40258450703125004 0.6399482390625