1 0.4413855439769826 0.1959765204327768 0.40301536480623473 0.13311771252523802 0.33176606890611626 0.17660960078214688 0.3701362480768641 0.23946840868968566
1 0.3190639503248719 0.18394027050525766 0.26957389970673445 0.14249805365909635 0.22424183910678322 0.1966333327162993 0.27373188972492063 0.2380755495624606
1 0.5966669394694329 0.23509339800093842 0.5766900733953157 0.1842927815311705 0.4914229062322419 0.21782329547581494 0.511399772306359 0.26862391194558277
0 0.32675633105768265 0.29403857812354356 0.2906022362534256 0.21423101578030454 0.28436766592780033 0.21705537527705293 0.3205217607320573 0.2968629376202919
0 0.3602382466720645 0.3573938072580885 0.3301757627964369 0.303688577311947 0.3230551981556224 0.3076744434913586 0.35311768203125 0.36137967343750005
0 0.3706637329865585 0.3831871224494203 0.366794884054323 0.37299112123388795 0.35994533984375005 0.37559016484374996 0.3638141887759856 0.3857861660592824
0 0.4025977865729738 0.45616041828193926 0.3800460887078117 0.40006196123642496 0.37269000625000004 0.403019121875 0.395241704115162 0.4591175789205143
0 0.44824361015624997 0.5469101023437501 0.4321394982756216 0.5101513984151345 0.42527881171875004 0.5131570882812502 0.4413829235993784 0.5499157922098658
0 0.5083630312121714 0.6566578561531874 0.48875790390624985 0.6233071234374999 0.4807708205800192 0.6280023062015087 0.5003759478859408 0.6613530389171961
0 0.5844129989576792 0.7681143921493326 0.5177194249999999 0.6747896312500001 0.5090126439847272 0.6810118421400102 0.5757062179424064 0.7743366030393427
0 0.6212336433330354 0.8087610977247957 0.5864825648736683 0.7703975406106446 0.5788461306889298 0.7773148950862481 0.6135972091482969 0.8156784522003993
0 0.4055786026000009 0.24641128935495588 0.39381286416941375 0.2060875169397664 0.38757555599882176 0.20790744925389948 0.3993412944294089 0.24823122166908895
0 0.4790923285190088 0.42552050424926924 0.4165839490851411 0.2759614931893263 0.4087751264403973 0.27922520057378997 0.471283505874265 0.42878421163373287
0 0.5496837445312501 0.5908110765624999 0.5198643341527719 0.5171889539860655 0.5126211034499379 0.5201227035335545 0.5424405138284161 0.593744826109989
0 0.6714078645204341 0.8203514315015262 0.5509231889116009 0.5879723954426906 0.5415003964653649 0.5928579570254777 0.6619850720741981 0.8252369930843131
0 0.5433776372885574 0.29773947526712596 0.5384901142635596 0.2969903254062257 0.5325753277562523 0.3355789399828498 0.5374628507812501 0.33632808984375
0 0.5320696578125002 0.3541179914062501 0.5255292097944848 0.3517005667879588 0.5119951410444848 0.3883175816317088 0.5185355890625001 0.39073500625000007
0 0.48990902638934203 0.4921030123700472 0.47955587005594147 0.4897824261032058 0.4116348569546431 0.792807949010314 0.42198801328804364 0.7951285352771555
0 0.4716258109374999 0.59289613046875 0.47088793344836566 0.5849044125578926 0.46304714438586564 0.5856283547453927 0.463785021875 0.59362007265625
0 0.4193153740674296 0.896324385249408 0.4160503049351944 0.8284686977926524 0.40735418188629235 0.828887136452716 0.41061925101852753 0.8967428239094716
0 0.4194729184320146 0.8031589752117823 0.4124621543735717 0.8023561469146923 0.4106340093790573 0.8183205732654104 0.4176447734375002 0.8191234015625002