1 0.36957670716345087 0.21918743775719224 0.31713936471443793 0.16747839137199164 0.25852811739203474 0.22691514880730718 0.3109654598410477 0.2786241951925078
1 0.2479767555392 0.2371009874582196 0.18993099107708913 0.20886250792000144 0.15904199535768893 0.2723565557341846 0.21708775981979983 0.30059503527240283
1 0.5297088108869387 0.2195764070947246 0.4980355619398312 0.17511762716642026 0.423412958956572 0.22828013601577357 0.45508620790367954 0.27273891594407795
0 0.28207583083772936 0.3420679490848567 0.2276884698970736 0.27337748066490214 0.22232236818090997 0.2776262231410341 0.2767097291215658 0.34631669156098865
0 0.3298902078243355 0.39544124879394704 0.28772823700730743 0.3506040669671415 0.281783451839222 0.3561941564544445 0.32394542265625004 0.4010313382812501
0 0.3462459800543988 0.41794623931062497 0.3400254168129356 0.40898906209567354 0.33400809843750007 0.41316795781249993 0.3402286616789633 0.4221251350274514
0 0.39488529350425605 0.4810263693459831 0.35943203345367 0.4320500257055495 0.35300985937500007 0.43669894375 0.3884631194255862 0.4856752873904336
0 0.4611295773437501 0.55803767578125 0.43661109046333246 0.5262667997341136 0.4306813382812501 0.5308429578125 0.4551998251616677 0.5626138338596364
0 0.5460135790372728 0.6499812474255988 0.5189225351562501 0.622364084375 0.5123085696450895 0.6288520509182013 0.5393996135261122 0.6564692139688002
0 0.6467683136767653 0.7397288960892185 0.5594785210937502 0.665310915625 0.5525356580930181 0.6734546608259007 0.6398254506760332 0.7478726412901191
0 0.6923285562218051 0.7702605008610858 0.6493287490218742 0.7414435515492686 0.6435926088681382 0.7500028517726717 0.6865924160680691 0.7788198010844891
0 0.3470346598858437 0.27678656106735644 0.3258632109110927 0.2405069672286083 0.32025145877012406 0.24378178129184006 0.34142290774487494 0.28006137513058815
0 0.46169515555904067 0.4327908869660536 0.3648619419479687 0.30279656383529 0.35807463680171886 0.3078524505328131 0.4549078504127907 0.4378467736635767
0 0.5701771124999999 0.5760940140625 0.5234326642438457 0.5118727507220975 0.517114325383132 0.5164716522163582 0.563858773639286 0.5806929155567607
0 0.7438163440691479 0.7693683094702342 0.5706930013614133 0.5730398049414833 0.562732030039381 0.5800598246262401 0.7358553727471154 0.7763883291549909
0 0.4967542250000001 0.3321267609375 0.4931578872586562 0.2932534767961938 0.4882343090820365 0.29370897857357564 0.4918306468233804 0.3325822627148819
0 0.49582499999999996 0.35069295781250004 0.48889400333637323 0.3499296186375097 0.48462041193012323 0.3887331397312597 0.4915514085937499 0.38949647890625005
0 0.4957033577472897 0.8052347640955146 0.4882983169622742 0.4947788138867363 0.47769129316361897 0.4950318141715878 0.4850963339486345 0.8054877643803662
0 0.49494225390624996 0.5970010562500001 0.4878411968750001 0.5909820421875001 0.4834515903405648 0.5961607717970511 0.49055264737181475 0.602179785859551
0 0.5175915987506969 0.9040712346752169 0.49800773931695563 0.8390210431591119 0.4896711580811591 0.8415308349256646 0.5092550175149004 0.9065810264417697
0 0.4972940140625 0.82956760546875 0.4952057110443831 0.8136351221520952 0.4882089747410251 0.8145521986208962 0.490297277759142 0.8304846819375509