1 0.38148733902184384 0.2673921290594021 0.3264610442842425 0.21943614487851834 0.27981146569466003 0.2729634262950158 0.3348377604322613 0.32091941047589956
1 0.7878960248077549 0.24070571182358586 0.724125181206912 0.18318665401737338 0.6776497183236219 0.23471356679804423 0.7414205619244647 0.2922326246042567
1 0.9549581484862575 0.35604820594186093 0.904689021579318 0.27560078589635684 0.8542246293747529 0.30713443774719235 0.9044937562816923 0.38758185779269644
1 0.7563577278651028 0.3657681900239017 0.7129734265143262 0.3223757206245561 0.6700824538191228 0.36525861967119805 0.7134667551698993 0.4086510890705436
1 0.6935406749731076 0.412330343330843 0.6893855768149042 0.3644151764836272 0.6155615520256197 0.3708170339666914 0.619716650183823 0.41873220081390716
1 0.6570579745054593 0.25869997789129834 0.6172226336492987 0.2509145453187999 0.6087850783377645 0.29408657059777693 0.6486204191939251 0.30187200317027535
1 0.6791497996916187 0.21063979594202004 0.6051168333768374 0.17000660108482768 0.567894614707907 0.2378248287817466 0.6419275810226883 0.2784580236389389
1 0.6526703540031357 0.20138529367467412 0.6522016107215702 0.1580162894815788 0.5867811677414576 0.15872337034945938 0.5872499110230232 0.20209237454255463
1 0.8705593917576142 0.34393689187832005 0.8086690721612246 0.27782961952208396 0.7532373100851576 0.32972541477123085 0.8151276296815471 0.39583268712746694
1 0.8852710512095758 0.3232616839609033 0.8421442479861279 0.26807978093075946 0.8155595907883544 0.28885672439907184 0.8586863940118026 0.3440386274292157
0 0.34307336915725717 0.3014699602648852 0.33583975937499994 0.2828573320312501 0.3311386230302428 0.2846843811413648 0.3383722328125 0.303297009375
0 0.36226237916829285 0.36027797625052027 0.3506390296875 0.3249483328125001 0.3451150411442071 0.3267657089057298 0.35673839062499996 0.36209535234375007
0 0.458428493404096 0.5718961712565913 0.43007783010634626 0.5217437823910103 0.42480759253097417 0.5247229970282031 0.453158255828724 0.5748753858937842
0 0.36353939442819505 0.5645725942776332 0.3524584110501372 0.56001892007039 0.3318082741148388 0.6102692923457466 0.34288925749289667 0.6148229665529896
0 0.5087044109968127 0.6829859337001598 0.4612219140625001 0.5840764195312499 0.45394159618838276 0.5875714086032644 0.5014240931226954 0.6864809227721743
0 0.3981820437864155 0.6126824637708614 0.39442522170656774 0.606938340424151 0.3756910404201522 0.6191910344657897 0.3794478624999999 0.6249351578125001
0 0.41029050234374986 0.61996992734375 0.40585055106220613 0.615833211116528 0.37394597215595626 0.650076501741528 0.3783859234375 0.6542132179687499
0 0.48896531875000004 0.5521526445312501 0.48338662638070334 0.5490781682335454 0.4611022326307033 0.5895136002647954 0.466680925 0.5925880765625001
0 0.46207966612086987 0.5951590873765183 0.45716481762661465 0.5932771151160117 0.4476918710369947 0.6180161074269934 0.4526067195312501 0.6198980796875
0 0.44234107109375004 0.6389369882812501 0.4368029362914411 0.6366046558753826 0.42533866597894116 0.6638266222816325 0.43087680078125007 0.6661589546875001
0 0.4076794186702596 0.6538813018929326 0.4045286667252371 0.6496074358685909 0.360966841143381 0.6817218039603947 0.3641175930884036 0.6859956699847364
0 0.3653718906250001 0.6702003773437502 0.3602362700973815 0.6667938846242499 0.3511811439639673 0.6804453717930702 0.3563167644915859 0.6838518645125704
0 0.4102835878163109 0.6641445374092062 0.40609133915511286 0.6586644034771377 0.3721017845226154 0.684666079105716 0.3762940331838135 0.6901462130377845
0 0.3628216742187501 0.7029336117187502 0.3583145648501639 0.6969272735955498 0.31696637344391393 0.7279546345330499 0.3214734828125001 0.7339609726562502
0 0.32668927908565426 0.7188363053933184 0.3225017541361842 0.7157603409122213 0.30639113833178 0.737692845675153 0.31057866328125006 0.7407688101562501
0 0.31022930673915194 0.7225975230334611 0.30745285338769024 0.7182581025264883 0.27818953321851003 0.7369813959312315 0.28096598656997174 0.7413208164382045
0 0.3058536437301467 0.715006242360911 0.30203471883509114 0.7129973964479712 0.29576433984375006 0.7249177265625 0.2995832647388056 0.7269265724754399
0 0.29404849843750014 0.7338446992187502 0.2894765832067456 0.7313415811570878 0.27126606680049553 0.7646028717820876 0.2758379820312501 0.76710598984375
0 0.257776936421475 0.7966351750274031 0.25192095933662423 0.7936660314109409 0.22152928072764935 0.853606875133538 0.2273852578125001 0.85657601875
0 0.2380887359375 0.7376725562499999 0.2327388259139847 0.7342574743014729 0.21218290247648475 0.766459436801473 0.21753281250000006 0.76987451875
0 0.2978569524878193 0.6896213024912903 0.2933991425953262 0.6841071703104956 0.28704735260750686 0.6892421709442054 0.2915051624999999 0.6947563031249999
0 0.27601567979288594 0.7103785195316005 0.2698677687981029 0.7020047373594822 0.16243113525644554 0.7808831756824278 0.16857904625122852 0.7892569578545461
0 0.26295754374999997 0.7024955179687501 0.2564597291544491 0.6988106705860104 0.2475529263164034 0.7145168172643889 0.2540507409119543 0.7182016646471285
0 0.28452138359375007 0.6763964218750002 0.2805752234375 0.6725502937500001 0.2725422719930283 0.680792170228638 0.2764884321492783 0.6846382983536381
0 0.314608860031057 0.6403930088752391 0.31057555 0.6368316726562501 0.297431679017857 0.6517174636682098 0.301464989048914 0.655278799887199
0 0.29524039425097626 0.665490661692197 0.2916472734375 0.659740465625 0.28650243999418495 0.6629553139381734 0.2900955608076612 0.6687055100053703
0 0.5290139435525246 0.41052065058594395 0.5246381579469303 0.40817889420043574 0.51398058671875 0.42809353906250014 0.5183563723243444 0.4304352954480083
0 0.5036064662201094 0.4543492937801747 0.4993225189027079 0.4513858758060202 0.4912839753388485 0.4630064765570955 0.49556792265625005 0.4659698945312501
0 0.5449117109375001 0.4190055757812501 0.5378987811559031 0.41622031524554437 0.49296105741779267 0.5293677558817673 0.4999739871993897 0.532153016417473
0 0.5718730217705486 0.43906966539123654 0.5669418273945717 0.4341550985198073 0.5110324128552696 0.49025367195527136 0.5159636072312465 0.4951682388267006
0 0.5353218142883297 0.5044203711218962 0.5321284276683633 0.5003092555730148 0.5000095008800336 0.5252582383573686 0.5032028875 0.5293693539062501
0 0.6135407981224893 0.44555412893809104 0.610136878888422 0.44010671942293617 0.5916759907831196 0.45164236254372236 0.5950799100171869 0.45708977205887724
0 0.6362469091756143 0.4185633866575424 0.631538233080866 0.4163475774821947 0.6049583098427518 0.4728308931684026 0.6096669859375001 0.47504670234375024
0 0.6089557082321557 0.4824264995958976 0.6023875611770497 0.4770878313957784 0.5858092045073942 0.4974841325811309 0.5923773515625 0.5028228007812501
0 0.5868670551482705 0.3173878089274562 0.5830042674376505 0.31605707753127854 0.57822897791438 0.32991857485382237 0.582091765625 0.33124930625000004
0 0.48688918281250004 0.36969841093750005 0.48171754696995484 0.36667495401248085 0.4748698704074548 0.3783879336999808 0.48004150624999997 0.38141139062500007
0 0.50971476328125 0.33663926640624997 0.5047594342924777 0.33341247634903987 0.48657474296875 0.36133841093749997 0.4915300719575223 0.3645652009947101
0 0.5528772133129148 0.2851328639034288 0.5479746892911318 0.28099733046056163 0.5291486328125 0.30331493359375 0.5340511568342831 0.30745046703661716
0 0.528618203125 0.31234320390625003 0.5236626105463962 0.3087165492305228 0.5170094873035926 0.3178076183050721 0.5219650798821964 0.32143427298079935
0 0.71768471953125 0.25844425078125005 0.7123119448600715 0.25493529917413643 0.69730663359375 0.2779108671875001 0.7026794082649285 0.2814198187946137
0 0.8050070070312498 0.35060014453125 0.7994234890380698 0.3470304000585943 0.7675659539062499 0.39685949062499987 0.77314947189943 0.4004292350976556
0 0.7584605375000001 0.4146123500000001 0.7524395528561378 0.4110138343888744 0.7306739709067754 0.44743169354076057 0.7366949555506377 0.4510302091518862
0 0.693139707869047 0.5129727586281964 0.6850414250000001 0.5067782140624999 0.6025929695254169 0.6145651397142536 0.6106912523944638 0.6207596842799501
0 0.593516548145586 0.64049944348303 0.587797536946534 0.6370038407874821 0.5388296251201915 0.7171182189133811 0.5445486363192433 0.7206138216089292
0 0.542798580204187 0.7535086899523957 0.5168899047735609 0.7044151033824421 0.5108465274859616 0.7076044385194487 0.5367552029165877 0.7566980250894023
0 0.5525120062500001 0.5865058265625 0.5478982708067487 0.5839584605995828 0.5321721098692487 0.6124413512245829 0.5367858453125001 0.6149887171875001
0 0.5345534164062501 0.6201707539062502 0.530541437981915 0.617976624072081 0.502456015325665 0.6693309732908308 0.5064679937500001 0.6715251031250001
0 0.524242996875 0.57808038671875 0.5211121485636074 0.5731245011944236 0.4974855231890912 0.5880504674611207 0.5006163715004838 0.593006352985447
0 0.5666117609375 0.5560939000000001 0.5620364362890923 0.5542498100380282 0.5523236218750001 0.5783480265625002 0.5568989465234078 0.5801921165244721
0 0.554204462908684 0.5707688335292079 0.5512008243951874 0.5662902736086716 0.52681478046875 0.5826452765625 0.5298184189822466 0.5871238364830363
0 0.66585358515625 0.4720864750000001 0.6594481951507347 0.4652912457048566 0.64355918359375 0.48026871171875013 0.6499645735992653 0.48706394101389366
0 0.7028294519699728 0.43705062312223975 0.6985267798452325 0.43192095118935675 0.6702532747502595 0.45563623431711714 0.6745559468749999 0.46076590625000013
0 0.4229553984375002 0.6828874679687502 0.4141268905851259 0.6789104423932054 0.3242583255298294 0.8784076086048206 0.33308683338220374 0.8823846341803654
0 0.47443910777271 0.756490367513368 0.4613222739274193 0.7468250190613926 0.3019627946652373 0.9630915946060018 0.3150796285105279 0.972756943057977
0 0.4874715547459454 0.7067315558205489 0.48313871919018736 0.7052475234687856 0.4799092070090767 0.7146765262728307 0.4842420425648347 0.716160558624594
0 0.47298387699400524 0.8303788509424301 0.46747651462066353 0.826400425794823 0.4055086204774823 0.912183024661776 0.4110159828508239 0.9161614498093831
0 0.617408420885868 0.9122379942709233 0.5967716379711454 0.8598714919187689 0.5901196174752309 0.8624929445030052 0.6107564003899535 0.9148594468551599
0 0.5896773989431071 0.8446749507756163 0.568666334301664 0.8044861227970845 0.5623710169172005 0.8077773688263047 0.5833820815586436 0.8479661968048365
0 0.598102172177852 0.30093531208958096 0.5949593995163343 0.2965938818252501 0.5824817351509823 0.3056264955169191 0.5856245078125001 0.30996792578125
0 0.5687854781250001 0.3743859273437501 0.5637907526244024 0.37201184415874955 0.5562927380037911 0.3877865756702795 0.5612874635043889 0.3901606588552801
0 0.38197601348274823 0.6017367636523405 0.37675734558712143 0.5982977524512407 0.36838108835437333 0.6110086458301506 0.3735997562500001 0.6144476570312503