1 0.30765120206766317 0.24050304034844153 0.3046865449169056 0.18290397626016047 0.2115535109946706 0.18769758739533646 0.21451816814542815 0.2452966514836175
1 0.42377367695575696 0.21647644442333655 0.3987615341164411 0.1539460896373675 0.334774161713331 0.17954103954509143 0.3597863045526469 0.24207139433106048
1 0.5388286892266834 0.15947771107955458 0.5026679176594812 0.11077731757323087 0.43566274367829705 0.1605296627948279 0.47182351524549926 0.20923005630115163
0 0.26676965783797646 0.2751444631828963 0.263471015939564 0.2435064005682963 0.25675774609375 0.24420633828125005 0.26005638799216246 0.27584440089585005
0 0.2732173501952816 0.3444158548951506 0.27163380312499996 0.31066866171875 0.265961258653951 0.31093483914960235 0.2675448057242326 0.3446820323260029
0 0.44764763172494354 0.8842472069135245 0.279913243671443 0.36237749949697895 0.25802993378033506 0.3694110244190153 0.4257643218338357 0.8912807318355609
0 0.4213490374068626 0.30819083690282256 0.40937092254729074 0.26460257499247414 0.4006657660200328 0.266994764086146 0.41264388087960474 0.3105830259964944
0 0.44626371395248843 0.38755913466807745 0.44081866171875 0.37120422499999994 0.43150294197706407 0.3743057144987378 0.43694799421080244 0.3906606241668153
0 0.46872494422855054 0.4853246355307882 0.4465992186507249 0.3887882756298507 0.436463667835559 0.3911113010282249 0.4585893934133846 0.48764766092916234
0 0.5124302820312499 0.6282475351562501 0.48006535001157147 0.5162751278914438 0.4695249106527862 0.5193217767189344 0.5018898426724646 0.6312941839837407
0 0.619262318504082 0.8612200442342848 0.52255739453125 0.6599855632812501 0.5086174732571488 0.6666845098067904 0.6053223972299807 0.867918990759825
0 0.5675587946273571 0.3232504803545794 0.5268705140026808 0.22077076076197275 0.5177531181399361 0.22439070783934928 0.5584413987646124 0.3268704274319559
0 0.5859299091002916 0.3680931419677245 0.5754045773437501 0.34800563359375014 0.5700675177258689 0.3508021139753299 0.5805928494824106 0.3708896223493043
0 0.7516386426134722 0.6710955097823644 0.6010584507812501 0.3991489437500001 0.5886257592212376 0.40603307951023887 0.7392059510534599 0.6779796455426033
0 0.8263047529552017 0.7533897795307319 0.7625742356869373 0.6877253598535655 0.755181751388248 0.6949001258923009 0.8189122686565125 0.7605645455694672
0 0.4005352109375 0.24570845078125 0.39450176093749995 0.22119542265624997 0.3880778124602192 0.22277656439616916 0.39411126246021916 0.24728959252116917