1 0.38646457425791897 0.207392196336247 0.30269697811486285 0.17526998486901074 0.2800122619105613 0.23442668855860488 0.3637798580536174 0.2665489000258411
1 0.3051622480377555 0.2856732885448858 0.2942237500475936 0.22813332279014237 0.22648573748822964 0.2410104961516347 0.23742423547839153 0.29855046190637813
1 0.5783465733449642 0.22269159294717938 0.5383165474880731 0.21528370067322303 0.5269426493442413 0.27674483157977103 0.5669726752011324 0.2841527238537274
1 0.5634891847618135 0.19802903447722642 0.4887597801374506 0.16562036196463265 0.4603928450776239 0.2310301428563078 0.5351222497019869 0.26343881536890157
1 0.5650896275297871 0.14893674598533516 0.4830652373769572 0.13735605782062146 0.4764152955274022 0.18445666332898333 0.5584396856802321 0.19603735149369703
1 0.6879273995500208 0.16071824451869884 0.6160080295773319 0.12148838647642561 0.5814534652098928 0.18483662740834556 0.6533728351825817 0.22406648545061883
1 0.8023817254721426 0.19279324225182984 0.7128044035704197 0.16182802107880184 0.6925264943340175 0.22048869697106147 0.7821038162357402 0.25145391814408946
1 0.7784787344295347 0.3684191073607126 0.7664744774178213 0.29475168742407193 0.7235276604136514 0.3017499592462219 0.7355319174253647 0.37541737918286255
1 0.8939832431609606 0.3504260518013043 0.8921160415640574 0.2897837678214138 0.8151854863319364 0.2921524921858802 0.8170526879288396 0.3527947761657707
1 0.6714779989317146 0.2788349270575859 0.6568881700828468 0.25244045726857633 0.6417151696712207 0.26082749746673184 0.6563049985200884 0.2872219672557414
1 0.6945377379899865 0.2374760681666765 0.6766644602867139 0.22435947262999206 0.6694195027654773 0.23423178571331568 0.68729278046875 0.24734838125000014
0 0.27500166913509333 0.3084524566113147 0.27316530502670033 0.28789524633259467 0.26784948745410697 0.28837010534628005 0.2696858515625 0.30892731562500003
0 0.3318424397655885 0.33568595852836014 0.3295340900970231 0.24684767785794248 0.321639745157467 0.24705280236493707 0.32394809482603243 0.33589108303535475
0 0.33167402187500006 0.38481810234375 0.32986274312200325 0.34804911115239023 0.32454346570464543 0.34831114429105353 0.32635474445764223 0.3850801354824133
0 0.34346389358147 0.5896324746814867 0.3404953576212581 0.5136074527352101 0.33322589294603805 0.5138913022724734 0.33619442890624995 0.58991632421875
0 0.3301848092080626 0.7015262762672017 0.3108117571704351 0.5615316348694552 0.30202143267129056 0.5627480772436011 0.3213944847089181 0.7027427186413474
0 0.3405396935421946 0.6056908068318128 0.33358501939357577 0.6055622653494702 0.33196948734844584 0.6929698379538964 0.33892416149706467 0.6930983794362389
0 0.33171497098308483 0.7835508479449113 0.33145724796615594 0.7707849180843211 0.3260130246393211 0.7708948279519101 0.32627074765624997 0.7836607578125001
0 0.3374413232341136 0.9128779609422709 0.33197291746907476 0.7930213220513498 0.3250115733825091 0.7933389302747044 0.3304799791475479 0.9131955691656255
0 0.3674069080591287 0.6746555569354443 0.3597464557060837 0.6693294876165518 0.24350658749070514 0.8365165666186074 0.2511670398437501 0.8418426359375001
0 0.4446990406250001 0.5727264625000001 0.4401876551347203 0.5688025103376846 0.4197911887284703 0.5922524197126846 0.4243025742187501 0.5961763718750002
0 0.5694619387514748 0.4134151267635745 0.5645280660712005 0.4086896477294532 0.552361678125 0.42139257343750003 0.5572955508052743 0.4261180524716213
0 0.5656135629085552 0.38740448694825835 0.5584290899429222 0.3858434729198719 0.5509375179564933 0.42032298138542235 0.5581219909221262 0.42188399541380883
0 0.5466234186595864 0.4473811244695243 0.5412016014931442 0.44526427156933596 0.5311564502723158 0.4709925464644648 0.5365782674387579 0.47310939936465307
0 0.5884858173541663 0.3166139430202368 0.582480015625 0.3148763359375001 0.577795048497193 0.331069285400479 0.5838008502263593 0.3328068924832157
0 0.6332798458910267 0.3378007022507494 0.6284952280884355 0.3334158674825568 0.6014965384474088 0.3628761363255575 0.60628115625 0.36726097109375005
0 0.44644082069220803 0.4410090994317201 0.4413364785081203 0.4402430234912812 0.4382650664749347 0.46070775443782724 0.4433694086590224 0.4614738303782662
0 0.4854419396412525 0.41339692076422463 0.4781597594183804 0.411603056221763 0.4676323991521988 0.45433879959302015 0.4749145793750709 0.45613266413548176
0 0.50054914609375 0.3041103398437501 0.49074151235269703 0.303564487830878 0.48656157777523595 0.37866775104246536 0.4963692115162889 0.3792136030553374
0 0.5085158696721301 0.2497181385780231 0.5027299828125 0.24887451093750004 0.4983214095730367 0.279110013842683 0.5041072964326667 0.2799536414832061
0 0.542774164434942 0.4456503310385963 0.5376376412203132 0.44168647145191553 0.48561660213617186 0.5090973544717523 0.4907531253508005 0.5130612140584331
0 0.5108823470646643 0.402679963589985 0.5053120760902972 0.4018563910742955 0.5003264452554397 0.435576936866264 0.5058967162298068 0.4364005093819535
0 0.6955896457644419 0.27543278186634723 0.6877756035286269 0.27061419311858975 0.638171339631828 0.3510547190602343 0.6459853818676431 0.35587330780799176
0 0.6384480468372336 0.365051694210971 0.6311046026783883 0.3609147959346538 0.5936777346527782 0.42735155532029057 0.6010211788116234 0.4314884535966077
0 0.5877705302599324 0.45564165287746017 0.5809922624999999 0.4507377304687501 0.5350707470219839 0.5142110691372042 0.5418490147819164 0.5191149915459142
0 0.5268278266905705 0.541138682437561 0.5210107160255786 0.5370932506691921 0.5128702541787582 0.5487987916691311 0.5186873648437501 0.5528442234375002
0 0.5163717138154175 0.5568888756626206 0.5080417127637893 0.5518150907716934 0.459543212806785 0.6314385995189093 0.4678732138584133 0.6365123844098365
0 0.4085825382710473 0.7174900048303134 0.3996268112635576 0.7120798751313566 0.3405435443233085 0.809884112528759 0.34949927133079817 0.8152942422277158
0 0.845489545953382 0.34835873441106974 0.8402323145385037 0.3453039700982507 0.8204194490538714 0.37940179506218114 0.8256766804687498 0.3824565593750001
0 0.8186285499989161 0.3955879630379909 0.8139280684528039 0.39316441360769006 0.8003403625000003 0.41951781093750007 0.8050408440461124 0.42194136036780094
0 0.79529979375 0.44400135234375 0.7901487302625543 0.44118045168725184 0.7464550418651956 0.5209666584141686 0.7516061053526413 0.5237875590706668
0 0.7382569890624999 0.5493601296875001 0.733818771704154 0.5472164271515403 0.7209315065756744 0.5738975934212882 0.7253697239340203 0.576041295957248
0 0.7223467681877472 0.5846930377881392 0.7089054196742988 0.5788403521301746 0.5528446010716898 0.9372515115057208 0.5662859495851381 0.9431041971636855
0 0.3707707015625 0.9414840304687502 0.36428906239511766 0.8927070444590826 0.3577510907642368 0.8935758306729242 0.3642327299316191 0.942352816682592
0 0.3479663274828381 0.8565409199708952 0.34238931810652906 0.8524955047036918 0.3302837695299411 0.8691842136390466 0.3358607789062501 0.87322962890625
0 0.3347086108267778 0.8735231360435769 0.3290264557863062 0.8701855472495398 0.32011202152202856 0.8853621315184629 0.32579417656250015 0.8886997203125
0 0.4086033782704964 0.8420136498702326 0.401917223484237 0.8412941059019465 0.3920704209949907 0.9327926779067139 0.3987565757812502 0.9335122218750002
0 0.4202850959664726 0.8563760941363258 0.42016636640625 0.84356677109375 0.4140579220022774 0.843623390238674 0.4141766515625 0.8564327132812499
0 0.4184259297039789 0.862198213747952 0.4128994736164026 0.861905608740465 0.41172452828742384 0.8840969028050129 0.41725098437500013 0.8843895078124999
0 0.41761250249971005 0.8899129755229843 0.4113038847892323 0.8891771522998372 0.40785452768056774 0.9187503903561385 0.41416314539104543 0.9194862135792856
0 0.5008196703125 0.6522232156250002 0.495259344863911 0.6472530058283257 0.4776277503326611 0.6669780089533256 0.48318807578125006 0.6719482187500001
0 0.5707857923850796 0.5510813044490639 0.5651628588665931 0.547598195894315 0.5499306399190134 0.5721882289452513 0.5555535734375 0.5756713375000002
0 0.616842989029956 0.4969379239950163 0.6111407583298826 0.4923825274776494 0.5822639864874266 0.5285291097326332 0.5879662171875 0.53308450625
0 0.7016137359375 0.38216815859375014 0.6967399931876035 0.3790631546281923 0.6920147424063534 0.38648010384694226 0.69688848515625 0.38958510781250016
0 0.6280858979119915 0.1980585963424604 0.6220424438633991 0.19730998620893947 0.6203559307627227 0.21092503624619913 0.6263993848113152 0.21167364637972005