1 0.49338936116737625 0.18620720351817685 0.42566001173041246 0.1273719938451478 0.3841105680499621 0.1752024818400721 0.451839917486926 0.23403769151310114
1 0.3979599164652731 0.170498134197913 0.32949784734054266 0.16779457454608968 0.3271882586947027 0.22628014094169302 0.3956503278194332 0.22898370059351633
1 0.6684667572519996 0.2662114422821503 0.6333844857576817 0.24555922588348186 0.601675573542178 0.29942369474530883 0.6367578450364959 0.32007591114397727
1 0.6629404712867306 0.23795469175963352 0.6038022197260065 0.18194153966140897 0.5547745573848035 0.23370456531445377 0.6139128089455277 0.2897177174126783
1 0.6812349469911124 0.19237041685751663 0.6081180623003625 0.15343413320604807 0.5857598043473241 0.19541980865652692 0.6588766890380742 0.23435609230799548
1 0.792783093404076 0.24496656760055419 0.7380649166679472 0.1840616404051679 0.6844673068344693 0.23221478043099625 0.7391854835705982 0.2931197076263825
1 0.8893525316805629 0.31369687949782343 0.8146724771744912 0.25508756689795864 0.7765421897237085 0.3036732236620546 0.8512222442297801 0.3622825362619194
1 0.8170113536974035 0.3949301178861323 0.771587617344265 0.3902601491428726 0.7640402958257939 0.46367124923261327 0.8094640321789324 0.468341217975873
1 0.9406695962738985 0.4371696486976793 0.8674643981735691 0.412300405679516 0.8479941490664322 0.4696131048199653 0.9211993471667614 0.4944823478381288
1 0.7367795209502189 0.35082174221256057 0.7320970055080769 0.32102903773973424 0.7149705126922935 0.32372080636224326 0.7196530281344355 0.3535135108350696
1 0.7725941494673876 0.319844022958691 0.7602849022671256 0.30140543487917687 0.7501003395184882 0.30820445332673574 0.7624095867187501 0.3266430414062499
0 0.3593892096413528 0.22310469307192352 0.3542315628510874 0.22173279772088925 0.3489262007812501 0.24167833046875006 0.35408384757151545 0.24305022581978433
0 0.42639763620735394 0.20381185601179808 0.4189092213165564 0.2013045848570171 0.3906938791681639 0.2855747635690719 0.39818229405896144 0.2880820347238529
0 0.3920935398500334 0.29902250202640934 0.3870054341940718 0.2974494327730418 0.3761317435627884 0.3326204760591325 0.38121984921875 0.3341935453125001
0 0.3478313048358686 0.459261545270401 0.3402972583946558 0.456341659210821 0.31273236564019397 0.5274660722603634 0.32026641208140677 0.5303859583199434
0 0.3011761454006356 0.49311463319227933 0.2924998953393148 0.4912512472553141 0.2628236222762892 0.6294291527954785 0.27149987233760997 0.6312925387324437
0 0.3140079420813402 0.5447782346847267 0.30751664961901753 0.5422788064179198 0.2761033950635374 0.6238625130683616 0.2825946875258601 0.6263619413351685
0 0.24900772307005034 0.696809572995689 0.24385423472670692 0.695050820393883 0.23973021015625004 0.7071350171875 0.24488369849959346 0.7088937697893062
0 0.2418869963543222 0.7178813274311363 0.23523684389054375 0.7157988614898084 0.1993820794133378 0.8302975649712409 0.20603223187711625 0.8323800309125687
0 0.31566753133113384 0.6187730297018628 0.31029068405555255 0.6111481330537063 0.14387958866191872 0.7284962213205936 0.14925643593750001 0.73612111796875
0 0.42316018203125 0.5494264781250001 0.4202629374594228 0.5441961849786716 0.39307618667817285 0.5592558888849216 0.39597343125 0.5644861820312501
0 0.594886642461684 0.4423942165787403 0.5918665281999594 0.436266234911823 0.57608920625 0.44404192968749995 0.5791093205117246 0.45016991135441725
0 0.6014329234031789 0.41772843258232834 0.5958442176272959 0.4137030234599348 0.5751426606156325 0.4424441793830026 0.5807313663915155 0.44646958850539614
0 0.5627681977624147 0.46782541608960343 0.5587130451774502 0.4637651299453151 0.5392945931045344 0.48315903060186516 0.5433497456894989 0.4872193167461535
0 0.6458711955774893 0.3579374074031964 0.640821884375 0.35425048515625013 0.6308811394145661 0.36786452731061925 0.6359304506170554 0.37155144955756547
0 0.6807175144534978 0.39316690907169616 0.6777211463578721 0.3874100766708471 0.642274671748124 0.405859577755401 0.6452710398437498 0.4116164101562501
0 0.4698469108043917 0.42624836717388304 0.4653124105883955 0.42378270311939065 0.45542687742662824 0.4419627760192646 0.45996137764262446 0.4444284400737571
0 0.5159398956578867 0.41364057527878195 0.5097104230256881 0.40946424204369736 0.48520145452927926 0.4460221362292424 0.4914309271614779 0.450198469464327
0 0.5675142382812501 0.31611175078125014 0.5584847700882709 0.31224440954677385 0.5288700875086023 0.38138876950509637 0.5378995557015815 0.38525611073957267
0 0.5936037384272649 0.26772458077514616 0.5884553203125 0.2649529398437501 0.5739714650295965 0.29185719791897397 0.5791198831443614 0.29462883885037
0 0.5587832491294178 0.4635576434335458 0.5553122156054242 0.4580760386866304 0.4833725481833362 0.5036293043553258 0.4868435817073298 0.5091109091022412
0 0.5435114738225988 0.41227106181333434 0.5385588091792904 0.4095920117839869 0.5223407435889651 0.43957377365934275 0.5272934082322734 0.4422528236886902
0 0.7606006587438614 0.35587144110240454 0.754905915330365 0.34867088903885984 0.680780874859986 0.40729460042496035 0.6864756182734822 0.414495152488505
0 0.6762536465894449 0.42054209388840125 0.6707679685810034 0.4141430750582882 0.6128755076712302 0.46377246482860857 0.6183611856796716 0.47017148365872163
0 0.5976487672083758 0.4883360778354108 0.5929565195312498 0.4814095945312501 0.5280952507620518 0.5253489392684115 0.5327874984391776 0.5322754225725722
0 0.5111396526267714 0.5478333741833545 0.507056975751198 0.5420423421573508 0.49540391296817654 0.5502577500052463 0.49948658984374994 0.5560487820312501
0 0.4959272366747819 0.5590575126594644 0.4898349329967749 0.5514406864958599 0.4170284066062598 0.6096748458405121 0.4231207102842668 0.6172916720041165
0 0.3397097227021981 0.6731071384167825 0.3331444654772239 0.6649602406587392 0.24417333680285536 0.7366584947293535 0.2507385940278296 0.744805392487397
0 0.8765183441516655 0.4756682062516866 0.8726229534924606 0.47099958762199845 0.8423428069970452 0.4962646626203118 0.8462381976562501 0.50093328125
0 0.8351239166200747 0.5108621614000647 0.8315358110055721 0.5069771102068709 0.8097541523437499 0.5270939343750003 0.8133422579582525 0.5309789855681941
0 0.7966437031250001 0.5483769617187501 0.792768091792363 0.543964414852103 0.7244209643897426 0.6039948030881959 0.7282965757223796 0.6084073499548429
0 0.70700617578125 0.6278720390625 0.7035688053549175 0.6243396580222716 0.6823332411740994 0.6450040482650958 0.6857706116004318 0.6485364293053241
0 0.6799708927747841 0.655632496263012 0.6693418927788695 0.6455355584124256 0.40010885601921287 0.9289559368445064 0.41073785601512736 0.9390528746950928
0 0.23815971312600626 0.8226080378087255 0.23171888747124295 0.821188312015743 0.22112692512648682 0.8692405367070176 0.22756775078125013 0.8706602625000001
0 0.2351909032018349 0.7830402928043487 0.23133384231096885 0.7773313966861837 0.21425047348413395 0.788873311694335 0.218107534375 0.7945822078125
0 0.21692446434948726 0.7944639502127206 0.21272650736640353 0.7893842308887227 0.19915898207941632 0.800596639269752 0.20335693906250002 0.8056763585937501
0 0.297139711352871 0.7901282179680582 0.2911028795267353 0.7871652681754467 0.25055555723636447 0.8697779963011385 0.2565923890625001 0.87274094609375
0 0.3074741671875002 0.7955424484375003 0.3017147423344747 0.7935064419821607 0.29744526484375006 0.8055838765625001 0.30320468969677555 0.8076198830178397
0 0.29946636345731076 0.8124550131353576 0.29437327005406233 0.8102898949839193 0.28567931284675174 0.8307410357548118 0.29077240625000017 0.8329061539062501
0 0.2892229848089902 0.8382201619325933 0.2835464905812979 0.8353710403192313 0.27019051160570273 0.8619810443304973 0.2758670058333951 0.8648301659438593
0 0.44870683203125006 0.6433233765625002 0.4451817473976941 0.6367511639473977 0.42186711927269405 0.6492562428536477 0.42539220390625 0.6558284554687501
0 0.5490460515716252 0.5722108918333902 0.5449535150653311 0.567014683278156 0.5222296252124559 0.5849120305072657 0.5263221617187501 0.5901082390625001
0 0.6108437861155848 0.537085245691393 0.6070434796341123 0.5308542957966498 0.5675453310185277 0.5549445344802568 0.5713456375 0.5611754843750001
0 0.729755803125 0.4582302476562499 0.7262379570988843 0.45364557962862745 0.7192609281926343 0.4589990999411274 0.72277877421875 0.4635837679687498
0 0.7239500061005417 0.2604451229709455 0.7186350718935761 0.25740000374680827 0.711882190639365 0.26918644523950636 0.7171971248463306 0.2722315644636436