1 0.4176723773447013 0.1971274490115846 0.3377213539769323 0.1564251086110616 0.308977348223347 0.21288654677589638 0.388928371591116 0.2535888871764194
1 0.32863283208843647 0.26648130121964175 0.3237688195424718 0.2081131614600921 0.2550558521207268 0.21383924313729935 0.2599198646666915 0.27220738289684904
1 0.6069040037953751 0.2324001642631241 0.5678676022162217 0.22084857649163792 0.5501315745063945 0.2807841207471902 0.5891679760855479 0.2923357085186764
1 0.594705945487372 0.2063196898221078 0.5237735450522283 0.16627720545984195 0.4887248228787069 0.2283635129291929 0.5596572233138507 0.26840599729145875
1 0.6020251832404099 0.15940110635488156 0.5216965302564807 0.13674430925607023 0.5090719408052411 0.18150422217184628 0.5894005937891703 0.2041610192706576
1 0.7223625139812511 0.18222062815144863 0.6549377628604043 0.13568805352327376 0.6139507970599845 0.19507733061301966 0.6813755481808312 0.24160990524119455
1 0.8327672379064717 0.2330076468388619 0.752960632383538 0.1844977503853073 0.7198249717729589 0.23901125769864917 0.7996315772958925 0.28752115415220375
1 0.7901846455749548 0.39910772190158983 0.7873869995129966 0.32437061492256786 0.7444385940396645 0.3259783094440266 0.7472362401016227 0.4007154164230486
1 0.9118145403177463 0.33177950769226017 0.8351433469908118 0.326302996486982 0.8308125417447668 0.38693429875854324 0.9074837350717013 0.3924108099638214
1 0.6936566701748017 0.29797082345413456 0.6819057381521401 0.2701958930032785 0.665939173330574 0.2769509780676899 0.6776901053532356 0.304725908518546
1 0.7209132625798991 0.25924893186382214 0.7045089541660217 0.24433592511724914 0.6962717478361228 0.253396852628427 0.7126760562500001 0.268309859375
0 0.29657891353595095 0.26534649649205194 0.2912425798653345 0.2652630998598794 0.2909200703125 0.28589964765625003 0.2962564039831164 0.28598304428842264
0 0.3569295435218437 0.23041593322194814 0.34905700318332533 0.2297947502853943 0.34206657857432243 0.3183876534051285 0.3499391189128408 0.3190088363416823
0 0.34667796544230767 0.3310973282884616 0.3413604380673077 0.33080191010096155 0.33931838825000005 0.36755880681249997 0.344635915625 0.367854225
0 0.3424958402368717 0.49728459008432013 0.33447920339029535 0.49627408810855866 0.32493965964568644 0.5719543536764983 0.3329562964922628 0.5729648556522597
0 0.310049842714882 0.6826717732640856 0.30541634250314853 0.5414190020099184 0.2965470200016108 0.5417099414890092 0.3011805202133443 0.6829627127431763
0 0.3303655361700587 0.5884436810159339 0.3234623968005 0.5875888823264114 0.31271913579053695 0.6743487580074821 0.31962227516009567 0.6752035566970047
0 0.3040758116782606 0.7516840153521614 0.29864992331836904 0.7512242466987351 0.2975718312500001 0.7639471828125001 0.30299771960989164 0.7644069514659264
0 0.3022643188762865 0.7738525078151091 0.2953079100808753 0.7734407175469452 0.2882179296650459 0.8932123730158492 0.2951743384604571 0.8936241632840132
0 0.349876789696565 0.6598390236910401 0.3428150282220155 0.6537413960702416 0.20973612602545058 0.8078622317542017 0.21679788750000006 0.8139598593750001
0 0.43739999999999996 0.56654753515625 0.43332349308810425 0.5621735105691983 0.4105875774631043 0.5833629472879482 0.4146640843749999 0.587736971875
0 0.5781320031962359 0.42115019765488293 0.573719106280179 0.4159348753077479 0.56029154921875 0.42729647890625 0.5647044461348069 0.432511801253385
0 0.5770235607014983 0.3948797815742459 0.5700416156335355 0.39257633708913414 0.558986993221031 0.42608388065271685 0.5659689382889938 0.4283873251378287
0 0.5518681810021657 0.45254285101812003 0.5466973365292123 0.4498708601643446 0.5340178765636994 0.4744081879737071 0.5391887210366528 0.47708017882748266
0 0.6071701456988323 0.32686783773155864 0.6013788734375 0.3245119718750001 0.5950269464947044 0.34012650196694566 0.6008182187560367 0.3424823678235042
0 0.6495041680324356 0.3526207845529602 0.6452041010830714 0.3477598418280638 0.6152738768006359 0.37423659243135365 0.6195739437500001 0.37909753515625005
0 0.45290045136014456 0.435733798383238 0.4479041475244463 0.434438370106822 0.4427104147071839 0.4544699439645985 0.44770671854288213 0.45576537224101454
0 0.4945741773564344 0.4123496098705287 0.48751939996252547 0.4098043772274259 0.47258260736382 0.45120560121707187 0.47963738475772894 0.45375083386017456
0 0.5210221828124999 0.30524084531250006 0.5113253332783355 0.30367280671763447 0.4993178688006615 0.37792772410811465 0.5090147183348259 0.3794957627029803
0 0.5346307976603085 0.25197935956313555 0.5289647890625 0.2505355632812501 0.5214198950845261 0.28014461179114436 0.5270859036823347 0.28158840807302987
0 0.5482209309139754 0.4504191821146907 0.5435268821244728 0.4459401238852353 0.4847444631385815 0.5075440434034493 0.4894385119280842 0.5120231016329047
0 0.5209954458434088 0.4043506076354017 0.5155417752369053 0.4029492948169998 0.5070587004845973 0.4359639756376561 0.512512371091101 0.4373652884560581
0 0.7179918515033125 0.29710766984606085 0.7107242950688468 0.2914986879481411 0.6529834436530418 0.36631349460567114 0.6602510000875075 0.3719224765035909
0 0.6517955532198241 0.3802627171834674 0.6449247604752956 0.37538088201822795 0.6007583882747796 0.4375415202610326 0.6076291810193081 0.44242335542627204
0 0.5919264237043058 0.4650591715518663 0.5856978875000001 0.4594735914062501 0.5333931643190934 0.5177991105994809 0.5396217005233993 0.5233846907450971
0 0.5227948948893478 0.5447744730306388 0.51766654921875 0.5396461265624999 0.507932921516902 0.549379752750611 0.5130612671874999 0.5545080992187499
0 0.5103355206963681 0.5582885426163504 0.5025815072331512 0.5523718302745009 0.4460257643864932 0.6264896791943174 0.4537797778497102 0.632406391536167
0 0.38634943601423766 0.7067428443674357 0.3780082820771698 0.7004262237909121 0.30902535375067486 0.7915187973007949 0.3173665076877427 0.7978354178773184
0 0.8594477458722609 0.3853029321140791 0.8545386240958515 0.3817153721164589 0.8312701032235905 0.41355539781488 0.8361792250000001 0.4171429578125002
0 0.8277970991880028 0.42946569572744214 0.8233756968823313 0.4265640884708768 0.80710774609375 0.4513528171875002 0.8115291483994216 0.45425442444406555
0 0.79953556328125 0.47517535234375 0.7947075823206944 0.4718314721488932 0.7429133226236552 0.5466133677646471 0.7477413035842106 0.5499572479595038
0 0.7317922539062499 0.57399436640625 0.727602427383653 0.5713984872029922 0.7119968187529669 0.5965864053696222 0.7161866452755639 0.59918228457288
0 0.7122758962613379 0.6074706464263319 0.6995199530650394 0.6002450188548634 0.5068498838052911 0.9403799669677232 0.5196058270015895 0.9476055945391917
0 0.32533098593750004 0.9255573945312499 0.32398343722897255 0.8763700987314984 0.31739046820378686 0.8765507215275028 0.3187380169123143 0.9257380173272542
0 0.3115305090659249 0.8386959050152974 0.30640691234929274 0.8340896950652542 0.292623234533368 0.8494216072374572 0.2977468312500001 0.8540278171875002
0 0.29657029493350484 0.8541992827025743 0.2912681399627921 0.8502860303718507 0.2808161551855374 0.8644476632942766 0.28611831015625006 0.8683609156250001
0 0.37335389721466344 0.8305865152347589 0.36677958293438717 0.8291720195547079 0.3474225169697238 0.9191400816636991 0.3539968312500001 0.9205545773437501
0 0.3846911968750001 0.8333397890625 0.378610296634506 0.8327575916237834 0.37738943671875014 0.8455091546875 0.38347033695924426 0.8460913521262168
0 0.3810127783652383 0.8516872414372039 0.37554718260095904 0.8508185674596438 0.3720590518919709 0.8727654807099402 0.3775246476562501 0.8736341546874999
0 0.37730682551196326 0.8791651529912082 0.37110968181737786 0.8777739306398038 0.36458797563211875 0.9068246070633947 0.3707851193267042 0.9082158294147991
0 0.48490352109375 0.6514750000000001 0.4798931845751544 0.6459508056713986 0.4602963533251544 0.6637247494213986 0.46530668984375 0.6692489437500001
0 0.5650585701763787 0.5582006055965499 0.5598305231603565 0.5541488210313797 0.5421113897027279 0.5770119474660798 0.54733943671875 0.58106373203125
0 0.6157194741867298 0.5082303031839609 0.6105798392817511 0.5036952210251856 0.5799036454319422 0.5384607293759646 0.5850432803369209 0.5429958115347399
0 0.7128260562500001 0.4038880281250001 0.7083035736773651 0.40029058852686494 0.702828926021115 0.4071729830581149 0.70735140859375 0.41077042265625
0 0.6589457006974396 0.2131012846712843 0.6530136042112924 0.2117250625661396 0.6499131697999603 0.2250892397641644 0.6558452662861076 0.22646546186930908