1 0.7834766809815482 0.1840953194818459 0.6909121770541289 0.17836117594308093 0.6873052478219037 0.2365867178788771 0.7798697517493232 0.24232086141764206
1 0.6587527748932387 0.17541207503990697 0.5940601267217066 0.15270111477531925 0.5716760135635356 0.21646273208708333 0.6363686617350677 0.23917369235167105
1 0.556303594137587 0.1544640410076963 0.4846711751357022 0.11208809242514228 0.4523959223954467 0.1666462676404467 0.5240283413973315 0.20902221622300074
0 0.7387409921875 0.24000013437500006 0.7321859614484408 0.23911849137176153 0.7279410575421907 0.27067942418426155 0.73449608828125 0.27156106718750006
0 0.7306321729032339 0.3068561704194905 0.724940026733215 0.30670971677442116 0.724070806877023 0.3404932833970732 0.7297629530470419 0.34063973704214245
0 0.7342623715292811 0.36335266149599815 0.7079646398551507 0.3559516108907127 0.559466541819489 0.8836014466412889 0.5857642734936194 0.8910024972465743
0 0.5935303964462226 0.2646646656671726 0.5850529781355516 0.26287759114419906 0.5757267797516602 0.307118658840133 0.5842041980623313 0.30890573336310656
0 0.5663631042903783 0.37324209870750147 0.5569245281250002 0.3701909843750002 0.5516332054939357 0.38655961112126436 0.5610717816593137 0.3896107254537656
0 0.5616333761503756 0.3900749132489635 0.5514893604541854 0.38785647998436834 0.5303409085225599 0.484559965172905 0.54048492421875 0.48677839843750015
0 0.5313795363437228 0.5189520110127624 0.5205613431545557 0.5159315499478302 0.48919528721516087 0.6282733565263607 0.500013480404328 0.631293817591293
0 0.49466382826344474 0.6670625231385392 0.48023817421875015 0.6603548773437501 0.3861118032704556 0.8627857309284093 0.4005374573151503 0.8694933767231982
0 0.47632924576232877 0.22431801654739986 0.4675793407002368 0.221135108865614 0.42990984324864795 0.3246896443377761 0.43865974831073984 0.327872552019562
0 0.42736408067179826 0.3520977463137401 0.42195423984374997 0.34934477421875004 0.41167048974458054 0.3695532795113309 0.41708033057262883 0.37230625160632086
0 0.40920534497243316 0.407264778200813 0.3964648268446845 0.40054173730438675 0.25138240698615577 0.6754805973681097 0.26412292511390445 0.682203638264536
0 0.24926685919514338 0.7005981562442628 0.24098057301536277 0.6921425089892994 0.17567695814272496 0.7561381352367416 0.18396324432250558 0.7645937824917051
0 0.6070223640013964 0.22145248236631443 0.60061636015625 0.21939668750000005 0.5929313641871846 0.24334368461261957 0.599337368032331 0.2453994794789339