1 0.8592556334221471 0.2802563729172124 0.7781898125494289 0.24104339821126608 0.7518492798767821 0.2954977444919364 0.8329151007495001 0.3347107191978827
1 0.742071518768205 0.23174425515940184 0.6861449435115352 0.19208136871511022 0.6470528689436371 0.2472030718047642 0.7029794442003069 0.2868659582490558
1 0.6493651079438849 0.1833689002958539 0.5921880097490442 0.12288994493684653 0.5461247712695412 0.1664383543642368 0.6033018694643818 0.22691730972324414
0 0.8011582460937501 0.3158780242187501 0.7951001601954097 0.3132237234623419 0.7823203250391597 0.3423919851810918 0.7883784109375 0.34504628593750003
0 0.7749355278289227 0.3779090770731515 0.7695042538859134 0.37619932882551305 0.7593566940787355 0.4084345875789448 0.7647879680217449 0.4101443358265833
0 0.7628525550766193 0.43321760832725376 0.7396135586836332 0.41885462454088057 0.45142802031607443 0.8851325780806156 0.47466701670906064 0.8994955618669888
0 0.6547743969296799 0.29956162877622816 0.6471179636240747 0.2955070891528188 0.6259585554442114 0.33546368412104766 0.6336149887498166 0.339518223744457
0 0.598731522328616 0.396444634297786 0.5904995828125 0.39091009218750017 0.580901432431071 0.40518614101540046 0.589133371947187 0.4107206831256862
0 0.5895452639419629 0.41132168529273494 0.5804056937167842 0.4063931209919625 0.5334214039935713 0.49352117476172774 0.5425609742187499 0.4984497390625001
0 0.5249400632275767 0.5268672146052584 0.5153735011407415 0.5209818634992478 0.454256915713439 0.620326082475159 0.4638234778002741 0.6262114335811696
0 0.44882186948859726 0.659119954935025 0.43680391953125 0.6486959039062501 0.2905263408556342 0.8173401877410825 0.3025442908129815 0.8277642387698574
0 0.5532344631088038 0.22847292515667625 0.545700842103167 0.22300151681499178 0.48094709951347553 0.3121614048918345 0.48848072051911223 0.317632813233519
0 0.4709452589646067 0.33780605638622063 0.4665038078124999 0.333668575 0.4510482134743469 0.35025965079512006 0.45548966462645374 0.3543971321813407
0 0.43828386737453434 0.3858307854059446 0.4278900170122409 0.37585642136922853 0.2126444227800058 0.6001544808101563 0.2230382731422993 0.6101288448468725
0 0.20368749086622157 0.6237159048978623 0.19805289349702113 0.6133038044382768 0.11763944398497286 0.6568202315825995 0.12327404135417327 0.6672323320421849
0 0.6796546004473791 0.26174230218851247 0.67406340859375 0.2580004117187501 0.6600754294452649 0.2789014711419865 0.665666621298894 0.28264336161174886