1 0.7167352428050238 0.17748061391757947 0.6490247664842831 0.16185511967834063 0.6351202724273951 0.2221079284008031 0.7028307487481358 0.23773342264004196
1 0.7963743326259154 0.23213278847018165 0.7756556445624998 0.1791472917330268 0.6888552834845633 0.2130884589525563 0.7095739715479789 0.26607395568971115
1 0.8893469598001353 0.4046296805824074 0.83407729311579 0.3457942287592754 0.7796630020601452 0.39691068382706873 0.8349326687444905 0.4557461356502007
0 0.5657557916966363 0.5209502996242301 0.5562970677947479 0.5175910867616759 0.5406604669385758 0.5616199400419356 0.5501191908404641 0.5649791529044899
0 0.7535321859817549 0.4448486190628162 0.7434297296160829 0.4301174291477574 0.2431721912905782 0.7731874718036914 0.25327464765625013 0.7879186617187501
0 0.81647816875 0.41222429609375 0.8129673011726009 0.40536089804184067 0.7743529937826465 0.42511346358062524 0.7778638613600456 0.4319768616325346
0 0.49603794074469576 0.7534127931698745 0.48325125404000724 0.7517112964189301 0.4662967781757056 0.879123570934701 0.47908346488039416 0.8808250676856455
0 0.557082756664986 0.7816144054338633 0.5463143736593981 0.7810552117891928 0.5414925576476932 0.8739088450365923 0.5522609406532812 0.8744680386812629
0 0.6013605882811821 0.6233272372993804 0.5915417164471765 0.6206119509575252 0.5539360578534944 0.7565995027206447 0.5637549296875 0.7593147890624999
0 0.6333271125000001 0.5228883804687502 0.6262203282094613 0.5205013737122757 0.608009859375 0.5747190140625001 0.6151166436655388 0.5771060208189747
0 0.7195778963656625 0.3295039745525967 0.7135533751139567 0.3265073116852879 0.6889379628199915 0.3759943848233054 0.6949624840716974 0.3789910476906142
0 0.5210688524891105 0.6584867137314298 0.5064959992663216 0.6555524837898444 0.49715214677721126 0.7019587278709147 0.5117250000000001 0.7048929578125
0 0.532653118160017 0.6121375548058315 0.5283659632348072 0.6055643379490768 0.5173293925576254 0.6127625621013021 0.5216165474828353 0.6193357789580568
0 0.6720003523437499 0.22586056328125004 0.661046355713805 0.22155781733278626 0.6110100877450549 0.34894091577028624 0.6219640843749998 0.35324366171875005
0 0.6193728875000001 0.36719823906250015 0.6119105374101143 0.3649491335734286 0.6040228875000001 0.3911197179687501 0.6114852375898859 0.39336882345782165
0 0.6099265832428717 0.395881640549493 0.6040228875 0.3937112679687501 0.5985181355071285 0.4086849094505072 0.6044218312500002 0.4108552820312501
0 0.5995281108619772 0.42287159355679693 0.5919186211998739 0.4200533379591011 0.5848514259628967 0.4391352654960544 0.592460915625 0.4419535210937501
0 0.65724859140625 0.46926408437500006 0.6508586094657491 0.46636223946699473 0.6275292156280702 0.5177345250410282 0.6339191975685711 0.5206363699490335
0 0.6747911968750001 0.4188292250000001 0.6687970856076904 0.41743338396592977 0.6652225351562501 0.4327834507812501 0.6712166464235597 0.4341792918153204
0 0.7331371598507003 0.2874419039530346 0.7282992696128991 0.2859674642937516 0.721040140625 0.30978591562500013 0.7258780308628012 0.31126035528428314