1 0.7730041374944447 0.24036720569126238 0.7059757738951661 0.22745212814509305 0.6941552333390775 0.2887999200961007 0.7611835969383562 0.30171499764227006
1 0.7104424641907834 0.2345514248022716 0.6884404282272364 0.17545063748014722 0.6177838839985025 0.2017546496197383 0.6397859199620495 0.26085543694186264
1 0.6188894723885923 0.1659194467563167 0.581063467247321 0.16399172416633673 0.5778550464998935 0.22694774300347448 0.6156810516411648 0.22887546559345445
1 0.5681652820779075 0.03276795741298214 0.49195350769155305 0.02686757110157051 0.4864833521176391 0.09752231139393105 0.5626951265039934 0.1034226977053427
1 0.490322209358869 0.14676404449167488 0.47536491727175434 0.08923150522705452 0.4378899204137615 0.09897424353016637 0.4528472125008761 0.15650678279478675
1 0.4583217060618967 0.20317748610699882 0.42375147420401865 0.15473934243087256 0.36054062766499956 0.19985283058181652 0.3951108595228777 0.24829097425794275
1 0.41318022028874335 0.2638095708111373 0.3544552120856091 0.24281026764638627 0.3270933111109377 0.31932841906238696 0.385818319314072 0.34032772222713803
1 0.37011915854733973 0.3535807163316015 0.3551659031110597 0.29098291228615153 0.2651680222385534 0.3124814508041062 0.28012127767483347 0.3750792548495562
1 0.2233858555207085 0.3120387015352117 0.20741921567190835 0.23999319073168954 0.12155321837559244 0.25902271025063917 0.13751985822439255 0.33106822105416134
1 0.14759023463926685 0.30478298228471623 0.08883581237081539 0.2686270164103758 0.043446110929035234 0.342386508672811 0.10220053319748668 0.3785424745471515
0 0.73603725078125 0.30638948046875 0.7357777713531736 0.2853909262485802 0.7302758707271614 0.28545891331153717 0.7305353501552379 0.30645746753170694
0 0.7289910200866363 0.5568814785457501 0.723056414379945 0.5560830425009183 0.7186225186990355 0.5890392482998985 0.724557124405727 0.5898376843447303
0 0.7224840382812502 0.6387419554687501 0.7174333345049724 0.6381081486825775 0.709651596235205 0.7001195624486873 0.7147023000114828 0.70075336923486
0 0.6970672344223332 0.8484072112815404 0.6891882692669203 0.8478144419336813 0.6823521840633372 0.9386782447146411 0.6902311492187501 0.9392710140625
0 0.6778679268712067 0.30303412425191667 0.67131500859375 0.24859554374999998 0.6638439079076097 0.2494948602234926 0.6703968261850664 0.30393344072540923
0 0.679018965625 0.33429698124999996 0.6784382956364932 0.3184181735796684 0.6722222711711145 0.31864548654483604 0.6728029411596215 0.3345242942151676
0 0.6810071604506602 0.3746078858763839 0.678996365625 0.34780663046875004 0.6760476114243398 0.34802786412361614 0.6780584062499999 0.37482911953125
0 0.6934147835937502 0.5372542546875001 0.6883716798518469 0.5371492500941291 0.6881103754048795 0.549699038555476 0.6931534791467828 0.5498040431488471
0 0.69824823359375 0.5858488140625 0.6960204395392344 0.5725167453086463 0.6909063734374999 0.5733713078125 0.6931341674920156 0.5867033765663537
0 0.7136981258133377 0.6859258769142087 0.7075177316749862 0.6412860352100949 0.7019555264813947 0.6420561235227426 0.7081359206197462 0.6866959652268564
0 0.73453564510207 0.780999721162053 0.7320867779402704 0.7741331696055445 0.7270598875257004 0.7759259453184914 0.7295087546875 0.7827924968749999
0 0.7570876155952333 0.85553777733807 0.7391151091704942 0.8032703813559646 0.7326691763673366 0.8054868600333766 0.7506416827920759 0.8577542560154819
0 0.6095639437499999 0.30418921875 0.6046846430080071 0.29097987666782515 0.5996841769648398 0.29282696167197997 0.6045634777068326 0.3060363037541548
0 0.6324894714605057 0.3913990484535397 0.6153032018127942 0.32316601948552126 0.6066358596723292 0.3253491158745856 0.6238221293200408 0.393582144842604
0 0.6451125921875 0.42828718281250006 0.6415584643931095 0.4153803954119786 0.6367263593977536 0.4167110068287835 0.640280487192144 0.4296177942293049
0 0.668362343886938 0.5424059909705414 0.6554216448450314 0.4963055054132818 0.6508847762638307 0.49757903323391783 0.6638254753057373 0.5436795187911775
0 0.6818873588399206 0.6041007120268918 0.6752875046875 0.5719645398437501 0.6701834203477708 0.5730127733431193 0.6767832745001913 0.605148945526261
0 0.7123726735332834 0.7089966646525946 0.6925192822903223 0.650977864344015 0.6856216142257889 0.6533381700039204 0.70547500546875 0.7113569703125
0 0.741153218491127 0.9019581227040344 0.7321720790276303 0.7958721298104301 0.7248875840365302 0.7964888282420677 0.733868723500027 0.9025748211356721
0 0.5318952468750001 0.09745120312500008 0.526188946726126 0.09734606919296201 0.5256531608121459 0.12642664462128977 0.5313594609610199 0.1265317785533278
1 0.5301730558392691 0.12263404903950526 0.5235196421580578 0.09873342715392912 0.5151028125947529 0.101076489574523 0.5217562262759643 0.12497711146009913
0 0.5367421823262426 0.14589148104394406 0.5271360454494493 0.14445224053481942 0.5227035518667265 0.17403669135537064 0.5323096887435199 0.1754759318644953
0 0.53448030546875 0.25466277109375 0.5328321937500001 0.22199835234375 0.5261743271985817 0.22233428080368217 0.5278224389173316 0.25499869955368215
0 0.5337296987020425 0.2906097074423682 0.5225292400504373 0.28983609622632533 0.5194993827546448 0.3337028223777072 0.53069984140625 0.33447643359375007
0 0.543246267292038 0.779909473596693 0.5373524698109776 0.40869980575238474 0.5273222085753767 0.40885905895488905 0.533216006056437 0.7800687267991974
0 0.4440961109182243 0.2665660570794966 0.4346262162225214 0.24447615626393232 0.4296770054687501 0.24659787265625002 0.43914690016445307 0.2686877734718143
0 0.46174173828124987 0.31259469296875003 0.4546722534721518 0.29247252091343634 0.4481243424080743 0.29477298617491876 0.4551938272171724 0.3148951582302324
0 0.5173179775305631 0.4594843112060176 0.48692219140625 0.39877535625 0.4764481822082368 0.40401948775708235 0.5068439683325499 0.4647284427131
0 0.54905 0.540489628125 0.5408412762409227 0.5163701598109919 0.5355078480101794 0.5181853175277815 0.5437165717692567 0.5423047858417898
0 0.6110891397304321 0.773557929620395 0.5622440504885419 0.5680319300202283 0.55249485546875 0.57034891328125 0.6013399447106401 0.7758749128814167
0 0.61895465078125 0.8130196304687501 0.6142346203125 0.78832237109375 0.6074525961985329 0.7896185214062873 0.6121726266672829 0.8143157807812875
0 0.6309007790236051 0.8768177371839139 0.6206418196072281 0.8186132596014517 0.6132078257812501 0.8199235546874999 0.6234667851976271 0.8781280322699621
0 0.689235940858909 0.7530537101368534 0.5968783607650845 0.4696706584228636 0.582892944909004 0.47422865565403544 0.6752505250028286 0.7576117073680252
0 0.3351688205479067 0.39803307021319434 0.32994490116046216 0.3605025846230919 0.32363032734374997 0.36138151875 0.3288542467311945 0.3989120043401024
0 0.35719697891843805 0.5313356732934095 0.33970055937499993 0.426515903125 0.3300905832551336 0.42811999149235147 0.34758700279857174 0.532939761660761
0 0.3735719795417566 0.6325255308641531 0.354864555121477 0.5496744300664802 0.34178367122000336 0.5526280377383308 0.36049109564028287 0.6354791385360037
0 0.37192314296875006 0.70330749140625 0.3684061096946082 0.685141771373498 0.36248391953125003 0.6862883562500001 0.36600095280539185 0.7044540762827521
0 0.3997907087706946 0.8575143242569295 0.37559189462760434 0.716940971783964 0.36637204218709074 0.7185281111080946 0.390570856330181 0.85910146358106
0 0.43366809662046607 0.9946606151115504 0.40733826808218476 0.9121553310972554 0.3990032797907524 0.9148152675510707 0.42533310832903376 0.9973205515653655
0 0.1984038078125 0.35423058984375 0.18578188238236976 0.30412686029986946 0.17955117230244605 0.3056964751513284 0.19217309773257626 0.355800204695209
0 0.21500956959943393 0.4084195346955843 0.20569851874999995 0.3771733890625001 0.2004865803658941 0.37872649656857094 0.20979763121532802 0.4099726422016552
0 0.2585648283400695 0.5293915776224678 0.23102425863049433 0.44459645516830876 0.2219876537003717 0.4475314500219394 0.24952822340994688 0.5323265724760984
0 0.27356030218329924 0.5622325895027813 0.2624557763262929 0.5364355435270698 0.2571434265193696 0.5387222830959331 0.268247952376376 0.5645193290716445
0 0.30970699921875006 0.645944884375 0.2846797972760729 0.5707657486766287 0.27349233400230594 0.5744900652702939 0.2985195359449831 0.6496692009686652
0 0.14862998749999995 0.38147152812499996 0.13652313984375003 0.3679398546875 0.13357226249008222 0.37058001761621273 0.14567911014633217 0.3841116910537127
0 0.21666682968056813 0.479085324959729 0.18952706530722613 0.4427382071016092 0.18384869057087752 0.44697815132413615 0.21098845494421953 0.48332526918225593
0 0.2704180205256094 0.5648267175117151 0.23074348594325741 0.5028889323813186 0.22199237650000617 0.5084944959885622 0.2616669110823582 0.5704322811189586
0 0.31404634531250003 0.616121921875 0.28293735982953716 0.5688820647698098 0.27736327102387903 0.5725527839116955 0.3084722565068419 0.6197926410168857
0 0.35566077542066676 0.6759035741514836 0.33584467325318956 0.645683546381946 0.33003308671875 0.64949436328125 0.3498491888862271 0.6797143910507877
0 0.39939103671875004 0.7345209570312502 0.3841547839267494 0.7107300115470736 0.3778732981451466 0.7147528153209511 0.3931095509371472 0.7385437608051276
0 0.46893209296875 0.8374043476562502 0.46879826723353013 0.8316863159553952 0.4602752102022801 0.8318857909553952 0.46040903593750004 0.8376038226562501
0 0.4958323263131291 0.8821559286248366 0.47710198671874987 0.85183858125 0.47135706665562066 0.8553878463751634 0.49008740624999997 0.88570519375
0 0.44491293671875 0.9165197453125001 0.43799602265624993 0.9042957328125001 0.4328678132108511 0.9071975119155831 0.43978472727335116 0.9194215244155831
0 0.4075808860043558 0.8514420050416798 0.39624750675125486 0.8273102969611381 0.39190048402814914 0.8293518622319583 0.40323386328125005 0.8534835703124999
0 0.38006358281249997 0.7966167656250001 0.3661376746236986 0.7613715033272624 0.36052027588544594 0.763591018064533 0.37444618407424723 0.7988362803622706
0 0.35001016562500004 0.73492500625 0.3407213608142841 0.7159075406305375 0.3354464796875 0.7184839796875001 0.344735284498216 0.7375014453069626
0 0.32673592031250004 0.6882113679687502 0.3119208733791555 0.6561331230822348 0.3047336634459364 0.6594524709099334 0.31954871037928084 0.6915307157964488
0 0.5067451046874999 0.3881587640625 0.47448150445974546 0.3640848934212706 0.46826741160337015 0.37241296873097496 0.5005310118311246 0.39648683937220436
0 0.6348639097850748 0.47238157211031717 0.5367404625605242 0.39989838895684143 0.531206193456698 0.40739035521315126 0.6293296406812485 0.47987353836662694
0 0.7797744045552177 0.5597160407900881 0.6571262976172733 0.4809542711437085 0.6516985390001572 0.48940639610603787 0.7743466459381015 0.5681681657524175
0 0.958943773448137 0.6818018969696183 0.8137175117439212 0.5775313621944036 0.806589723544015 0.5874588267146856 0.951815985248231 0.6917293614899003