1 0.6557752868014526 0.20322162599486715 0.6557358084222844 0.14192641510022305 0.58719583584059 0.14197055960982288 0.5872353142197582 0.20326577050446698
1 0.7453570878788034 0.1847374307022677 0.7157523285845416 0.13615466492685072 0.636164480859376 0.18465291398792255 0.6657692401536377 0.23323567976333953
1 0.8668710222770386 0.33846917940369237 0.8022243574955766 0.29012504807642814 0.7575130211741612 0.3499138723193336 0.822159685955623 0.3982580036465978
0 0.5683947955880171 0.5092136447447051 0.5584964503202254 0.5075479557907852 0.5507429332294749 0.5536231783125892 0.5606412784972665 0.5552888672665092
0 0.7401035256747124 0.4016610905021663 0.7275965039745153 0.3889079735314581 0.294512489237303 0.813634821310542 0.30701951093750013 0.8263879382812501
0 0.7964280632812499 0.35860194921875005 0.7917787167551448 0.35245247689561743 0.7571810442232264 0.3786102608720574 0.7618303907493316 0.38475973319519
0 0.5455308129018441 0.8786715974519664 0.5401028034754737 0.7502508874594108 0.5272149137088289 0.7507956250421841 0.5326429231351992 0.8792163350347396
0 0.6164926720243267 0.8597040102724269 0.6051173696974674 0.7674237330710418 0.5944154799145556 0.7687429448835907 0.6057907822414149 0.8610232220849758
0 0.6212362436037466 0.6038525380501056 0.6110950379073504 0.6028835321919972 0.5976746841473537 0.7433352816418914 0.60781588984375 0.7443042874999999
0 0.6352761000000002 0.49938864453125015 0.627862783980016 0.4982719818124216 0.6193437671875002 0.5548281492187501 0.6267570832074842 0.5559448119375787
0 0.6866356907610769 0.2939648905367277 0.6801823304647125 0.2920599008127169 0.6645342214572099 0.3450695754106379 0.6709875817535742 0.34697456513464864
0 0.5482696982294344 0.6524203763656886 0.533408715965177 0.6520612733210613 0.5322651771107427 0.6993850453928727 0.5471261593750001 0.6997441484375
0 0.5516295260043951 0.6047637795202846 0.5462660753770708 0.5990348806926344 0.5366471333351327 0.6080402274933199 0.5420105839624569 0.61376912632097
0 0.6217834671875 0.2001578093750001 0.6102487221464169 0.19782257330709296 0.5830924604276669 0.33195914283834294 0.59462720546875 0.3342943789062501
0 0.59449856171875 0.34848691171875007 0.5867590283832991 0.34756779861712156 0.58353568359375 0.3747104695312501 0.5912752169292009 0.3756295826328786
0 0.5901765877533311 0.3783748812946137 0.5839857015625 0.37726264765625006 0.5811647247466689 0.39296469604913636 0.5873556109375 0.3940769296875001
0 0.5846228476443046 0.4067604726256249 0.576639578159033 0.40530640661714584 0.5729932914522285 0.4253256418040209 0.5809765609375 0.4267797078125001
0 0.6495223960937502 0.4424251007812502 0.6427255922827063 0.44067695021389514 0.6286713286987747 0.4953198820485428 0.6354681325098186 0.4970680326158979
0 0.65804056875 0.38971021875000006 0.6518951361246275 0.3893764501976532 0.6510404023437499 0.40511402890625003 0.6571858349691226 0.4054477974585969
0 0.692684956839364 0.2501872964781141 0.6876645309441347 0.24957534759403668 0.6846517148437501 0.2742924773437501 0.6896721407389794 0.27490442622782757