1 0.6813772848146307 0.1556137446305858 0.6125567172848176 0.1483804055923117 0.6061114087011974 0.20970337030921948 0.6749319762310104 0.2169367093474936
1 0.766751015038286 0.20262063978612427 0.7406073339520736 0.15209109589032668 0.6578302922458575 0.19491943774297105 0.68397397333207 0.24544898163876866
1 0.8772451632039313 0.3644542896284576 0.8161282902330967 0.3117183981758914 0.76735521119894 0.3682426740271528 0.8284720841697746 0.42097856547971907
0 0.5675854760551574 0.5139621795007513 0.5578274339895606 0.5116100749082972 0.5468787624072335 0.557032203756437 0.5566368044728304 0.5593843083488912
0 0.7463784212410071 0.4186494141463413 0.7347914785943974 0.4050549175383812 0.2731349878221404 0.7985367385482899 0.28472193046875005 0.8121312351562502
0 0.8055694085937499 0.3796241640625 0.8013603534571321 0.3731653501046583 0.7650222850940309 0.39684600328600406 0.7692313402306489 0.4033048172438457
0 0.522548495193217 0.7524387194316734 0.5096540002965846 0.7520831163504116 0.5061106119276191 0.8805696386782786 0.5190051068242515 0.8809252417595406
0 0.5911172180816139 0.8669539074601589 0.5862067722766161 0.7741049191722007 0.5754389284257473 0.7746743913295321 0.5803493742307451 0.8675233796174903
0 0.6136965305536078 0.6120565714697148 0.6036476231078508 0.6103825114134274 0.5804625425542429 0.7495559704124626 0.5905114499999999 0.75123003046875
0 0.6349892195312501 0.5088265171875002 0.6276718563736715 0.5071954479225533 0.61522843359375 0.5630195906250001 0.6225457967513286 0.564650659889947
0 0.7005533381898191 0.3074858295667611 0.6942485835693353 0.3051353167215606 0.6749408244564912 0.3569243055485948 0.681245579076975 0.3592748183937953
0 0.5375198070096112 0.6554162118648601 0.5227200747743963 0.6540213342543592 0.518278183389785 0.701150059108249 0.5330779156250001 0.70254493671875
0 0.5441958074039127 0.6081100731819175 0.5392450501645051 0.6020209948769341 0.5290213573576399 0.6103334222496687 0.5339721145970475 0.6164225005546521
0 0.6424027421875002 0.2093833953125001 0.6310589938413471 0.20624922482998626 0.594611989153847 0.33816471936123627 0.6059557375 0.34129888984375006
0 0.6048373867187501 0.35544787656250004 0.5971808213551506 0.3539911197377304 0.5920719507812499 0.38084282265625 0.5997285161448493 0.38229957948101967
0 0.5984410616234274 0.384961555123458 0.59234284140625 0.3834201765625001 0.5884334172828227 0.3988871940952923 0.5945316375 0.4004285726562502
0 0.5909207719070091 0.4128905907424213 0.583058379244206 0.41088318195342577 0.578024503430947 0.4305992998047546 0.5858868960937501 0.43260670859375006
0 0.6531743890625001 0.4529955054687501 0.6465160866298437 0.45077749208851603 0.6286843593517923 0.5043069406355689 0.6353426617844488 0.506524954015803
0 0.6653490164062501 0.4010032320312501 0.6592418362203626 0.40024159259296077 0.6572913859375001 0.4158812125000001 0.6633985661233877 0.41664285193828937
0 0.7096416392439285 0.2642368503396354 0.7046761302677818 0.2632761849548028 0.6999464734374999 0.28772294218750005 0.7049119824136467 0.28868360757233263