1 0.8139413531044886 0.2917182823208736 0.7501739808277983 0.26736006036376203 0.7278800883052859 0.3257232260530586 0.7916474605819762 0.35008144801017016
1 0.7533400320059935 0.2751271351686611 0.7419350004218019 0.2131036083679274 0.6677842437322685 0.2267386234284678 0.6791892753164601 0.2887621502292015
1 0.6727822576028857 0.18672127511962702 0.6365681778713792 0.18554145803831085 0.6344381799937824 0.25092101067301215 0.670652259725289 0.2521008277543283
1 0.648263690898053 0.05170303888488152 0.5742343359525814 0.032658257133584986 0.5565782175770031 0.10128971068626054 0.6306075725224747 0.12033449243755708
1 0.5518080164115469 0.15044996167633648 0.5470683803679138 0.09119416432118274 0.5084709049675544 0.09428142318472203 0.5132105410111875 0.15353722053987578
1 0.5104975815303827 0.20044952748183364 0.4848637443989192 0.14674421058196124 0.4147793378970205 0.1801958754343332 0.440413175028484 0.2339011923342056
1 0.45551324544990635 0.25232173840718763 0.4013268936185838 0.2214439705366967 0.3610934428929248 0.29204829418964456 0.41527979472424736 0.32292606206013547
1 0.3975177818202883 0.33325158275026834 0.393661694460076 0.2690081743973559 0.3012979023217187 0.274552133856192 0.3051539896819311 0.33879554220910435
1 0.2582265426418827 0.1951884978764018 0.172135161460811 0.19488436424264105 0.17186849403830604 0.2703701513144904 0.2579598752193778 0.27067428494825113
1 0.18692174574031192 0.2505355555468973 0.13746377493210957 0.20063516775897278 0.07609612538117859 0.2614587315548519 0.12555409618938093 0.31135911934277644
0 0.7694622519707821 0.32959370051833176 0.7640321319504595 0.3287052595837343 0.7606413081046777 0.3494298567216527 0.7660714281250003 0.35031829765625017
0 0.7156347666690979 0.5957811939783767 0.70992896825013 0.5939643546842908 0.6998396487549217 0.6256499437243419 0.7055454471738896 0.6274667830184277
0 0.69501171796875 0.6752681015625001 0.6901478053053968 0.6737668782490379 0.6717161199059984 0.7334849143447638 0.6765800325693518 0.734986137658226
0 0.6335730634770379 0.8773344885508024 0.6259167307683416 0.8753825567618498 0.6034061672913038 0.9636788611797975 0.6110625000000001 0.96563079296875
0 0.7123682742187502 0.2821634812500001 0.7048414330214261 0.28184507677175663 0.702526964340062 0.3365573669911349 0.7100538055373862 0.33687577146937836
0 0.7072587699775569 0.3521622945799531 0.7010977082401186 0.35130675305042486 0.6989122312313119 0.3670451576892219 0.70507329296875 0.3679006992187501
0 0.7027051093750002 0.38120118203125014 0.6997627363533869 0.38090700886331125 0.6970889937500001 0.40765026406250005 0.7000313667716133 0.40794443723043894
0 0.6840072445312501 0.5702744039062501 0.679058990789422 0.5692952693070212 0.6766224096434991 0.5816090224744372 0.6815706633853271 0.5825881570736661
0 0.6804500483420624 0.6054536453223601 0.6752652828125 0.6054071765625001 0.6751441415016877 0.61892355389639 0.68032890703125 0.61897002265625
0 0.679831008098327 0.6751746586972973 0.6742195800283052 0.6749671810286249 0.672554454657848 0.7200020578116143 0.6781658827278698 0.7202095354802868
0 0.6821774334368803 0.8174573903725075 0.6809581322452867 0.8102699156649338 0.6756962980271564 0.8111625463861765 0.6769155992187501 0.8183500210937502
0 0.6914433893182901 0.8947791552088086 0.6828200639125305 0.8401849259362493 0.6760871721716409 0.8412484067688768 0.6847104975774004 0.8958426360414361
0 0.64190160703125 0.32618960390625 0.6393902109203677 0.31233365956948445 0.6341449708450388 0.31328436168012097 0.6366563669559211 0.3271403060168865
0 0.6493350157085104 0.4160554962841571 0.6442583856323447 0.3458747155270114 0.6353436292747546 0.3465195775498954 0.6404202593509203 0.4167003583070411
0 0.6553608054687501 0.4545751984375001 0.6541019135658503 0.44124732659791627 0.6491121613822666 0.4417186365487467 0.6503710532851662 0.45504650838833055
0 0.6584408181818242 0.5709975630988262 0.6537019841944163 0.5233503180333272 0.649012895647866 0.5238166789350711 0.653751729635274 0.5714639240005701
0 0.6610471819335173 0.634103597176703 0.66012798203125 0.6013095921875 0.6549194166886856 0.6014555857236787 0.6558386165909529 0.6342495907128817
0 0.6728543659626839 0.7426996628683619 0.6633774507222657 0.6821147944762369 0.6561747097595819 0.6832414745766251 0.665651625 0.74382634296875
0 0.6772672073886918 0.8316934253083696 0.6699862917194565 0.8310358153635379 0.6604093472090697 0.9370696822432656 0.6676902628783051 0.9377272921880975
0 0.6013125515625 0.10910537500000006 0.5957111990261638 0.10801094966104266 0.5901337641673111 0.1365566875755599 0.5957351167036473 0.13765111291451732
1 0.5952435693931244 0.13360658149359272 0.5928415351272049 0.10891371124593778 0.5841457075133649 0.10975961031273238 0.5865477417792843 0.13445248056038736
0 0.5934220398437501 0.1562268859375001 0.5836709499617642 0.1554298096844579 0.5812400717917778 0.18516813326043413 0.5909911616737638 0.18596520951347634
0 0.5806078781250001 0.2319230726562501 0.573992825813666 0.2310977713084014 0.569943782844916 0.2635521361521514 0.5765588351562501 0.2643774375000001
0 0.5695775118121459 0.2996479177382443 0.558681549007473 0.296941119863689 0.5480803442265773 0.33961528259419477 0.5589763070312501 0.34232208046875
0 0.552639114797228 0.4165730487514964 0.5427335814645444 0.4149881458934802 0.48407795589926395 0.7815817520867994 0.49398348923194757 0.7831666549448156
0 0.4854807957752061 0.2604048343763856 0.47999063811565074 0.23700609862646668 0.4747481867187499 0.23823616015625007 0.48023834437830526 0.261634895906169
0 0.49486555703125007 0.30879832343749997 0.49139765147630826 0.28775424933236127 0.48454974652082206 0.28888273270094267 0.48801765207576386 0.30992680680608137
0 0.5240903541200652 0.46310707105927945 0.5046983476562499 0.3980422484375 0.4934728283768557 0.40138791716683925 0.512864834840671 0.4664527397886188
0 0.5412738703125001 0.5483919421875001 0.5373781572108178 0.5232134735138955 0.5318105564155178 0.5240749149162442 0.5357062695172001 0.5492533835898489
0 0.5618986100846335 0.7886923968766555 0.5494848025748451 0.5778069375250943 0.5394813804687499 0.578395790625 0.5518951879785383 0.7892812499765613
0 0.5627921742187499 0.8289204171875 0.56243248515625 0.8037787398437501 0.5555284212362278 0.8038775127396424 0.5558881102987278 0.8290191900833921
0 0.5634823872741019 0.8347220403544409 0.5559338023437501 0.8347215296874999 0.5559298040752588 0.8938232001964834 0.5634783890056105 0.8938237108634244
0 0.6424187059705885 0.7820697316035474 0.6006731952094141 0.4869541799305749 0.586108761528201 0.48901438895555777 0.6278542722893754 0.7841299406285304
0 0.35669234604313804 0.37077116268790605 0.35665700860452754 0.33285532308796795 0.35030995084263944 0.3328612385250619 0.35034528828125 0.37077707812500005
0 0.35489624765625005 0.3997965859375 0.3451537214430275 0.39970754969761735 0.3441825683479125 0.5059730939151424 0.3539250945611351 0.5060621301550251
0 0.35196598344230456 0.6087498852682441 0.34959717963932807 0.5238361536155816 0.3365330943101691 0.5242005970855341 0.33890189811314564 0.6091143287381968
0 0.33856494296875 0.67797848125 0.338255785302238 0.6594780125800322 0.33222446484375 0.65957880078125 0.33253362251026203 0.6780792694512179
0 0.33981052934613615 0.6920419102405819 0.3304551426823862 0.6920039267556337 0.32987601568690605 0.8346437339643217 0.339231402350656 0.8346817174492699
0 0.3487789129093936 0.9756271948593112 0.33717598609167965 0.8898032248695008 0.3285057314097629 0.8909753954248499 0.3401086582274769 0.9767993654146603
0 0.2282983242187501 0.30407352578125 0.22456857533202376 0.2525392103633771 0.21815996247606217 0.25300302785025286 0.2218897113627885 0.3045373432681258
0 0.23524199545510244 0.36032277915509514 0.23149823671875006 0.32793448515625007 0.22609578518454612 0.32855895383402656 0.2298395439208985 0.36094724783287163
0 0.2571289767692309 0.4870202757929575 0.24473132907983758 0.3987310125426003 0.2353223538165225 0.40005222823903236 0.24772000150591583 0.4883414914893896
0 0.26619385452370553 0.5219662954904125 0.25973764131150007 0.49463288432005453 0.25410890918212 0.49596240351234167 0.2605651223943255 0.5232958146826998
0 0.2872549140625 0.6106836203125 0.2756626521095674 0.5323006971425579 0.2639984301235261 0.5340257503974126 0.2755906920764587 0.6124086735673548
0 0.17455034062500002 0.32225747968750007 0.1649771734375 0.30682905078125 0.16161266674292762 0.3089166894699539 0.17118583393042766 0.32434511837620394
0 0.22460309211391466 0.4302027767331622 0.20418725251238698 0.3896950832026599 0.1978588870407896 0.39288457347345723 0.21827472664231723 0.43339226700395955
0 0.26264884606159694 0.5239753618669705 0.23433243991154792 0.4560891397194391 0.22474088304230727 0.4600899282642851 0.2530572891923563 0.5279761504118163
0 0.29670703906250007 0.5820672554687502 0.2742737843401321 0.5301430594286167 0.2681469644793551 0.5327900818392985 0.290580219201723 0.5847142778794321
0 0.3273082774985397 0.6481669597951838 0.3130408789111093 0.6149650129463812 0.30665584296875004 0.6177087632812502 0.32092324155618046 0.6509107101300529
0 0.36019537578124994 0.71348749375 0.34932185027645374 0.687412238387007 0.34243724219264504 0.6902831579829112 0.35331076769744124 0.716358413345904
0 0.41143974859337196 0.8210968114524297 0.40297171546276755 0.8201817540471021 0.40234640124439575 0.8259684746259225 0.4108144343750001 0.8268835320312501
0 0.4295349623641632 0.8756264126764595 0.41635373046875007 0.8425171640625002 0.41007976497958687 0.8450149131047908 0.423260996875 0.8781241617187501
0 0.37342193828125003 0.9006261062500002 0.36873278515625 0.8873866945312502 0.3631785959352082 0.8893538849394013 0.3678677490602082 0.9025932966581512
0 0.34795767579395576 0.8300544003730128 0.3409869037242026 0.8043212862875011 0.3363514083989968 0.8055769827894885 0.34332218046874996 0.8313100968750001
0 0.330378725 0.77128375 0.3227846587840393 0.7341557339318295 0.31686718595074703 0.7353660781755041 0.32446125216670774 0.7724940942436748
0 0.31149454921875 0.7053105062500002 0.30564921049959964 0.6849689747530262 0.30000707265625 0.6865902984375001 0.3058524113754004 0.706931829934474
0 0.2966856296875 0.65526502265625 0.28766598607801497 0.6211015120198932 0.28001156651068176 0.6231223856142287 0.2890312101201668 0.6572858962505855
0 0.5260636578125 0.3910291585937501 0.49847059809864386 0.3617185085972613 0.49090475617642565 0.3688409957468254 0.5184978158902818 0.3981516457433142
0 0.6376109142315753 0.49622002965796475 0.553564753691249 0.4077990728862475 0.5468135972515216 0.41421620292738837 0.6308597577918478 0.5026371596991056
0 0.7651544209186597 0.607391135692458 0.6580464523359114 0.508528314192832 0.6512334578135734 0.5159095116155231 0.7583414263963217 0.6147723331151491
0 0.9213777826655372 0.757633487209302 0.7946825834965316 0.6314634212064069 0.7866460821737296 0.6395333712981427 0.9133412813427352 0.7657034373010378