1 0.324850088753324 0.2727966821805151 0.3186340826204231 0.21063659326797 0.2506867942603666 0.21743131908881508 0.2569028003932675 0.27959140800136023
1 0.4061188966046204 0.18936681600618593 0.33820731731102915 0.16183509485438763 0.3137935828454001 0.22205564027085006 0.3817051621389914 0.2495873614226484
1 0.449899128906455 0.1613928107922029 0.4170120551284685 0.1500318214276813 0.39519697944161974 0.2131807233909362 0.4280840532196062 0.2245417127554578
1 0.54894366171875 0.028873239062500063 0.4721830984375 0.028873239062500056 0.4721830984375 0.09964788750000006 0.54894366171875 0.09964788750000006
1 0.5965526775815082 0.10548311494605574 0.5598074891249858 0.0928519583249475 0.5404988011672855 0.1490226954265853 0.577243989623808 0.16165385204769356
1 0.6644289724717523 0.2158530657466859 0.6084743410528695 0.16233124321605952 0.5665760604113668 0.20613399019909942 0.6225306918302497 0.2596558127297258
1 0.6879118540467999 0.33521534083237164 0.6675155691910803 0.25654395500354743 0.6070761978186672 0.27221342137972887 0.6274724826743867 0.3508848072085531
1 0.7505504328925897 0.33428402483706426 0.6630221815012265 0.30410186964670893 0.642007678142351 0.36504393031996607 0.7295359295337144 0.3952260855103214
1 0.8972250933036333 0.2922309076795936 0.8135579526675863 0.26713076660259827 0.7922567517098861 0.3381347729457353 0.875923892345933 0.36323491402273067
1 0.9679794154361808 0.3836240511673325 0.9305996737712082 0.30546641384522577 0.8684897073023533 0.33517118206714375 0.9058694489673259 0.4133288193892505
0 0.28908239453125006 0.266183803125 0.2835614824162257 0.26570031188399723 0.28173521093750004 0.28655422500000005 0.28725612305252435 0.2870377162410028
0 0.27414823906249997 0.5696602109375 0.27300268972159564 0.5364299387782625 0.266969269054004 0.536637929282705 0.2681148183949083 0.5698682014419424
0 0.27344612656249995 0.68109542265625 0.2713806315346518 0.6186541983183199 0.26627042265625 0.6188232390625 0.26833591768409815 0.6812644634004301
0 0.281164460592366 0.9209106778893039 0.2800574388384024 0.8299782625390375 0.2711007243397863 0.8300873026184835 0.2722077460937499 0.9210197179687499
0 0.3585658483803057 0.23647479202560118 0.3512482390624999 0.23462112656250006 0.33784858755719427 0.2875181657868989 0.34516619687500005 0.28937183125000004
0 0.34323978906249997 0.30420105625 0.3362501129079815 0.3041339306770746 0.33610422500000003 0.319325 0.34309390115451854 0.3193921255729254
0 0.3377076876184254 0.3332191161240425 0.33482277638834723 0.332765308920008 0.3306436098636719 0.3593328123272155 0.3335285210937501 0.35978661953125
0 0.3091002754053371 0.5208349823757045 0.30407429609375003 0.52025528203125 0.302662401157163 0.5324963559055457 0.30768838046875 0.5330760562500001
0 0.30342535234375007 0.55645352109375 0.298437540245697 0.5551041519288727 0.29489248668336654 0.568208098207388 0.29988029878141953 0.5695574673722654
0 0.2858281211015233 0.6237254996044784 0.28047274197043415 0.6226223910611108 0.2713797701657749 0.6667670146659572 0.27673514929686405 0.6678701232093249
0 0.24975457734375003 0.7550859156249998 0.24490327126218628 0.7528628513803635 0.2418662993871863 0.7594903162241136 0.24671760546875005 0.7617133804687499
0 0.24028767578125007 0.7834661968750001 0.23435672107884092 0.7810266005510931 0.21337514212809813 0.8320353650431567 0.2193060968305073 0.8344749613670638
0 0.41875219661644136 0.2849279870486795 0.41393129372993814 0.2826513240021858 0.40791797041167666 0.2953847180752046 0.4127388732981799 0.2976613811216983
0 0.41163622743305855 0.31902937308468293 0.4006080984374999 0.31381056328125 0.3708993358481914 0.3765896409778171 0.38192746484375 0.38180845078125003
0 0.37082429609375006 0.4050264085937501 0.36603109527016875 0.40336767934670786 0.36168978906250004 0.41591267578125013 0.36648298988608136 0.4175714050282924
0 0.34983501791133537 0.48440929844478875 0.34542781142337653 0.4827533409323964 0.32858630067521466 0.527575756290805 0.3329935071631735 0.5292317138031974
0 0.324125545292128 0.5579774943442709 0.31910739453125 0.55641338046875 0.30936353908287206 0.5876746181557291 0.31438168984375003 0.58923873203125
0 0.30027904767083297 0.635820430296486 0.2937942290582309 0.6331507768285383 0.27040109701239795 0.6899747129383023 0.27688591562500003 0.6926443664062502
0 0.24889664280300358 0.775546785979303 0.2408590781953059 0.7743391692465674 0.22504692924522463 0.8795804807717189 0.23308449385292235 0.8807880975044545
0 0.5090569484080086 0.09663187604416086 0.50331056328125 0.09620316875000005 0.5011490375294914 0.1251762223933393 0.50689542265625 0.1256049296875001
1 0.5197750994724869 0.10150605515271824 0.5119636348723743 0.09793131710044178 0.5016955775873874 0.1203689236664736 0.5095070421875 0.12394366171875007
0 0.5046436893173688 0.17348246587508603 0.5040404352634289 0.14365399594204287 0.4950061976111321 0.14383670529657017 0.495609451665072 0.17366517522961336
0 0.4986063964766213 0.22139948985574573 0.49152218281250015 0.2201947179687501 0.4860413903221848 0.25242248280058766 0.493125603986306 0.2536272546875833
0 0.4955779561677673 0.3322157907885051 0.49477383660298474 0.2882950347133782 0.48303919059146755 0.2885098775186231 0.4838433101562501 0.33243063359375
0 0.48095690656590095 0.40685708528126 0.47093682038441287 0.4058015778155383 0.4320449444979232 0.7750078229612385 0.4420650306794113 0.7760633304269602
0 0.5921408453125001 0.2536911968750001 0.5877966767947589 0.25121324094262154 0.5758843525760088 0.2720970440676216 0.58022852109375 0.2745750000000001
0 0.568110915625 0.29941690156250006 0.5610981545138835 0.29703743173056374 0.5544461265625001 0.31664225390625 0.5614588876736167 0.3190217237381864
0 0.531384885371945 0.4072283983921448 0.5218503523437501 0.4003003523437501 0.4823563122843052 0.4546529398891054 0.49189084531250005 0.4615809859375001
0 0.46284263670826337 0.5148916549650657 0.4576609994504837 0.5126650599085188 0.4476077460937501 0.5360605632812501 0.45278938335152974 0.538287158337797
0 0.4415735914062501 0.5655059859375001 0.43281307764472104 0.5625031519017704 0.3642887438762645 0.762417087149372 0.37304925763779356 0.7654199211851017
0 0.36791315909491584 0.7796143224711216 0.36107112656250007 0.7772690140625003 0.3529298260434254 0.801019853313712 0.35977185857584115 0.8033651617223333
0 0.3593397890625002 0.8088394367187499 0.3523017129138636 0.8069013116612671 0.3366101629138636 0.8638833538487672 0.34364823906250014 0.8658214789062502
0 0.42396508814724515 0.46956972324379054 0.40645702824234764 0.4611878935517192 0.2778832628441238 0.7297542173127146 0.2953913227490213 0.738136047004786
0 0.6877799296875 0.37728063359375014 0.6817108938636924 0.3756605011417609 0.6719316680824424 0.4122935995792608 0.6780007039062501 0.4139137320312501
0 0.676514591927991 0.4437628233511811 0.6660940140625 0.44076654921875014 0.6367522790784538 0.5428125639009225 0.6471728569439448 0.5458088380333533
0 0.647575 0.5644746476562501 0.6358297534052284 0.5616760894872017 0.6161754513283255 0.6441630740689293 0.6279206979230971 0.6469616322379776
0 0.6207566898437501 0.6975647890625002 0.614993694172026 0.695884210357552 0.6098049028771825 0.7136774750738183 0.6155678985489066 0.7153580537787665
0 0.614074894985753 0.7293434891653418 0.6050284045868664 0.7269582292462069 0.5686614824375873 0.8648857605065416 0.577707972836474 0.8672710204256766
0 0.5630443664062501 0.92144753515625 0.5552504148737472 0.9183529971462528 0.5233323521789941 0.998742325973569 0.531126303711497 1.0018368639835662
0 0.8365375619495776 0.3345706110857859 0.8302736207747351 0.33205416645676017 0.8109391184530201 0.3801816649882751 0.8172030596278625 0.38269810961730083
0 0.808833657774277 0.40521065225460945 0.803684183878121 0.40321228570711287 0.7918789212362375 0.4336325766631434 0.7970283951323933 0.43563094321064
0 0.7835134653808706 0.47348871928469627 0.7731984152168752 0.46803684669501167 0.7316824849922546 0.5465858031915654 0.7419975351562501 0.5520376757812501
0 0.738520775 0.5597214789062501 0.733407423977188 0.5569835037378009 0.7201514716121246 0.5817398778515359 0.7252648226349365 0.5844778530199852
0 0.7191714856094071 0.5943744161633966 0.710701307664934 0.5897283048487207 0.6724083973061433 0.6595388932705222 0.6808785752506165 0.664185004585198
0 0.8758400624231151 0.40222032564847365 0.8727633386248016 0.39933302299234763 0.8603633804687499 0.41254647890625024 0.8634401042670634 0.4154337815623763
0 0.8191218312499998 0.47433485937500014 0.8138733910734389 0.46978079427461655 0.7842029999860829 0.5039751391521275 0.7894514401626438 0.5085292042525111
0 0.7732406755723585 0.5302612706863555 0.7622928176322864 0.5234733237108409 0.7239654929687501 0.5852890843750002 0.7349133509088223 0.5920770313505148
0 0.7161342675930689 0.5925372018645495 0.7106444707107963 0.5876486749584933 0.6729646738439632 0.6299629416771519 0.6784544707262358 0.6348514685832083
0 0.6562908453125 0.6637390843750001 0.6511175227417477 0.6594647389005417 0.6280271791456237 0.6874114260380374 0.6332005017163759 0.6916857715124957
0 0.6028106106427281 0.7248042046770291 0.5975076071869518 0.72033124285096 0.5792657892247555 0.7419581709256358 0.5845687926805316 0.7464311327517048
0 0.5114507280662529 0.8360650372502393 0.5037652622816537 0.8330890613902339 0.5015429578124999 0.8388281687499998 0.5092284235970993 0.8418041446100052
0 0.497268949817372 0.8562224660910521 0.4918180379473888 0.8522567260512439 0.4708075389112669 0.8811356685539419 0.47625845078125006 0.8851014085937502
0 0.5306800046561723 0.9104865407488336 0.5254138450946515 0.9075349277779761 0.5185753523437502 0.9197359156250002 0.523841511905271 0.9226875285958578
0 0.5788702729235651 0.8374257793366567 0.5747280267224794 0.8350491235473679 0.5614475428614145 0.8581955270232114 0.5655897890625002 0.8605721828125003
0 0.6164238070870862 0.7752547290063745 0.6118172734159999 0.7725727987961117 0.5927035527577054 0.805402884178364 0.5973100864287917 0.808084814388627
0 0.6448852109375 0.7319943664062502 0.6399642099276585 0.7288988579271078 0.6286350111322385 0.7469091457646673 0.63355601214208 0.7500046542438096
0 0.6808729083402901 0.6761179934079323 0.6752760764357137 0.6721859348530789 0.6546680368791457 0.7015191026256199 0.6602648687837219 0.7054511611804732
0 0.5426880101805347 0.37837783847775625 0.5382472133303 0.36675266231118997 0.5004312709384877 0.38119828579732556 0.5048720677887224 0.39282346196389184
0 0.4768876530727649 0.40508754243786055 0.47253642497951526 0.3976186282962256 0.3672037015942503 0.45898319835836504 0.3715549296875 0.4664521125
0 0.3497544573537167 0.47629512168572513 0.34544208472351784 0.4677894556793783 0.2154695544821831 0.5336855279766197 0.21978192711238193 0.5421911939829667
0 0.18741082208244647 0.5615352324624007 0.1824525817685793 0.552343700830418 0.025135773748632895 0.6372060035242674 0.030094014062500028 0.6463975351562501