1 0.6866703260690142 0.22243315137682873 0.6782540813929135 0.16763812731209762 0.6113480003414608 0.17791457043917516 0.6197642450175614 0.2327095945039063
1 0.6168351776806879 0.17992917761607435 0.5772745285519167 0.132818680445963 0.5218670873038029 0.17934661952554218 0.561427736432574 0.2264571166956535
1 0.5351154178159533 0.1995436173503739 0.5043734293621014 0.14127343838637546 0.47213104721009386 0.1582837678115536 0.5028730356639456 0.21655394677555204
1 0.4370065375349572 0.10314985088883635 0.4203704909724061 0.03424229302513282 0.34640088273296 0.052100447994419305 0.3630369292955112 0.12100800585812284
1 0.3821145026773781 0.16655616119446898 0.349622642789663 0.11649077467908989 0.31661582540248234 0.13791181944729983 0.3491076852901974 0.18797720596267892
1 0.3619824877519655 0.23918649527080166 0.34970809776409156 0.20001576820399974 0.2863649096464465 0.21986474860983418 0.29863929963432045 0.2590354756766361
1 0.3695238551076507 0.2656176168106144 0.30165026675965323 0.22965858316961701 0.2642711417245066 0.3002126300545517 0.33214473007250406 0.33617166369554907
1 0.3211641513747415 0.32473506017023296 0.26833701153333395 0.2877666913557344 0.2402195387912201 0.3279460585327918 0.2930466786326277 0.36491442734729035
1 0.2724784232661984 0.3026043160237465 0.2198659752677723 0.26267735737939724 0.16037071848306925 0.34107529225894784 0.2129831664814954 0.38100225090329704
1 0.07559567417995008 0.48642441243720375 0.0721594438633459 0.403760631518178 -0.002606240893155279 0.40686854782379217 0.0008299894234488986 0.48953232874281793
0 0.6646074593749999 0.24277122734374998 0.6561045247307302 0.22102017352172165 0.6508348125 0.22308021249999999 0.6593377471442696 0.2448312663220283
0 0.7649804962210237 0.5890200595038596 0.7342234886899998 0.484135079443039 0.723604119812726 0.48724915743917946 0.7543611273437499 0.5921341375000001
0 0.7794094068388602 0.6829028684849804 0.7738529528785254 0.6577491573311629 0.7679260554180931 0.659058408783767 0.7734825093784279 0.6842121199375845
0 0.8165401008790527 0.8596835918171161 0.7952887648668182 0.7635683277086335 0.7865619838371696 0.7654978417945224 0.807813319849404 0.861613105903005
0 0.610665252555352 0.25759664645169966 0.5833858406250002 0.20720737812499995 0.5771273466633984 0.21059556057955026 0.6044067585937501 0.26098482890624997
0 0.61977800625 0.2867110609375 0.6134357904269233 0.2716212057782559 0.6082517646656023 0.27380003452536594 0.6145939804886789 0.28888988968461005
0 0.6327606664345926 0.32447542369711374 0.6237611015625002 0.30068446406249993 0.6209153150439569 0.30176095869655806 0.6299148799160493 0.32555191833117186
0 0.6994652395452408 0.4871076086368847 0.6957327546875 0.4766378414062501 0.6909250706110092 0.47835178667561556 0.6946575554687499 0.4888215539062501
0 0.7149848687499998 0.5221166921875 0.7096505953124999 0.509084025 0.7048729732181775 0.5110395067341303 0.7102072466556775 0.5240721739216303
0 0.7544624688270068 0.5995501364259892 0.7283214166586779 0.5401791457402257 0.7202854546875 0.5437173804687501 0.7464265068558291 0.6030883711545136
0 0.8000912281250002 0.6835434382812501 0.7795082447955188 0.6549961611504962 0.7751857972579244 0.6581127058633726 0.7957687805874057 0.6866599829941264
0 0.85127738046875 0.7593797820312501 0.8078274479734592 0.6968720920537003 0.8031744975073934 0.7001064202415936 0.8466244300026842 0.7626141102191435
0 0.8505504152894892 0.8036525034201334 0.8085832962581894 0.6985133309297755 0.8007383837346931 0.7016446888229899 0.8427055027659929 0.8067838613133478
0 0.7549110535060307 0.625424213369114 0.7400012453125 0.5987039171875 0.7354140167807411 0.6012635706091368 0.7503238249742719 0.6279838667907508
0 0.73224629140625 0.5889465625000001 0.718967934375 0.56947751015625 0.7144423231943555 0.5725640846838749 0.7277206802256057 0.592033137027625
0 0.7186231515625001 0.5681014914062501 0.6891345031250001 0.51599420625 0.6851002443391729 0.5182772812304834 0.714588892776673 0.5703845663867335
0 0.6728307653741353 0.48887755601974325 0.6478505133233659 0.4479235192166744 0.6432551046874999 0.45072652656249995 0.6682353567382695 0.4916805633655688
0 0.6395672781249999 0.43557300390625003 0.6351870862711934 0.42673300240564516 0.6301745856318758 0.4292166800912243 0.6345547774856823 0.4380566815918293
0 0.6255433214134358 0.4075243657300902 0.6188364775517833 0.39797400405499866 0.6156382842633474 0.4002199695749085 0.622345128125 0.40977033125
0 0.617645371875 0.3922622664062501 0.6073144366809556 0.3770362099055395 0.6037817965457425 0.3794331191971256 0.6141127317397868 0.3946591756978362
0 0.5950750613085164 0.3581326037137397 0.5524637203125 0.2945111421875001 0.5454317686371029 0.2992208876651997 0.5880431096331195 0.3628423491914393
0 0.54214940546875 0.27941414140625004 0.53378973125 0.26880153125 0.5301432286313144 0.27167392300671384 0.5385029028500645 0.28228653316296387
0 0.4152132131213252 0.13503525658576868 0.4065988140625 0.10944588906249997 0.4005534970349248 0.11148098325798132 0.40916789609375004 0.13707035078125002
0 0.4298766496884522 0.18269495013547604 0.4257989619171614 0.15113325497157687 0.41661901938064955 0.15231927933522077 0.42069670715194035 0.18388097449911997
0 0.4568953929687499 0.257974671875 0.44563575610917655 0.2251445371079716 0.4399385583856207 0.2270984851480769 0.4511981952451941 0.2599286199151053
0 0.5223766859194584 0.4527951331434378 0.4673673414062501 0.29043257968749997 0.4544847142746766 0.2947972860747289 0.5094940587878851 0.45715983953066675
0 0.553175831699788 0.5409295445847144 0.5288814168068983 0.46523658547445557 0.5195573211674551 0.46822924754802636 0.5438517360603449 0.5439222066582852
0 0.5910746636216329 0.6490837624860755 0.5528596193769497 0.5453820073889807 0.544353760442817 0.5485164941216552 0.5825688046875002 0.6522182492187499
0 0.6190367132812501 0.7434953789062502 0.6151318710937501 0.7300878906250001 0.6109071638711061 0.7313183086307266 0.6148120060586061 0.7447257969119766
0 0.7202530786153876 0.6310954514678995 0.5981356585291625 0.4662556645929946 0.589307711916429 0.4727956273376933 0.711425132002654 0.6376354142125982
0 0.7533964164062498 0.6763378062500001 0.745912329073384 0.6654117756098741 0.7407782794161024 0.6689284851333906 0.7482623667489682 0.6798545157735165
0 0.8267933698381309 0.7731538993739734 0.6931976911939871 0.6514509602767027 0.68486306484375 0.6606000414062501 0.8184587434878938 0.7823029805035208
0 0.6609465859375001 0.6296606968750003 0.4362843696508499 0.438048636474199 0.4282883669098047 0.4474238276468201 0.6529505831964549 0.6390358880476213
0 0.5049560981611267 0.45179625463410195 0.45775113668580375 0.4092274985923459 0.44961985625 0.41824436484375005 0.496824817725323 0.4608131208855061
0 0.41266075156250004 0.3433757445312501 0.3945087451236413 0.31465602965517975 0.3856148360220669 0.32027733529749025 0.40376684246092565 0.34899705017356053
0 0.6263519680476589 0.615897030141583 0.5933574120673758 0.5775448549819406 0.5862938940197171 0.5836216326528578 0.6192884500000002 0.6219738078125002
0 0.6452178054687501 0.6519584195312502 0.6374334586338986 0.6399999793942721 0.6321531120075381 0.6434372211312379 0.6399374588423896 0.6553956612682159
0 0.6882041323263624 0.7231755003020773 0.6588340931934475 0.6756445922265899 0.653908285753315 0.6786883202582137 0.6832783248862297 0.7262192283337011
0 0.741294189341105 0.8168481067661169 0.6992858325779275 0.7413939404225655 0.6931533612055725 0.7448081328751985 0.73516171796875 0.8202622992187498
0 0.48776711862764743 0.5906535804560991 0.4368486926254994 0.49630058973106905 0.4284667557860867 0.5008239760851498 0.4793851817882347 0.59517696681018
0 0.5874151327054363 0.7438732309257292 0.5064541976562501 0.6285618140625 0.49618925479145226 0.6357689007081028 0.5771501898406385 0.751080317571332
0 0.6865325979904686 0.8731685177930858 0.6334063821691814 0.8109339840316109 0.6260457466021974 0.8172173558202095 0.6791719624234844 0.8794518895816845
0 0.61706440625 0.8914324289062501 0.5279515966935338 0.7810003833417362 0.5205179481755764 0.7869989438257349 0.6096307577320427 0.8974309893902488
0 0.5078223820283668 0.7539767943467177 0.43531478091314224 0.6601312869018965 0.42767597421875003 0.6660332375000001 0.5001835753339746 0.7598787449448213
0 0.43143007109375003 0.6511354414062501 0.41939579430897644 0.6308491916792143 0.41466137380190016 0.6336577604173647 0.42669565058667375 0.6539440101444005
0 0.39797359765625007 0.5978576226562501 0.38350571015625007 0.5796146945312499 0.3785314873665855 0.5835595928078693 0.39299937486658554 0.6018025209328693
0 0.37926426411101255 0.5738441888172121 0.3698462335937499 0.56219517265625 0.3652948171389873 0.565874915089038 0.37471284765624996 0.57752393125
0 0.35882765389316396 0.5459988125332224 0.3168073504346772 0.4715696295492588 0.30786710553151064 0.4766170019475987 0.3498874089899974 0.5510461849315622
0 0.29162271875000007 0.43452581484374997 0.27494008359375 0.40517925859375004 0.26703211570494256 0.4096747006480904 0.28371475086119263 0.4390212568980904
0 0.269227394400955 0.3934649347813914 0.24255149334362466 0.34026396275050286 0.23647707425141648 0.343309783089846 0.26315297530874676 0.3965107551207345
0 0.582724652397195 0.8655216442773549 0.5031046235762883 0.7926091009729532 0.4956538945312502 0.80074524921875 0.5752739233521569 0.8736577925231519
0 0.4454444431994077 0.7530708529564689 0.3452891617553208 0.6785120494065804 0.34011382739241347 0.6854641066420136 0.44026910883650033 0.760022910191902
0 0.3169280234757712 0.6556314954095945 0.20030964687499994 0.5693555632812501 0.1919040841313953 0.5807172844170692 0.30852246073216655 0.6669932165454135
0 0.1955487607144097 0.5621486897510045 0.15949374706513575 0.5357117509455032 0.1544752433819761 0.5425560463507489 0.19053025703125 0.5689929851562502
0 0.12114134259931848 0.5005398988794667 0.08644746953125002 0.4791893640625 0.08410985532418203 0.4829879054703565 0.11880372839225048 0.5043384402873232