1 0.5760255396408508 0.20234142201469768 0.5589195887006222 0.1448912473750197 0.4656005317095569 0.17267725883085022 0.4827064826497855 0.23012743347052825
1 0.7338211348650401 0.3697752996620126 0.725 0.35774647890625 0.7109409349650424 0.3680564595159717 0.7197620698300822 0.3800852802717344
1 0.7905555157658675 0.4029884897180208 0.7857868026042775 0.336226496638606 0.7285836850267867 0.3403124330688033 0.7333523981883767 0.4070744261482181
1 0.8632739281075523 0.43675165989775505 0.8114026128851929 0.3681476633036836 0.7566833436484623 0.40952076988973474 0.8085546588708217 0.47812476648380625
0 0.5292137113367225 0.26145513435937934 0.5222990703520657 0.26121330012496624 0.5185674012028433 0.36791098295308694 0.5254820421875 0.36815281718750004
0 0.527929751120584 0.4138689140390402 0.5251711265624999 0.3878362679687501 0.5187438402856657 0.38851735392971 0.5215024648437498 0.4145500000000001
0 0.53190668984375 0.541720775 0.5299839723715545 0.5234987892452208 0.5240999101901231 0.5241196540245029 0.5260226276623186 0.5423416397792822
0 0.5428855632812499 0.61533732421875 0.5407218312500001 0.6017538734375 0.5344443967108667 0.6027538171487952 0.5366081287421166 0.6163372679300452
0 0.6068723341211841 0.8712949118799237 0.5499792250000001 0.6599753523437502 0.5357762272841639 0.6637991947777804 0.5926693364053479 0.8751187543139538
0 0.7327640843750001 0.3927288734375001 0.7284264672371855 0.385741419763739 0.6275461168410734 0.4483651389577682 0.631883733978888 0.45535259263152933
0 0.6022096505942448 0.48333332615288127 0.6020010425758635 0.4755085734867975 0.5778192753641709 0.47615325974772615 0.5780278833825522 0.48397801241380983
0 0.5754213376518479 0.4981798815956999 0.5711221828124999 0.4899295773437501 0.49389016338672215 0.5301744458876547 0.49818931822607004 0.5384247501396047
0 0.47138825506220156 0.5643772442677129 0.4652539317797603 0.5544757166915744 0.3700262399988088 0.6134724161738615 0.37616056328125 0.6233739437500001
0 0.349608848650116 0.643366705603063 0.3400819888460219 0.6321009575347208 0.21459162047538274 0.738221664209385 0.22411848027947676 0.7494874122777271
0 0.2250035706688564 0.7487097857518885 0.21731091463718064 0.7419120540236721 0.17870190426631832 0.7856039572027305 0.1863945602979941 0.792401688930947
0 0.7303176224798287 0.47409851373279144 0.7234418920518411 0.4642855311085878 0.44709512324046613 0.6579153335608892 0.4539708536684537 0.6677283161850929
0 0.44621581621710626 0.6719915654704077 0.437981515280612 0.6621019438038693 0.2421841672821851 0.8251268137482484 0.2504184682186793 0.8350164354147868