1 0.3231780468329744 0.2665013232682715 0.319052384781596 0.21121744885057958 0.2515494053646249 0.2162549843610512 0.25567506741600327 0.27153885877874306
1 0.4065710369511786 0.19342140166547409 0.34320777005505904 0.15909963144587572 0.313764533127986 0.21345637551120683 0.3771278000241055 0.2477781457308052
1 0.45058357273095123 0.16117763106965116 0.41731854070017527 0.1494899176340503 0.39515444504902153 0.2125723465309656 0.4284194770797975 0.22426005996656645
1 0.54859154921875 0.02852112656250006 0.4721830984375 0.028521126562500054 0.4721830984375 0.09929577500000006 0.54859154921875 0.09929577500000006
1 0.5975059275767846 0.10667898673164725 0.560255892137459 0.0924884951663594 0.5390370918470462 0.14818783857256634 0.5762871272863719 0.1623783301378542
1 0.644288475357383 0.17786218206955146 0.5774829007789362 0.17524235686922293 0.5758838639427142 0.2160178157061398 0.6426894385211611 0.2186376409064683
1 0.6844895225530527 0.2516083819606532 0.6311187537894845 0.19199947137357834 0.5742255373219459 0.24293874656581832 0.6275963060855142 0.3025476571528932
1 0.714612676171875 0.27693661992187535 0.6785211265625 0.24084507031250008 0.6338028167968749 0.28556338007812476 0.6698943664062498 0.3216549296875001
1 0.7773831388613038 0.23740088864620512 0.6925207635698875 0.22016321820544754 0.6775669959836964 0.2937817643588447 0.7624293712751128 0.3110194347996023
1 0.9934115380174025 0.31461900859659486 0.915645278388649 0.29584783919666685 0.8971067408668691 0.37265033835591693 0.9748730004956228 0.391421507755845
0 0.29073767578125004 0.26410809843750005 0.2851559189616243 0.26326571770981916 0.28166750641268384 0.28638052778901246 0.2872492632323096 0.28722290851669335
0 0.2751968344326431 0.5375524077512878 0.26548246101237283 0.5373470913575924 0.26316942970472984 0.6467862328250547 0.2728838031250001 0.64699154921875
0 0.2749982477589579 0.7409207722136949 0.27429627336272405 0.7152210342226414 0.26843185216596166 0.7153812177050679 0.26913382656219553 0.7410809556961214
0 0.28072245236264404 0.8231896387789976 0.271616662342968 0.8231600101954955 0.2712963571419304 0.9215998125119157 0.2804021471616064 0.9216294410954179
0 0.35831172456269916 0.23481214497323757 0.3523053480259879 0.23332530160487344 0.33849608830703865 0.28911033944413594 0.3445024648437499 0.2905971828125001
0 0.34241161953125 0.303736971875 0.33605016769981233 0.3034377039793172 0.33531232421875 0.31912183125000004 0.34167377605018767 0.31942109914568284
0 0.33758236627404586 0.33419691920837546 0.33457464765625 0.33363309843750005 0.3299105915384542 0.35851364407287456 0.33291831015625006 0.35907746484375
0 0.30864696430913996 0.5216064578522748 0.30370251655664343 0.5212429331199085 0.3028724538100035 0.5325329541738839 0.3078169015625001 0.53289647890625
0 0.30280571190714334 0.5573079025200336 0.29776619687500006 0.5560123242187501 0.29427413573802197 0.5695956750478963 0.2993136507701652 0.57089125334918
0 0.2951947179687501 0.59215035234375 0.28792129406621847 0.590210006492139 0.27115580109746845 0.653055780710889 0.2784292250000001 0.6549961265625
0 0.2658496476562502 0.71529753515625 0.2603885621723994 0.7133917062048196 0.24888838046875011 0.7463450703125001 0.2543494659526009 0.7482508992639305
0 0.2498920252203934 0.7633050355348485 0.2443976466140175 0.7610212433811276 0.21515617463718179 0.8313707792557896 0.22065055324355765 0.8336545714095106
0 0.2523339797154104 0.7641831433544327 0.24469054257098563 0.7628332115187874 0.22498595552933193 0.8744023800744127 0.23262939267375668 0.8757523119100583
0 0.29351820175684457 0.6518838630298912 0.2883535210937501 0.6501626757812501 0.27873989668065563 0.6790097986888587 0.28390457734375 0.6807309859374999
0 0.30684833626775954 0.6185597001327061 0.3015149708854173 0.6166877266812115 0.29371478906250015 0.6389109156250001 0.29904815444484234 0.6407828890764946
0 0.3237592828304055 0.5594628369087593 0.31931091562500014 0.55813028203125 0.30212980488633273 0.6154846851048289 0.3065781720917381 0.6168172399823381
0 0.34933239453125015 0.48421478906250004 0.3442404544893892 0.48250597713990206 0.32897813027063927 0.5279848497961521 0.33407007031250013 0.5296936617187501
0 0.35644260546875006 0.4601246476562501 0.3508010721680331 0.45934366703099416 0.34951690156250004 0.46862007031250014 0.35515843486321697 0.4694010509377561
0 0.3641521125 0.4284950703125 0.36046439980749656 0.4272805599112324 0.35680559746374657 0.43839006694248245 0.36049331015625 0.43960457734374997
0 0.371588028125 0.4058038734375001 0.36753815422877656 0.404295358947628 0.3611341546875 0.421488028125 0.36518402858372345 0.4229965426148721
0 0.4125833542394998 0.3162311480641936 0.4026559859375 0.3115795773437501 0.3704243926355003 0.3803681472483065 0.3803517609375001 0.38501971796875006
0 0.41854321906982384 0.28360835329099365 0.4139618592781318 0.2819207144207666 0.409309859375 0.29454929609375 0.413891219166692 0.296236934963977
0 0.5094107368920696 0.09903790849974195 0.5030751749056408 0.09843781623058234 0.5005271137948212 0.12533934444959044 0.50686267578125 0.12593943671875008
0 0.5044300613894133 0.17433104742343683 0.5031952542573359 0.14271055048639641 0.49490581513364446 0.14303426009068365 0.4961406222657218 0.1746547570277241
0 0.49693591562500006 0.22056161953125003 0.4909291188250318 0.21997444058479906 0.48755598593750005 0.2544813382812501 0.4935627827374683 0.2550685172277011
0 0.49940028983318135 0.2906273204919493 0.48465387343750005 0.2884630281250001 0.459813209963957 0.45771500753396027 0.4745596263596383 0.45987929990090953
0 0.47331299765367635 0.4733788758229431 0.4636704153307546 0.4726466559801873 0.45765428967061583 0.5518728440121844 0.46729687199353753 0.5526050638549402
0 0.4666267470635702 0.5570998102942626 0.45811804832210834 0.5561049038855252 0.44528038563353806 0.6658959389037628 0.453789084375 0.6668908453125001
0 0.44463320886974794 0.7515573650557041 0.43957746484375004 0.7500897890625 0.4357835450924383 0.7631596997224124 0.4408392891184362 0.7646272757156165
0 0.40474128912919544 0.4924828612969952 0.3929431074305422 0.48763062664482765 0.31488486342099414 0.677428814886005 0.32668304511964735 0.6822810495381726
0 0.3032330984375001 0.7186992960937502 0.29740542760838273 0.7165038214731079 0.29276549296875 0.7288200703125 0.29859316379786743 0.7310155449331421
0 0.3560021125 0.6980690140625 0.3473208384150083 0.6917748930572992 0.24114175451502634 0.8382242111856663 0.24982302860001798 0.8445183321908669
0 0.5612389157812638 0.4354161669718362 0.5490900482677848 0.4257342737008976 0.36502072229458415 0.6567049931629816 0.3771695898080632 0.6663868864339202
0 0.5306978875000001 0.40900668984375005 0.5209761745648762 0.40175122113057543 0.4829395550336262 0.4527170664430756 0.49266126796875004 0.45997253515625014
0 0.573734098229383 0.3026184569336353 0.5653442653489786 0.29627629368946257 0.5445795325166395 0.3237452552349794 0.5529693653970438 0.33008741847915213
0 0.43058623943141117 0.5985873434286708 0.42302931243087505 0.595477688235445 0.4036501151869639 0.6425720346505243 0.4112070421875 0.6456816898437501
0 0.4033137320312501 0.6694207750000001 0.3972200445858468 0.6673556520595417 0.39268732421874997 0.6807306335937501 0.39878101166415325 0.6827957565342084
0 0.3902328931159783 0.7087309334193491 0.38474846594704404 0.7068724757170568 0.3668169814248158 0.7597894297977079 0.37230140859375005 0.7616478875000002
0 0.366394000712391 0.7818468644474621 0.3598566908178743 0.7799994869948439 0.33637149323048343 0.863106495984882 0.34290880312500016 0.8649538734375002
0 0.5699460844933666 0.48472960847986446 0.5609182693444121 0.48220438096901824 0.5320280231165556 0.5854884618815832 0.5410558382655102 0.5880136893924295
0 0.5346080392463249 0.6318487141536349 0.52263133828125 0.62671866171875 0.4672451302849252 0.7560241725651152 0.4792218312500001 0.7611542250000001
0 0.44858200563272616 0.8375200125984247 0.440427139767303 0.8331755139767203 0.40197612007207706 0.9053502193470457 0.4101309859375002 0.9096947179687502
0 0.5464325645692192 0.7853485863851007 0.5365320160634042 0.7801846797766109 0.4708572232912 0.9061002938160956 0.480757771797015 0.9112642004245852
0 0.60781971796875 0.6455084507812501 0.5995289018751294 0.6414124997319279 0.5469799589063794 0.7477794012944278 0.555270775 0.75187535234375
0 0.6135028635171415 0.6113570985375469 0.6082838015526073 0.6093235492917122 0.5996828980665873 0.6313975897096963 0.6049019600311214 0.633431138955531
0 0.6371016233314004 0.5540449046406767 0.6313434408827165 0.5513335742553458 0.62142464765625 0.5723985914062502 0.6271828301049339 0.5751099217915809
0 0.6452748631509806 0.5331315919503333 0.6399298274881283 0.5309669121801666 0.6341701049621478 0.5451888413235834 0.639515140625 0.5473535210937501
0 0.6839642490531115 0.4351113618740253 0.6725800562559351 0.4306708439957334 0.6415901032965736 0.5101200454029582 0.6529742960937501 0.5145605632812502
0 0.7029301489120134 0.35755350582788104 0.6921060259337567 0.3563085513862238 0.6882003415781561 0.39026610546587187 0.6990244645564128 0.3915110599075291
0 0.721664516702117 0.2880943418771385 0.7149887693730179 0.28625469345447235 0.6991340679351202 0.3437885023462347 0.7058098152642192 0.34562815076890085
0 0.5718876757812501 0.7920595070312502 0.5629517631977523 0.7856376675410592 0.4999338053852524 0.8733263995723093 0.5088697179687501 0.8797482390625
0 0.6977891984098034 0.6450444113048859 0.6910978856969102 0.63916059220469 0.6086664333808567 0.7329049129310542 0.6153577460937499 0.73878873203125
0 0.8209197075878789 0.5138226423209726 0.807610915625 0.50016232421875 0.7041828322081349 0.6009288535933742 0.7174916241710138 0.6145891716955969
0 0.8447375294501459 0.462106231356007 0.8384447160463147 0.45720011439035735 0.810765285033669 0.4927030377218505 0.8170580984375002 0.49760915468750005
0 0.9012560164839268 0.3896372953156936 0.8980385673546462 0.386463567610814 0.8694195961666994 0.4154767951123389 0.8726370452959799 0.41865052281721854