1 0.7980015250373484 0.2701677019470214 0.7334298904248205 0.2505417801080274 0.7173161232871575 0.3035580048938218 0.7818877578996855 0.32318392673281576
1 0.7369187772044564 0.2551219017946321 0.7199398919686233 0.1959935562136481 0.6503980580393014 0.21596270647100052 0.6673769432751346 0.27509105205198453
1 0.6530912234325498 0.17990819270290634 0.6149876691252254 0.1742517496744135 0.6057561137784863 0.23643836920256495 0.6438596680858105 0.24209481223105778
1 0.6166955508039382 0.042120923811280096 0.5418573851261668 0.02834900866837491 0.5290279399176916 0.09806568467914575 0.603866105595463 0.11183759982205092
1 0.5279300668171724 0.14743554466467795 0.5186107032080403 0.08848290832086221 0.4797447514892693 0.09462692423848439 0.4890641150984013 0.15357956058230013
1 0.4851916332751312 0.16543161963164155 0.419175375692644 0.1568166508190225 0.41387487540525847 0.1974342316714958 0.47989113298774566 0.20604920048411485
1 0.47613601446471526 0.2328116104125934 0.42875626422531254 0.17235472239954155 0.36591181727715555 0.2216055902195037 0.41329156751655827 0.2820624782325556
1 0.4079119961280447 0.2671484177628184 0.37468839279479427 0.21188939887343902 0.33265938267922557 0.2371586705440803 0.36588298601247604 0.29241768943345964
1 0.3724367547766542 0.2271287069720346 0.3406126485930967 0.16925420447543013 0.2543737140415704 0.21667538119285706 0.28619782022512796 0.2745498836894614
1 0.13557149821515854 0.29754624512333494 0.1294361223780219 0.21921553695915655 0.049283770040385665 0.2254935959394389 0.055419145877522315 0.30382430410361727
0 0.7560798969912964 0.30863267674149564 0.7504278828125 0.3083712312500001 0.7493487506649535 0.33170026310225453 0.75500076484375 0.33196170859375007
0 0.7204266491435645 0.5807739494545828 0.7094587647513321 0.5792995148153205 0.6948961226562502 0.6876267140625001 0.7058640070484825 0.6891011487017624
0 0.6868835569128773 0.7560523914655967 0.6807871267296839 0.7542925779608499 0.6737231784105566 0.7787638458702533 0.67981960859375 0.7805236593750001
0 0.6625568126116442 0.8608864087415871 0.6537996976001468 0.8590996060152278 0.6341201592189668 0.9555489668958936 0.6428772742304643 0.9573357696222526
0 0.6996920659779304 0.3235651303824011 0.6952662437500001 0.26643670703125 0.6881707262095696 0.26698640711759897 0.6925965484375001 0.32411483046875006
0 0.6965187757157901 0.33750408230486256 0.6908967223690302 0.3373860081974681 0.6905530279032402 0.3537508883926056 0.69617508125 0.35386896250000005
0 0.6941303242187502 0.3682543726562501 0.6910927193331149 0.36808031385599166 0.6896375763298933 0.3934748902251267 0.6926751812155285 0.39364894902538516
0 0.6884808420380557 0.5582858196020382 0.6834753268057414 0.5577928127491271 0.682375209375 0.5689623421875001 0.6873807246073144 0.5694553490404112
0 0.68783054296875 0.5935712492187502 0.6826706021285177 0.5934144368205051 0.6822428404097677 0.607490014945505 0.68740278125 0.6076468273437501
0 0.6922396620017044 0.6295721631578359 0.6834593156250002 0.6295359812500002 0.6831919978266039 0.6944066031429406 0.6919723442033081 0.6944427850507763
0 0.6994931367187499 0.7897333734375002 0.6923008687465767 0.7552822838506181 0.687084503139228 0.7563712914767561 0.6942767711114012 0.7908223810636381
0 0.71540859375 0.8798326046874999 0.7011392734334256 0.8050563081896559 0.6955730714212419 0.8061184886288931 0.7098423917378162 0.8808947851267371
0 0.7011622237085215 0.8068630859135719 0.6927219007569952 0.8065329101471402 0.6882968159033973 0.9196518881263506 0.6967371388549235 0.9199820638927824
0 0.6818582119941063 0.7182623863457149 0.6791055476562502 0.6877878164062502 0.6738738003926757 0.6882603823569995 0.6766264647305319 0.7187349522964641
0 0.6759897179687501 0.6757198046874999 0.6717781125000001 0.65253314609375 0.6663883383168694 0.6535121402137187 0.6705999437856193 0.6766987988074685
0 0.6720228156250001 0.65113585546875 0.6662775359375 0.59153936796875 0.6616634474122972 0.5919841799063692 0.6674087270997973 0.6515806674063692
0 0.6624126664879898 0.5601357475059757 0.6562495775632042 0.5125619886205424 0.65091137734375 0.5132535421875 0.6570744662685356 0.5608273010729333
0 0.6537058726562501 0.49791013671875006 0.6532999218785488 0.4880528093023819 0.6477105721470864 0.48828299348664306 0.6481165229247876 0.49814032090301125
0 0.6523027597603541 0.4665823744358568 0.6500602364106506 0.455129765153493 0.6462250258690464 0.45588073368638626 0.6484675492187499 0.4673333429687501
0 0.65129527890625 0.4494273664062499 0.648050495748895 0.4313157023955615 0.643848358095704 0.43206853358069797 0.6470931412530592 0.4501801975913865
0 0.6445580587151761 0.4090681957999682 0.6315078421875 0.33361550468750006 0.6231682080750678 0.3350579188588728 0.6362184246027438 0.41051060997134103
0 0.62822575 0.31562849843750007 0.62490534453125 0.3025332109375 0.620405790929594 0.3036741055063189 0.623726196398344 0.31676939300631896
0 0.5735264382812499 0.10522138125000009 0.5671760186071066 0.10462168054172416 0.56463753125 0.13150252265625006 0.5709879509241433 0.132102223364526
0 0.5738047781706813 0.15092897133367705 0.5651753795290955 0.1485243651369757 0.5566448542807308 0.17913781988529748 0.5652742529223167 0.18154242608199883
0 0.5621295802183248 0.2267951101635735 0.5561301888519146 0.22626287144992835 0.5530631601960899 0.260834398786355 0.5590625515625002 0.26136663750000017
0 0.5554273320312502 0.29527773671875013 0.5418831800604345 0.29402525784998723 0.5260979168206845 0.46472514712610113 0.5396420687915001 0.46597762599486403
0 0.5405240415652267 0.47998917096636884 0.5307888313666994 0.4789306524665441 0.5221957835214006 0.5579610397803562 0.5319309937199279 0.5590195582801809
0 0.5298311398167975 0.5629584706369395 0.5207857399007182 0.5623623222250342 0.51351761640625 0.6726420484375002 0.5225630163223294 0.6732381968494054
0 0.5115930218750001 0.7570240984375001 0.5072331033100124 0.7564297977724247 0.5053470369037624 0.7702663899599248 0.5097069554687501 0.7708606906250002
0 0.6478898756114878 0.7093466526351714 0.603376442494415 0.5090883841853954 0.592651669627988 0.5114722880480478 0.6371651027450607 0.7117305564978238
0 0.6597660976562502 0.7641582093750002 0.6573730609920767 0.7511327317843995 0.6512524982334572 0.7522571996578324 0.6536455348976304 0.7652826772484331
0 0.6874388973074274 0.8824573428074857 0.614894218684053 0.7169379166080551 0.60355889140625 0.7219060203125001 0.6761035700296241 0.8874254465119307
0 0.5942942664062499 0.6839138140624998 0.46699076506892884 0.4174891319007319 0.45587281898743937 0.42280152808102944 0.5831763203247604 0.6892262102427974
0 0.5241338507881481 0.457979513785675 0.498324245558963 0.39989103247556146 0.4872284609375 0.40482106015625013 0.5130380661666851 0.46290954146636365
0 0.48391645000000005 0.32139255 0.479015126997355 0.2877726983359806 0.4686037457095632 0.2892905379476817 0.4735050687122083 0.3229103896117011
0 0.5678036313259884 0.6578861852730492 0.5557418646668915 0.6085053948837141 0.5473024372471528 0.610566811954415 0.5593642039062499 0.65994760234375
0 0.570856009375 0.6978863265624999 0.5686085904168217 0.6837955681811649 0.5623867012657331 0.68478793433034 0.5646341202239114 0.6988786927116749
0 0.5811593771369431 0.7804304815259154 0.5736610719567926 0.7250629652314042 0.5679231275884105 0.7258400428548974 0.575421432768561 0.7812075591494085
0 0.5915594747149429 0.8875983372032538 0.583872906256975 0.801581187625344 0.576881938573282 0.8022059066720905 0.58456850703125 0.8882230562500002
0 0.45195257829867214 0.5778406050410385 0.44381309249378254 0.4709344697074861 0.43431598725206566 0.47165754844437346 0.4424554730569553 0.578563683777926
0 0.48066551799914253 0.7583442197982336 0.4536054023437499 0.6200722203125 0.4412965238368186 0.6224810932385048 0.4683566394922113 0.7607530927242384
0 0.5186246970317221 0.9167760472904712 0.4954045487279265 0.8383135929812635 0.4861245962093996 0.8410598985312173 0.5093447445131953 0.9195223528404248
0 0.44773374453125003 0.9052057015625001 0.4112419018928291 0.7680755620493132 0.40201109143437164 0.7705319825260292 0.4385029340727925 0.907662122039216
0 0.4038444327785836 0.7352009964829993 0.37577585022774895 0.6199773611307207 0.36639691249999995 0.62226207890625 0.39446549505083467 0.7374857142585286
0 0.37588593046874996 0.6101791929687501 0.373143232935658 0.5867520002947544 0.3676757771835033 0.5873920930968412 0.3704184747165953 0.6108192857708368
0 0.36699196250000005 0.54789951015625 0.36119495781250005 0.52534914609375 0.35504624471160584 0.5269297910256538 0.36084324939910584 0.549480155088154
0 0.3596672793439234 0.5183523755405998 0.3558015625 0.50387981171875 0.3501469511248266 0.5053901955531502 0.35401266796874997 0.519862759375
0 0.35232324208201304 0.4846020398173419 0.34420886131195605 0.3995164013210478 0.3339885891024231 0.400491080265079 0.34210296987248007 0.485576718761373
0 0.33626863125 0.3554316796875 0.33296460546875 0.32183682734375 0.32391185645793524 0.32272715767819726 0.3272158822391852 0.35632201002194724
0 0.3325104488878433 0.3088117000341245 0.32977958535200524 0.24936012707335714 0.3229914807933372 0.2496719335789471 0.32572234432917524 0.3091235065397145
0 0.42551863309671417 0.8682846207154633 0.38389998586311924 0.7687155743039575 0.373705521875 0.7729767359375 0.415324169108595 0.8725457823490057
0 0.34722782975773947 0.709001984279534 0.28605722430734076 0.600152304622925 0.27850166491346834 0.6043983266975665 0.3396722703638671 0.7132480063541755
0 0.26945439581713365 0.5677143649305443 0.19800979062500004 0.44146441171874995 0.18570969879976945 0.4484250099758153 0.2571543039919031 0.5746749631876096
0 0.19636118293801563 0.43348944506303655 0.1758039277914184 0.3934647949727982 0.16866609172840277 0.3971308936597616 0.189223346875 0.43715554375000004
0 0.1536757982415322 0.3463975235824933 0.13066541250000002 0.3127815703125 0.12698488946037714 0.3153009174270117 0.1499952752019093 0.34891687069700505