1 0.6265584102675245 0.22006522146010238 0.6196884557487483 0.1605174264357132 0.5229621344410826 0.17167662095970915 0.5298320889598589 0.23122441598409832
1 0.7528821485621011 0.4123563196104684 0.7462838093749999 0.39897846953125005 0.730648023346035 0.4066904874612698 0.737246362533136 0.4200683375404882
1 0.8096753168451022 0.3881544942914318 0.752588862535917 0.3825558117394565 0.746049158575457 0.44923730472795975 0.8031356128846422 0.4548359872799351
1 0.8687379392556652 0.5007944001946794 0.8295676253967066 0.4242252928285257 0.7684953006094637 0.4554679468478934 0.8076656144684222 0.5320370542140471
0 0.57019277033205 0.2701520748647709 0.563425172927294 0.2687131999758264 0.5412223385327438 0.37314190714230555 0.5479899359374999 0.37458078203125006
0 0.5442657484375 0.3939112070312501 0.5378178380454358 0.3934658592197473 0.5360140312499999 0.41958204140625 0.5424619416420642 0.42002738921775284
0 0.5254479266801654 0.5283484518799006 0.5195454441630316 0.5279381275026964 0.5182747362328662 0.5462171568727958 0.52417721875 0.54662748125
0 0.5224338007812501 0.607279275 0.516078096256304 0.6071739619574449 0.515850214225054 0.6209267775824447 0.5222059187500001 0.621032090625
0 0.5407740186219235 0.8842122937549292 0.5214405 0.6662237687499999 0.506789274598637 0.6675231937501225 0.5261227932205605 0.8855117187550517
0 0.7478553109374999 0.4347776218750001 0.7447969506802335 0.42714310426565955 0.6345747041096781 0.4712977392573398 0.6376330643669442 0.47893225686668045
0 0.6046691914062501 0.4938286898437501 0.5809560597781097 0.48981674349069293 0.5796548710002285 0.49750758929162037 0.603368002628369 0.5015195356446777
0 0.5745915783782651 0.5113043119250822 0.5717903875 0.50243280703125 0.4887432477538078 0.5286550650480125 0.4915444386320729 0.5375265699418447
0 0.4606439402233641 0.5584308317537163 0.45632219334482027 0.547614516652883 0.3522965554652061 0.5891788083366666 0.35661830234374997 0.5999951234374999
0 0.326998260981402 0.6150734936834363 0.31957241209274445 0.6023245756903371 0.1775608571298532 0.6850418971264409 0.18498670601851072 0.69779081511954
0 0.18599338286497638 0.6971786965668161 0.17959800948623456 0.689148422251118 0.13398853766430824 0.7254721629405498 0.14038391104305004 0.733502437256248
0 0.7313163264347959 0.5144862512772874 0.7262490605153138 0.5036283921370426 0.4204771570496842 0.6463294094880224 0.4255444229691664 0.6571872686282674
0 0.41934077870479125 0.664289062468281 0.4132275921030143 0.6526391918394353 0.18742135692827383 0.7711294047736451 0.19353454353005084 0.7827792754024908