1 0.5962483925408243 0.18534520793163925 0.5100077875717638 0.1401450147638703 0.48216367807519084 0.19327073568493736 0.5684042830442514 0.23847092885270627
1 0.31807966952381694 0.3303212880812028 0.30627713515625 0.31742805312499994 0.2952931493706895 0.32748285086717377 0.30709568373825646 0.34037608582337664
1 0.3043076622953758 0.297901434320563 0.2484507794126017 0.285705391047339 0.23401663722422877 0.3518125843121699 0.28987352010700274 0.3640086275853939
1 0.25233808032333926 0.3286829730321884 0.19868277739258305 0.3064850645847539 0.1599465351423371 0.4001157243046931 0.2136018380730933 0.42231363275212763
0 0.5237019561066545 0.2613761601480227 0.5171451041235026 0.2602703287036014 0.4993835233234673 0.3655848021526479 0.5059403753066193 0.36669063359706916
0 0.5002944447110111 0.3857941674365154 0.4940535078472862 0.38458105239295914 0.4889562881362749 0.4108039787064438 0.4951972249999999 0.4120170937500001
0 0.4717736943405836 0.519200243229785 0.46612365037366654 0.5172585755238825 0.4601409550830889 0.5346675746691428 0.46579099905000587 0.536609242375045
0 0.4462367201037657 0.5938621682635351 0.4399710813345716 0.5919155290448834 0.4358949664062501 0.6050353015625001 0.4421606051754442 0.6069819407811519
0 0.43587123077887646 0.6554240328490009 0.4204142976562501 0.6474996687500001 0.32064592550892695 0.8421036819892358 0.3361028586315533 0.8500280460882366
0 0.3847442830692664 0.4248542437592112 0.2972295867886519 0.3445650587710885 0.29168286178020575 0.3506109534272376 0.37919755806082023 0.43090013841536035
0 0.42661813750000005 0.4686850609375 0.40880591767493657 0.4520984873023677 0.4037536714874971 0.4575240635353274 0.42156589131256056 0.4741106371704597
0 0.4993854813208888 0.531890029037886 0.43210605937500013 0.476543846875 0.4266129734756198 0.48322130193272655 0.4938923954215085 0.5385674840956125
0 0.6056453145229345 0.6365701203018662 0.523738901449177 0.5601272241591231 0.5158845630513305 0.5685429268299614 0.5977909761250879 0.6449858229727046
0 0.734906316886281 0.7880969350391989 0.6315677252169003 0.6603079203331896 0.6198982562778592 0.6697446194771997 0.7232368479472401 0.7975336341832089
0 0.7615157839805586 0.8411111961266003 0.7303999521658152 0.791908627189739 0.7210592553605709 0.797815708000854 0.7521750871753144 0.8470182769377154
0 0.5227583829671658 0.6640303572874051 0.2859487058022675 0.42371765189137633 0.276924142016089 0.4326106649896104 0.5137338191809875 0.6729233703856392
0 0.6914778417290585 0.8679637609989124 0.5270245490642063 0.6731750848708178 0.5183295776455445 0.680515946299977 0.6827828703103968 0.8753046224280714