1 0.4509683664886449 0.16142465007587975 0.41867682179665405 0.14920622741109008 0.39504004839935053 0.2116748410344364 0.4273315930913414 0.22389326369922613
1 0.3239546813842239 0.2624292427753379 0.31855459999848545 0.21082846523731216 0.2520094015857025 0.2177924976493107 0.2574094829714409 0.2693932751873364
1 0.40625315613828406 0.1898411447066653 0.3388075276363013 0.161538069116426 0.31373287146057866 0.22129044266504336 0.3811784999625614 0.2495935182552827
1 0.5496803760388811 0.031744581277785754 0.47363808706135613 0.02794246851609783 0.47003881223769506 0.0999279969328987 0.54608110121522 0.10373010969458663
1 0.5946155470631136 0.10071329162140352 0.5542004159160061 0.09109064216162584 0.540301033590253 0.14946805286407014 0.5807161647373605 0.15909070232384784
1 0.5212507057209996 0.12075211159050019 0.5174985913205001 0.10011549279400014 0.5043915488497503 0.10249859262674983 0.5081436632502497 0.12313521142324987
1 0.6595012700993936 0.2076829851302152 0.6054721788306652 0.16265873907635733 0.5678076660652798 0.20785615105209515 0.6218367573340082 0.252880397105953
1 0.7296439395238428 0.2420950267871928 0.6789310052444566 0.1798564263235623 0.630854997728554 0.21902946992363406 0.6815679320079402 0.2812680703872646
1 0.8038732390625001 0.27288732421875006 0.7478873234375 0.2169014085937501 0.7003521124999998 0.2644366195312501 0.756338028125 0.3204225351562501
1 0.8740102665235258 0.3616405613657944 0.8067438120727907 0.3092122964296933 0.7675443822526857 0.3595059054915719 0.8348108367034207 0.41193417042767305
1 0.9870130094675981 0.3061696714123106 0.907395672395341 0.29607733298027894 0.89749142074172 0.37421087434588196 0.977108757813977 0.3843032127779136
0 0.28929718281250005 0.26663767578124997 0.28388926735862424 0.2659168225120284 0.2808572195661519 0.28866355726917015 0.2862651350200277 0.2893844105383917
0 0.27574356713655634 0.5383457732938711 0.26709633635385577 0.5382442608797202 0.26543516374854953 0.6797495438358491 0.2740823945312501 0.67985105625
0 0.2778536571400536 0.73600550671764 0.27424683125000004 0.71646443671875 0.2670847233286964 0.71778639484486 0.27069154921875 0.73732746484375
0 0.2812576934030748 0.9205429481797616 0.2812156699121066 0.8228690606806175 0.2721903710402818 0.8228729437508561 0.27223239453125003 0.92054683125
0 0.2512282274665119 0.7611461033830563 0.2462439667694742 0.7591000214020759 0.21646784081192405 0.831634736872832 0.22145210150896175 0.8336808188538125
0 0.24823661953125012 0.78611866171875 0.24231120393953862 0.7851022463700568 0.23164471796875014 0.847284859375 0.23757013356046164 0.8483012747236932
0 0.23638521093750006 0.8539232390624999 0.23019407347342163 0.852882947472574 0.22545358050467165 0.8810952716913242 0.2316447179687501 0.8821355632812502
0 0.29507714763465515 0.5930220547504785 0.28940098256206076 0.5915804334061551 0.27020798961490555 0.6671499278744266 0.2758841546875 0.6685915492187501
0 0.30285845078125007 0.55739894375 0.2988078477008729 0.5561840033586489 0.2947698264916357 0.5696467388683101 0.2988204295720128 0.5708616792596611
0 0.3093521024823843 0.5229999224184774 0.3051187638398119 0.5218604567111489 0.3030582105761777 0.5295158163239216 0.3072915492187501 0.53065528203125
0 0.34292253515625004 0.3039288734375 0.33704979681250113 0.3034773306836899 0.335811971875 0.31957640859374997 0.34168471021874885 0.32002795134756007
0 0.35927781718750007 0.23541338046875002 0.35210947640326345 0.2335668769065901 0.33812461702826346 0.28785772143784005 0.3452929578125 0.28970422500000004
0 0.3258488974857283 0.559481864727027 0.3157275575334262 0.5563413985567176 0.2748296195204428 0.6881504713278497 0.28495095947274496 0.6912909374981591
0 0.34950598593750004 0.48820880312500003 0.3449938807428523 0.4865332151661136 0.32922768386785234 0.5289892011036137 0.33373978906250007 0.5306647890625001
0 0.36386126796874996 0.42923168984375 0.3594357479738536 0.42815539399303953 0.3539780010988536 0.45059659164928956 0.35840352109374995 0.4516728875000001
0 0.4070312348935964 0.3121428667690161 0.3976804768721273 0.30949500265016533 0.3763521095555538 0.3848147293500563 0.3857028675770228 0.38746259346890705
0 0.41842647091471347 0.28329777464497224 0.4140034625485753 0.2818237949574688 0.4096718312500001 0.29482183125000005 0.41409483961613824 0.2962958109375035
0 0.4251536222725892 0.45396728414059384 0.4126204108641852 0.44841052447163854 0.28799805503021403 0.7294949018663789 0.300531266438618 0.7350516615353342
0 0.42208133828124994 0.4336549296875001 0.4181319007000205 0.432203258474691 0.4127365263800704 0.44688199145223456 0.41668596396129987 0.4483336626650436
0 0.50857464765625 0.09231302812500006 0.5021893208164611 0.09204326892903489 0.5007382645664611 0.1263904517415349 0.5071235914062501 0.12666021093750007
0 0.5032670699043517 0.14453352630568686 0.4972157938719678 0.14448090198880922 0.4969610481863661 0.17377413662062247 0.50301232421875 0.1738267609375001
0 0.4966943664062501 0.22196478906250014 0.4918027572739252 0.22130491853038753 0.4875045773437501 0.2531672539062501 0.49239618647607497 0.2538271244383627
0 0.4965576058089004 0.29106598707804404 0.4854979650667065 0.28983649475263895 0.43168014832030616 0.7739433951745949 0.44273978906250006 0.7751728874999999
0 0.3600816898437501 0.8015436617187502 0.35368774841244344 0.7998699572264482 0.33722472028744344 0.8627625634764481 0.3436186617187501 0.8644362679687501
0 0.4411841065614219 0.5670281216446078 0.43286077738229434 0.5641065194531915 0.3649141941032846 0.7576789985845946 0.3732375232824121 0.7606006007760111
0 0.465852962244801 0.5119041928731272 0.46068450703124997 0.5092281687500002 0.44714881911300797 0.535370906472517 0.452317274326559 0.5380469305956439
0 0.5338318960349934 0.40203119752409 0.5232680597886794 0.3943370138499547 0.48102383953493605 0.45233680226336465 0.49158767578124996 0.46003098593749997
0 0.5688721828125 0.2980714789062501 0.5635619374084148 0.29574682793874535 0.5307050404465612 0.3708024765170211 0.5360152858506464 0.3731271274845258
0 0.666199081084553 0.2587565279746406 0.6590993090657985 0.25672832568116216 0.6474847952751555 0.29738521690320086 0.6545845672939099 0.29941341919667935
0 0.6502066898437499 0.31834894375000006 0.6419510752689733 0.3161192465357627 0.6239957431478104 0.3826001573105137 0.6322513577225869 0.3848298545247511
0 0.6219407099810277 0.4195574299370808 0.6102077999733085 0.41522929959998534 0.4879812407976516 0.7465671077685635 0.49971415080537074 0.750895238105659
0 0.49406671115676487 0.7672988662485821 0.48815774609374996 0.764604225 0.48255758415573513 0.7768845837514181 0.48846654921875 0.779579225
0 0.4715158453125001 0.8250577460937499 0.46533192773026577 0.8232393277859851 0.4414079839802657 0.9045977785672352 0.4475919015625001 0.9064161968750002
0 0.4569878140844071 0.8723758512273585 0.45084310241757175 0.8675356113375352 0.40347782348941463 0.9276660983914266 0.40962253515624997 0.93250633828125
0 0.5154661634651739 0.7927800202509949 0.5097945666876671 0.7883595825743729 0.4768707750000001 0.8306021125 0.48254237177750686 0.8350225501766222
0 0.55881725390625 0.7380176054687502 0.5546081456860907 0.7343216543315397 0.53767147890625 0.7536098593750001 0.5418805871264094 0.7573058105122106
0 0.5940628957715148 0.6872191335675539 0.5891493763620641 0.6837622074108055 0.5669231001217993 0.7153536371245017 0.57183661953125 0.7188105632812501
0 0.6366645637771814 0.6294692863482656 0.6305254409524899 0.6247229875499316 0.5896214404565583 0.6776304621391661 0.5957605632812498 0.6823767609375
0 0.7463813484639825 0.4783501965128165 0.7347599543690767 0.47072928804589376 0.6434693664062501 0.60994154921875 0.655090760501156 0.6175624576856727
0 0.7562281687500001 0.4586397890625002 0.7521128806108873 0.4563540008217569 0.7452697179687502 0.46867429609375016 0.749385006107863 0.47096008433449343
0 0.80880845078125 0.3838707750000001 0.804078904227478 0.380409580403433 0.793120101102478 0.39538422805968293 0.79784964765625 0.39884542265625
0 0.741666196875 0.2941672539062501 0.7370917985659386 0.2926129026234477 0.7264365173159387 0.32397100106094767 0.731010915625 0.32552535234375013
0 0.7142518947525557 0.38312454665975354 0.7087365889548553 0.38079182073129564 0.7020770582440462 0.39653706876545736 0.7075923640417466 0.3988697946939152
0 0.6862028171875 0.46578098593750006 0.6815725561145438 0.46360456068023065 0.6638985387645425 0.5012053532023383 0.6685287998374987 0.5033817784596077
0 0.6072464789062499 0.679234859375 0.6012152041284935 0.6763581836541157 0.5624110498495756 0.7577154653510096 0.568442324627332 0.7605921410718942
0 0.52504929609375 0.8620454226562501 0.5191307157108425 0.8589254050118929 0.49028208548171603 0.9136503958325883 0.4962006658646237 0.9167704134769457
0 0.6994478928774056 0.6455805438327391 0.693655717974351 0.640581512571182 0.6186162758781955 0.727526672644693 0.62440845078125 0.73252570390625
0 0.7070850506560815 0.6309935484071942 0.7032116620564057 0.6282827122870898 0.6961195692128241 0.6384162763798955 0.6999929578125 0.6411271125000001
0 0.7796870087040328 0.5520748273800096 0.775721393092436 0.5480907214462375 0.7441289711228385 0.5795365222992712 0.7480945867344352 0.5835206282330434
0 0.8408944227880191 0.46280632518226267 0.836640922723117 0.4593687990980146 0.7977634498492436 0.507474712868388 0.8020169499141458 0.510912238952636