1 0.5934082579016788 0.20962233369330674 0.5703014518720859 0.14742401222206178 0.5373039214225245 0.15968266354123123 0.5604107274521174 0.2218809850124762
1 0.7378909221077652 0.2091537444531823 0.6710049616031825 0.2051627626724534 0.6679139594718839 0.25696571689086406 0.7347999199764667 0.260956698671593
1 0.6764868360315909 0.2090200464427983 0.6460949340573696 0.15435390934669918 0.5799255831941114 0.1911410783686987 0.6103174851683325 0.2458072154647978
1 0.5151710330287446 0.09948068338238035 0.5104665377845061 0.02776924580256166 0.43450136498114145 0.032752799420259 0.43920586022537983 0.1044642370000777
1 0.44822616037474255 0.15043261237593844 0.4270172423794686 0.09430182627677416 0.3892703201114084 0.10856443392212103 0.4104792381066823 0.16469522002128528
1 0.48143491605384164 0.1025536867509175 0.46836387557504233 0.10114984815041916 0.4660985906573626 0.12224175347663982 0.4791696311361619 0.12364559207713814
1 0.4217076532159936 0.20951302790648346 0.3821089684501639 0.16651877943533244 0.330451353666648 0.2140966224330926 0.37005003843247775 0.25709087090424354
1 0.35675087685029816 0.21940753275690272 0.3056039971658897 0.18586605213379476 0.2610850079853132 0.2537523630833988 0.31223188766972165 0.2872938437065068
1 0.29154889367150805 0.2715723069541607 0.24238368509614464 0.22572500693026726 0.188385753887003 0.2836306971050869 0.2375509624623664 0.3294779971289804
1 0.22771567682912383 0.3689322605449994 0.18679254116288388 0.3200346500951387 0.12138918641447582 0.3747716880561409 0.16231232208071575 0.42366929850600155
1 0.09827682114876393 0.38825305508971486 0.08578185539408718 0.3104618869754552 0.006567677333469979 0.3231854193011106 0.019062643088146713 0.4009765874153703
0 0.71129347265625 0.2812018328125 0.7078618154258804 0.2586016689505785 0.7024302351562499 0.25942641171875 0.7058618923866196 0.2820265755806715
0 0.7416899499802405 0.6712694283846574 0.7330762858798112 0.5300685822924859 0.7234430296495706 0.5306562390640784 0.7320566937499999 0.67185708515625
0 0.73880016241037 0.7088269987823361 0.7318980904812474 0.7083696023743531 0.7305492991646275 0.7287227457795169 0.7374513710937501 0.7291801421875
0 0.7423057281250001 0.9123416703125 0.7388547594970937 0.8147230430468065 0.7298715882953681 0.815040611966434 0.7333225569232745 0.9126592392321274
0 0.7949262718750001 0.82154077109375 0.7626443843717878 0.7500865724073346 0.7577374329528048 0.7523034561818839 0.7900193204560171 0.8237576548682993
0 0.7803118742187498 0.83770783828125 0.7672790736094562 0.7759583608320569 0.761440886366491 0.7771905644619563 0.7744736869757846 0.8389400419111495
0 0.787741804352972 0.8709793832485978 0.780791234252946 0.8432576704240541 0.7745775759937239 0.8448155996754563 0.7815281460937499 0.8725373125000001
0 0.7351978252612421 0.6591426514395382 0.7137722301132584 0.5841753848590667 0.7081314176376825 0.5857875253294365 0.7295570127856663 0.6607547919099079
0 0.7072719515625 0.5625311664062499 0.7030610932298027 0.5492080886574436 0.6990246499999999 0.55048383671875 0.7032355083326973 0.5638069144675564
0 0.6978506277794659 0.5226143540411764 0.6955095039062499 0.51505077421875 0.691319787845534 0.5163475998650737 0.69366091171875 0.5239111796875
0 0.65779131640625 0.31395623828124997 0.654684616197267 0.2976978016441527 0.6494368444801273 0.29870055817322355 0.6525435446891102 0.3149589948103208
0 0.6547702296922946 0.28204710106387576 0.6377707241750455 0.22863655377284048 0.630274076514001 0.23102258630271474 0.6472735820312501 0.28443313359375005
0 0.7317195646516698 0.6799270818229355 0.681714934375 0.5514156171875001 0.6736385965458547 0.55455817173142 0.7236432268225246 0.6830696363668552
0 0.6716191396810247 0.5230451529341983 0.6544497217752328 0.4811370479434235 0.64999083046875 0.48296382031250007 0.6671602483745419 0.5248719253032749
0 0.6441700576146091 0.4452897774914203 0.636776995177023 0.4234437477411226 0.6324305680311639 0.42491465149970226 0.63982363046875 0.44676068124999996
0 0.6196950801756013 0.3802535939521855 0.59152713515625 0.3073514210937501 0.5845248762753859 0.3100569542134618 0.6126928212947372 0.38295912707189717
0 0.5831125281249999 0.2917944125 0.57703533046875 0.27943770859375006 0.5731682158229445 0.28133960899050975 0.5792454134791946 0.2936963128967597
0 0.7153619604668382 0.7242494331637419 0.5855914534546158 0.4454056464129941 0.5750337230126318 0.45031908575593105 0.7048042300248543 0.7291628725066788
0 0.58518343515625 0.44393946953125 0.5794854548338829 0.42943254183269175 0.5755557859375001 0.4309760234375 0.5812537662598671 0.44548295113605824
0 0.48605452425927254 0.12669148411138836 0.4835959868736402 0.092402219175905 0.47720250546875 0.09286063125000002 0.4796610428543824 0.12714989618548336
0 0.4916586997642522 0.1736324458442769 0.4892732109375001 0.14464838203125 0.4832207400794979 0.14514652134322312 0.48560622890625 0.17413058515625002
0 0.503873471875 0.25288153359375 0.49822729329696547 0.2211943406491713 0.4933781486362824 0.222058384894202 0.4990243272143168 0.25374557783878066
0 0.57716469584162 0.7715059039045563 0.5071623686434366 0.28946692617129 0.4961889589184475 0.2910604990015633 0.566191286116631 0.7730994767348295
0 0.6753207199135529 0.8567716608131981 0.6558308084283583 0.7947565363353697 0.6495148057023055 0.7967415091159213 0.6690047171875 0.8587566335937499
0 0.6420256163001385 0.7535849424135923 0.5704776391496826 0.561392189121878 0.5611113468280169 0.5648789973263366 0.6326593239784728 0.7570717506180509
0 0.55288710703125 0.5341613445312502 0.5396136015624999 0.5078504562500001 0.5349792208715042 0.5101884418318111 0.5482527263402541 0.5364993301130612
0 0.5126102245151177 0.45614562919948537 0.47340843952846096 0.395459419061992 0.4630444705932056 0.40215428566987166 0.5022462555798622 0.462840495807365
0 0.4643973197253981 0.37215386091169717 0.429429916739047 0.2980922838399226 0.42412256875 0.30059809296875006 0.45908997173635113 0.3746596700405246
0 0.3438277773437501 0.30320826875 0.33266293273426495 0.26261521359757267 0.32625480963001674 0.26437772441201435 0.33741965423950193 0.30497077956444174
0 0.37025500624999996 0.3875310007812501 0.35251804397099884 0.32129883404654097 0.34354528125 0.32370173828125 0.36128224352900107 0.38993390501595904
0 0.516219598700923 0.7478312660070772 0.3874310908346259 0.41904056934148226 0.37699763544455545 0.4231273916427331 0.5057861433108526 0.7519180883083281
0 0.5259947482675423 0.7772514774896934 0.5210695945312499 0.7640297468750001 0.5153979029654979 0.7661424773276322 0.5203230567017905 0.7793642079423255
0 0.5726844550365074 0.9021922751282627 0.5446300419368203 0.8221761003067612 0.538505480650313 0.8243234283034985 0.56655989375 0.904339603125
0 0.6113403904228039 0.9239487181119319 0.5612352421875 0.8662039601562501 0.5553115142646962 0.8713439811068182 0.6054166624999999 0.9290887390625
0 0.5346529828125001 0.8295935203125 0.499544777805131 0.7890181779611629 0.49414046579660453 0.7936943108764747 0.5292486708039736 0.8342696532278119
0 0.47120232578125 0.7547700828125001 0.45314877545805227 0.736370034333633 0.44918104762801886 0.7402630444053472 0.4672345979512166 0.7586630928842144
0 0.4405488405012015 0.7176467312910254 0.41732957334901055 0.6867630633700614 0.4125289396957439 0.69037232362957 0.43574820684793486 0.721255991550534
0 0.41551491086197706 0.6818837153700098 0.3746739225812543 0.6286680614967946 0.36790501976170675 0.6338629366999655 0.40874600804242955 0.6870785905731808
0 0.3604549359375 0.614881584375 0.2582661033870308 0.4831372663401602 0.2483655143181295 0.49081675987433615 0.3505543468685987 0.6225610779091759
0 0.25378644218750007 0.47725316875 0.24622394517709884 0.46525099650662904 0.24232038960344307 0.4677106035475137 0.24988288661384433 0.47971277579088467
0 0.20323325992003008 0.40594430242190616 0.19202938896447055 0.39115602201327104 0.187326815625 0.39471877734375005 0.19853068658055953 0.40950705775238516
0 0.2673525759869079 0.33209943128955244 0.25586680394172545 0.3010371213803002 0.25129756015625004 0.3027266703125001 0.26278333220143246 0.3337889802217523
0 0.2937969078125 0.4039491406250001 0.28774611881810186 0.38829205079955625 0.28197497039799224 0.3905223504104514 0.2880257593923904 0.40617944023589525
0 0.33446078984374994 0.5078397570312501 0.3175233157920082 0.47014056083412453 0.3127163859374999 0.47230021562499996 0.3296538599892417 0.5099994118221255
0 0.4461177620895621 0.7600364833598119 0.40508353193518937 0.6797953593238103 0.399074059375 0.6828685226562501 0.44010828952937286 0.7631096466922517
0 0.5235893375 0.9133792671875 0.49353000807979724 0.8593976436305093 0.48760116640625 0.86269908203125 0.5176604958264528 0.9166807055882407
0 0.38853316487332157 0.7324562515198763 0.31173478228964235 0.6470023381760427 0.3063590889164326 0.6518335336143042 0.38315747150011176 0.7372874469581376
0 0.3086820173454283 0.6446852939133401 0.3005978710937499 0.6358925195312499 0.2969699912483216 0.6392280209304098 0.30505413749999993 0.6480207953124999
0 0.2587552171875001 0.5880514812500002 0.22624182932213976 0.5575905642112524 0.22242793999462512 0.5616614351841552 0.2549413278599854 0.592122352222903
0 0.20281729011716662 0.5177146991873096 0.16193727499999996 0.47132335546875004 0.15786260797714663 0.4749139488023297 0.1987426230943133 0.5213052925208894