1 0.4568847891031142 0.16062049709851653 0.4248114031220756 0.14784037004080233 0.40008800218990315 0.20988695042928893 0.43216138817094174 0.22266707748700312
1 0.32812767554379346 0.25939301163514833 0.3236289745513493 0.20770584865301442 0.25697237164603753 0.213507446348495 0.2614710726384816 0.2651946093306289
1 0.4116804529827536 0.1882522758725034 0.3447390535599408 0.15877642194215902 0.31862539326254974 0.21808208170320525 0.3855667926853625 0.2475579356335496
1 0.5578449942282477 0.032682942249526406 0.48188064306545986 0.027554285933679666 0.477025594105848 0.09946603461937695 0.5529899452686358 0.1045946909352237
1 0.6006341330974208 0.10111464295307253 0.559785425513846 0.09195869401238858 0.5466848977612668 0.15040589930180934 0.5875336053448416 0.15956184824249328
1 0.5278662568747033 0.12118074946890597 0.5244748731810636 0.1004817900538105 0.5113282362615166 0.10263577708190419 0.5147196199551564 0.12333473649699969
1 0.66460774158861 0.20891331726024234 0.6096615931041385 0.16472669828847344 0.572253047513975 0.21124429905576658 0.6271991959984464 0.2554309180275355
1 0.7345523194392156 0.24923238555219082 0.6883966476778246 0.18255045036377346 0.6380159138592703 0.2174228128208114 0.6841715856206612 0.2841047480092288
1 0.8077906207198069 0.27822523983722286 0.7527903262172556 0.22127075666381618 0.7044327464849243 0.2679691196111371 0.7594330409874755 0.3249236027845438
1 0.8763841451359731 0.36845278892600686 0.810377498494468 0.31454928595949294 0.769964850684339 0.3640359281450278 0.835971497325844 0.41793943111154164
1 0.9903216418926887 0.31469874320927727 0.9108925658850119 0.30321842555764555 0.8996262023557403 0.38116721340929793 0.9790552783634171 0.39264753106092964
0 0.29340200781250003 0.262995946875 0.28800749693349675 0.2621808223845894 0.28457892600455387 0.28487117630377956 0.28997343688355715 0.2856863007941902
0 0.27510849648823965 0.534426118514034 0.26646435420829356 0.5341737065914328 0.26233382725130405 0.6756284458898987 0.2709779695312501 0.6758808578124998
0 0.2737686273614417 0.7320925733224002 0.27050338906250004 0.7124915320312499 0.2633192999823084 0.7136882930838498 0.26658453828125006 0.733289334375
0 0.2761053563305735 0.8190352162417736 0.26667799442421175 0.81879072769554 0.26414433637535895 0.9164873754177505 0.27357169828172073 0.916731863963984
0 0.24670848902245654 0.7567646637459357 0.24176069623162771 0.7546319058852994 0.21072319962483976 0.8266359082105479 0.21567099241566862 0.8287686660711842
0 0.2432815054687501 0.7816812078125001 0.23737473154399824 0.7805615345384351 0.2256246335937501 0.84254852109375 0.23153140751850193 0.8436681943678149
0 0.23024854843750014 0.8492686226562501 0.2240765097106312 0.8481204393115146 0.21884436596063117 0.8762457330615148 0.22501640468750012 0.8773939164062503
0 0.2934848998359099 0.5894314903137471 0.2878347590753111 0.5878910257713791 0.26732581939565125 0.6631140463951322 0.2729759601562501 0.6646545109375002
0 0.30188672656250004 0.5539496070312498 0.2978579441565207 0.5526641590367032 0.29358558117817923 0.5660543707544223 0.2976143635841585 0.567339818748969
0 0.3089797349988417 0.5196691541516396 0.30476692746136386 0.5184559802636676 0.30257308386877224 0.5260742128307779 0.30678589140625007 0.5272873867187501
0 0.3463683718750001 0.30121735625000007 0.3405044082607985 0.30066338900186274 0.3389858046875 0.31673841171875006 0.34484976830170166 0.3172923789668874
0 0.36391692343750004 0.23299773750000002 0.3567819008099576 0.2310264104104654 0.34185166487245755 0.2850649166604654 0.34898668750000006 0.2870362437500001
0 0.3248373201017333 0.5564334493021958 0.3147723306700931 0.5531168197462573 0.2715802354622453 0.6841920497245264 0.28164522489388555 0.687508679280465
0 0.3497346914062501 0.4855841164062501 0.3452525168155782 0.48383003669832425 0.3287477621280782 0.5260043984170741 0.33322993671875 0.5277584781250001
0 0.36511707968749996 0.4268665195312501 0.36071101747169504 0.42571315168950735 0.35486244950294504 0.4480556805957573 0.35926851171875 0.4492090484375
0 0.4103239535456276 0.31054894997029003 0.40102083151328677 0.3077382959164727 0.37838120188391927 0.3826743190542019 0.38768432391626007 0.38548497310801927
0 0.42222086926725344 0.28190712434366516 0.417824257818219 0.28035617733585316 0.41326644140625 0.29327663671875 0.41766305285528443 0.29482758372656204
0 0.42596840525398577 0.45266804633484126 0.41353407990682334 0.4468933973212856 0.2840251019540894 0.7257600026270904 0.29645942730125185 0.731534651640646
0 0.4232510867187501 0.43230516640625005 0.41932758565127487 0.43078478913194607 0.41367685439311586 0.44536712372620063 0.4176003554605911 0.4468875010005046
0 0.5156884601562501 0.09252476875000007 0.5093088138939031 0.09214361141499713 0.5072585381126531 0.12646023875874715 0.5136381843750001 0.12684139609375006
0 0.509470317676702 0.14464468371526001 0.5034208815966639 0.1444864580991903 0.5026549373574618 0.17377078532143034 0.5087043734375001 0.17392901093750007
0 0.5015472531250003 0.22194944375000009 0.49666790570845637 0.22120430347030678 0.4918143062500001 0.2529867726562501 0.49669365366654394 0.2537319129359433
0 0.5002045317864198 0.291037730729956 0.48916803307365375 0.28961540831415444 0.42690958253723404 0.7727093268029486 0.43794608125000006 0.7741316492187501
0 0.35484033750000016 0.7990558242187501 0.34847657980660596 0.7972707849383587 0.33091843215035593 0.8598664927508587 0.3372821898437502 0.86165153203125
0 0.44002326242729345 0.5659914339555341 0.4317521898270121 0.5629250145795331 0.36043764943200174 0.7552821806212086 0.36870872203228316 0.7583485999972095
0 0.46565040608922265 0.5113064317345072 0.46052944140624996 0.50854061328125 0.4465395610372421 0.53444313888062 0.45166052572021476 0.5372089573338771
0 0.5355365343287508 0.4026365665860573 0.5251085893119865 0.39475919064849024 0.4818585674832355 0.45201288187493294 0.49228651249999994 0.4598902578125001
0 0.57238583203125 0.2993042187500001 0.5671169663265511 0.29688724535467853 0.5329551718704343 0.3713580308292789 0.5382240375751333 0.3737750042246005
0 0.6703840464479904 0.26169384438320664 0.663320753537233 0.2595420433041652 0.6509984491421265 0.2999900410888513 0.6580617420528838 0.30214184216789264
0 0.6533540609374999 0.32099807812500014 0.6451386176353759 0.31862464019210174 0.6260257677627104 0.38478206200390497 0.6342412110648344 0.3871554999368033
0 0.6233260545333511 0.4216978408687561 0.6116704670717275 0.41716560192725527 0.4836798813120864 0.7463197983059536 0.49533546877371004 0.7508520372474544
0 0.4894026062501311 0.7671546044689892 0.4835415695312501 0.7643572484375001 0.477727939062369 0.776538000999761 0.48358897578125004 0.7793353570312502
0 0.46584714375000014 0.82451112109375 0.4596959040750459 0.822585055582322 0.43435570329379586 0.9035135844885719 0.4405069429687501 0.9054396499999999
0 0.450495510168064 0.8715684709693475 0.44443620836075937 0.8666217283185113 0.39602872163019537 0.9259164182866637 0.4020880234375001 0.9308631609375
0 0.5103540916064528 0.7930053499522319 0.5047605054932875 0.7884866023047264 0.47110449531250004 0.83014809921875 0.47669808142566533 0.8346668468662555
0 0.554654315625 0.73900785703125 0.5505103516984903 0.7352390097470692 0.5332396390625 0.7542286914062499 0.5373836029890097 0.7579975386904307
0 0.5907811447443105 0.6888322427553162 0.585928705864464 0.685290090874715 0.5631544689326538 0.7164888074943991 0.5680069078125001 0.7200309593750002
0 0.6343841982822956 0.6318346931195322 0.6283288448885875 0.6269819748218998 0.5865077114500419 0.6791675184211176 0.5925630648437499 0.68402023671875
0 0.7467216643551209 0.4826534412205022 0.7352350438823003 0.47483087247682104 0.6415287710937501 0.612428690625 0.6530153915665706 0.6202512593686812
0 0.75691097890625 0.4631178867187501 0.7528362107159475 0.4607606251289774 0.74577907109375 0.4729596140625 0.7498538392840524 0.4753168756522726
0 0.8107881523437502 0.3892779125 0.8061197320497182 0.3857347027436685 0.7949012539247182 0.40051581211866855 0.79956967421875 0.40405902187500004
0 0.7452216664062499 0.29841626015625 0.7406750921900445 0.29678231150091305 0.7294741601587946 0.32794967321966306 0.734020734375 0.329583621875
0 0.7162590212889038 0.38688155875314534 0.7107852671514119 0.38445293246443385 0.7038519574369706 0.40007955765264736 0.7093257115744626 0.40250818394135884
0 0.68677166171875 0.46903588515625005 0.6821800897802276 0.46677898217780517 0.6638525397429357 0.5040655936346614 0.6684441116814581 0.5063224966131064
0 0.6041020648437498 0.6810792703125002 0.5981219138751721 0.6780977726495447 0.5579037896732112 0.7587654375580369 0.563883940641789 0.7617469352209923
0 0.5187269171875002 0.8624274515625 0.5128636904106536 0.8592046158279365 0.4830643708481869 0.9134177941530552 0.4889275976250335 0.916640629887619
0 0.6968767850569624 0.6490392172295076 0.6911727375288113 0.643939859977919 0.614627322003099 0.7295621583734117 0.62033136953125 0.7346615156250003
0 0.7047673580355077 0.6345877304280405 0.7009418704812213 0.6318097072918955 0.6936740022894636 0.6418179534263551 0.6974994898437501 0.6445959765625002
0 0.7780378937500001 0.5562222609375002 0.7740264191173767 0.5522485799501339 0.7427447500000001 0.58382776875 0.7467562246326235 0.5878014497373663
0 0.8414916223054929 0.46876141814553723 0.8372987632676894 0.46525018176150124 0.7975876466729893 0.5126702628680797 0.8017805057107928 0.5161814992521158