1 0.3238628478297795 0.2698857085814674 0.31850611947025737 0.21096167285623396 0.2507244287620095 0.21712364225300665 0.2560811571215317 0.2760476779782401
1 0.38763012281146236 0.20051620185820437 0.3303030799292551 0.17491383229316754 0.3114379752960375 0.21715526074917596 0.3687650181782448 0.24275763031421285
1 0.49435312108856655 0.18145197588770057 0.44398933616089425 0.1486060256047022 0.4202427438035826 0.18501746323839444 0.47060652873125497 0.21786341352139277
1 0.6003721101407374 0.11155109962620144 0.51941403476596 0.07257128481766364 0.49356512117515683 0.12625748894970576 0.5745231965499342 0.16523730375824358
1 0.5299465322564892 0.035108907853284466 0.48970801731544056 -0.029837468128528742 0.43277103939872463 0.005438702434729414 0.4730095543397733 0.07038507841654262
1 0.6423010279064371 0.26617146495189814 0.5823840279971615 0.21493808760357663 0.5410540223329614 0.26327317839402137 0.6009710222422369 0.3145065557423429
1 0.7266177889098624 0.23593382288434742 0.6669901609742446 0.18056530920486374 0.619008295808354 0.23223808518600478 0.6786359237439719 0.28760659886548845
1 0.798219473105433 0.298220749007011 0.7700589550407634 0.22218734648353533 0.7049202332004483 0.2463127978274669 0.7330807512651178 0.3223462003509426
1 0.8705786604186597 0.3516908039513059 0.7974521646141586 0.3110649749518847 0.7675558064601227 0.3648784222824516 0.8406823022646238 0.4055042512818729
1 0.9944765188868427 0.35505605863806683 0.9417410118225955 0.288122530960399 0.8875529658317577 0.3308161432843917 0.9402884728960048 0.3977496709620595
0 0.3121999419113915 0.40855236407457446 0.30418688128884747 0.40486741449368535 0.17877850998619915 0.6775726061832158 0.18679157060874316 0.6812575557641048
0 0.3941421788992362 0.21255915242497814 0.38286073717139374 0.20830125853814563 0.3126053405861026 0.39444543772834784 0.3238867823139451 0.39870333161518035
0 0.44979154921875014 0.08553978906250007 0.4397404895465854 0.0819063776821066 0.41204594264770666 0.15851745039913254 0.42209700231987135 0.16215086177952603
0 0.28859154921875 0.26585246484375 0.2835730874220985 0.2650626746886312 0.2800398879788534 0.2875132285616514 0.2850583497755049 0.2883030187167702
0 0.2718729513592931 0.5368877953318235 0.26726931596919357 0.536872365307688 0.26721126816057494 0.5541912588963451 0.27181490355067456 0.5542066889204806
0 0.27353063359375007 0.56049647890625 0.26893486543688583 0.5601715762266677 0.2679735982493858 0.5737687590391677 0.27256936640625 0.57409366171875
0 0.2731065282420648 0.5910957832014838 0.26521305100234194 0.5910810860646001 0.26507060713527725 0.6675842466131164 0.27296408437500014 0.6675989437500001
0 0.27632681567556344 0.7636429573451718 0.27377519475330786 0.717866724942299 0.267182951202409 0.7182341843352222 0.26973457212466456 0.7640104167380952
0 0.27876197187499996 0.8567021124999998 0.27816927980008843 0.8224472531652832 0.27224903608440865 0.8225496877278526 0.2728417281593202 0.8568045470625693
0 0.2795739437500001 0.87149683125 0.2738340736834993 0.8712590249907688 0.27177421430849935 0.9209773343657688 0.27751408437500014 0.921215140625
0 0.3568024889615613 0.23376872338368232 0.34940281718750005 0.23204647890625005 0.33622145478843884 0.28868057271006775 0.3436211265625001 0.29040281718750005
0 0.29420140360597424 0.5954220050640119 0.28462969566617463 0.5932117033854312 0.26804291586220697 0.6650407272168215 0.2776146238020066 0.6672510288954022
0 0.2686024884099868 0.7052394164885307 0.2633748535379669 0.7035211036323172 0.25505774609375 0.7288242960937499 0.2602853809657698 0.7305426089499634
0 0.2544647069703016 0.7465123722371898 0.24814377731897608 0.7447532437048173 0.24205241447736875 0.766640829116538 0.2483733441286943 0.7683999576489104
0 0.24382570571703877 0.7821990631155955 0.23888161783651726 0.780488018928388 0.21992458235138118 0.8352646577162158 0.22486867023190266 0.8369757019034232
0 0.3122498004919823 0.5988334286564548 0.3040681787316729 0.5954932763939536 0.27670101241848116 0.66252848492015 0.28488263417879056 0.6658686371826512
0 0.3202374784637199 0.557401108257673 0.31518989620543836 0.556087659327752 0.3104781216479685 0.574195001851329 0.3155257039062501 0.57550845078125
0 0.3660512699570713 0.40254264216851654 0.36273967778327815 0.4014389607717287 0.3584292531387069 0.4143723748532122 0.36174084531250006 0.41547605625000006
0 0.3789381200245045 0.37672549928509486 0.37464929609375003 0.37449577500000003 0.36625659872549543 0.3906389374336553 0.37054542265624996 0.39286866171875
0 0.40171021093750003 0.3113225351562501 0.3977941762151609 0.30992703041713227 0.3913046340323326 0.32813784103473387 0.3952206687546717 0.3295333457738517
0 0.4095546073239671 0.290337403743666 0.40615712637372897 0.28910220916904217 0.39910111045601193 0.3085102280816262 0.40249859140625005 0.30974542265625005
0 0.2166592950661041 0.6047704776040022 0.21058668303626726 0.5984612761125306 0.04640724791473949 0.756484127992994 0.05247985994457634 0.7627933294844655
0 0.30124507667176254 0.5349163008606059 0.2971664728994717 0.5300344805386467 0.22030406101709712 0.5942505520807914 0.22438266478938793 0.5991323724027506
0 0.33789788750000005 0.5017623242187501 0.3342012732780982 0.49745614272521055 0.31695141478883193 0.512264174461189 0.3206480290107338 0.5165703559547286
0 0.4400768480828131 0.40697942759437317 0.4341354323025056 0.40106703491380624 0.39382359140625006 0.4415767609375 0.39976500718655755 0.4474891536180669
0 0.5183462622935298 0.32840387182016373 0.5135754137280518 0.32303786000756923 0.45157388136863624 0.3781625842990963 0.45634472993411423 0.3835285961116909
0 0.46047992968750007 0.3154320421875001 0.4547762877260495 0.3136683623313027 0.4447431892885495 0.34611484123755265 0.4504468312500001 0.34787852109375006
0 0.4765660897800448 0.2722252337106125 0.4705159716262234 0.26994759392295 0.455760040930089 0.309143925434541 0.4618101590839103 0.3114215652222036
0 0.5118124445897426 0.20277556259287724 0.5058366489008121 0.1998468690819571 0.4728472574258903 0.26715943102168094 0.47882305311482076 0.2700881245326011
0 0.53486725390625 0.14693767578125003 0.529790759412296 0.14477134506241432 0.52165774609375 0.1638299296875001 0.526734240587704 0.1659962604063358
0 0.4037191115062259 0.4836453424632555 0.39787677155144135 0.4812206858056274 0.3828742981331561 0.517369948257483 0.38871663808794066 0.5197946049151112
0 0.3774339822201255 0.5596410070067585 0.3694843884449358 0.5561085985239315 0.3148341591216209 0.6790975237723575 0.3227837528968105 0.6826299322551845
0 0.3093475351562501 0.7051017609375 0.3040810844570648 0.7028660994148745 0.28147806797209995 0.756111043144616 0.28674451867128525 0.7583467046672414
0 0.2432675824238701 0.8125452803023032 0.23734328307963332 0.8116230882582641 0.2268153129887061 0.8792563396064764 0.23273961233294288 0.8801785316505155
0 0.5711419015625 0.27902429609375 0.5633065788678612 0.2758910462330434 0.5598076243808825 0.28464088704310536 0.5676429470755214 0.287774136903812
0 0.6632486945314453 0.2620442476867492 0.6577098459253403 0.26048682358425956 0.6482381350717361 0.29417217131648643 0.653776983677841 0.29572959541897603
0 0.6477894367187501 0.3186281687500001 0.6369970820041975 0.316406634928789 0.6231398999911533 0.38372571969850106 0.6339322547057058 0.3859472535197121
0 0.6219242905423433 0.4192916917214589 0.6077678126530376 0.4138852547370583 0.500663831798868 0.6943315340876621 0.5148203096881737 0.6997379710720628
0 0.5081839097801742 0.7229827775629999 0.5024545385433945 0.7210283527818995 0.49365272685290895 0.7468307511236905 0.4993820980896887 0.7487851759047908
0 0.48850806977828765 0.777921741310804 0.48110763839447107 0.7755501830459464 0.4400875755256187 0.9035530093391522 0.44748800690943524 0.9059245676040097
0 0.4575947134777266 0.8697886300612062 0.45145979069734865 0.8650814221556068 0.40416226003212213 0.9267244819381506 0.41029718281250016 0.93143168984375
0 0.47154344916400054 0.8501632288045649 0.4667225351562501 0.8467102109375 0.45655408599224945 0.8609068415079353 0.46137499999999987 0.8643598593749999
0 0.5111669015625001 0.7981028171875002 0.5062670020199395 0.7941186972761309 0.47837676093750003 0.8284197179687499 0.4832766604800606 0.8324038378801191
0 0.5579848593750001 0.7378647890625001 0.5530978974403349 0.7340243281275047 0.5282982490028348 0.7655817218775047 0.5331852109375 0.7694221828125001
0 0.5926213067316952 0.6888365184701901 0.5879695364898584 0.685661028402154 0.567606328195663 0.7154910591507139 0.5722580984374999 0.71866654921875
0 0.636753376329141 0.6294712033009839 0.628865046665916 0.6233263836318741 0.5875387828367751 0.6763784193933905 0.5954271125 0.6825232390625
0 0.7450480330980817 0.4794942629129185 0.7343202185251501 0.4724454435224869 0.6435362679687501 0.6106123242187502 0.6542640825416818 0.6176611436091818
0 0.8076278171875 0.3836161968750001 0.801960247925301 0.3802049274813295 0.790763769019051 0.39880704076257945 0.79643133828125 0.4022183101562501
0 0.74149436640625 0.2937626757812501 0.7362929889163633 0.2920293016053547 0.7257851226496095 0.32356050809653214 0.7309865001394963 0.32529388227242756
0 0.7570661968750001 0.45751831015625016 0.751474569374074 0.4547673443582843 0.7438158453125002 0.4703345070312501 0.7494074728134261 0.4730854728292161
0 0.6869838461847702 0.46684026014600033 0.68219049296875 0.46469119687499993 0.6649149548914577 0.5032232201609982 0.6697083081074778 0.5053722834319985
0 0.71327042265625 0.38336725390625015 0.7097530384721611 0.3817288310743914 0.7028524215806596 0.3965431514333725 0.7063698057647485 0.39818157426523115
0 0.84095633828125 0.4630996476562501 0.8365223842019078 0.4592305628437517 0.7948825951394078 0.5069495769062516 0.79931654921875 0.5108186617187501
0 0.8951438894229288 0.38979582609971386 0.8926745847839388 0.38730106474663184 0.8660691303627603 0.4136350353059772 0.8685384350017504 0.4161297966590592
0 0.9279805135420929 0.35941435550141476 0.9217411868779799 0.35687326610394715 0.9165166881185381 0.3697013682749669 0.9227560147826512 0.3722424576724345
0 0.7848171837368565 0.5455737760160388 0.7813122016832967 0.5419235178024877 0.743013861100742 0.5786976276242639 0.7465188431543017 0.5823478858378152
0 0.7238761598646848 0.6078573667708754 0.7202700703125 0.6039637320312502 0.7099798260728151 0.6134940410416247 0.713585915625 0.6173876757812501
0 0.707666656215214 0.6313304099698595 0.701279857024338 0.626152085414103 0.6195621200963642 0.7269404331648477 0.6259489192872401 0.7321187577206041
0 0.598508684048454 0.6964962452180726 0.593188519126822 0.6938292839383612 0.561266806953368 0.7575080387202886 0.566586971875 0.760175
0 0.5258609156250001 0.8618535210937501 0.520134237698578 0.8587340017875977 0.49005932312671174 0.913944222502715 0.49578600105313386 0.9170637418088674
0 0.5295022215944065 0.8536060681444138 0.5292080984374999 0.8493426054687498 0.5220916016417307 0.8498335506611717 0.5223857247986373 0.8540970133368356