1 0.3094094747335238 0.22412179021802406 0.2720467240359316 0.17877483001186786 0.19349950367098825 0.24349229286146828 0.2308622543685804 0.2888392530676244
1 0.15996167061546412 0.38822031089658304 0.10353359614117741 0.3707076585437702 0.07423560771284865 0.46510963944730743 0.13066368218713537 0.4826222918001203
1 0.5357206722659387 0.167726198934127 0.45928095416509673 0.15485770178578573 0.44917519359882085 0.2148865831676578 0.5256149116996627 0.22775508031599906
1 0.8685422498958324 0.317014276510032 0.8403195173461224 0.25573087423743457 0.764255035131235 0.2907607103508718 0.792477767680945 0.35204411262346924
0 0.8283357835937497 0.31201712500000006 0.823378144891237 0.30447732747820944 0.7341059110200651 0.3631764477689609 0.7390635497225779 0.37071624529075153
0 0.7230045367775233 0.38718642012948906 0.7195229642154228 0.3814340497566652 0.6964701178717962 0.3953865862079804 0.6999516904338968 0.4011389565808042
0 0.67334273125 0.4161750406250002 0.6678992236035782 0.40848260656387475 0.567033185203852 0.4798598906497965 0.5724766928502738 0.48755232471092197
0 0.5533693177786412 0.5043047532255128 0.5463157831441017 0.49249161437674804 0.24659300405511542 0.6714537877779041 0.25364653868965487 0.6832669266266689
0 0.6984406880402487 0.7611155565996743 0.681722547592484 0.724917576326006 0.6752093292091997 0.7279257248159348 0.6919274696569644 0.7641237050896031
0 0.6777389072786907 0.7113450780063513 0.5525914652628667 0.5216386974313026 0.542211766627104 0.5284860830027489 0.6673592086429279 0.7181924635777974
0 0.4797544103938943 0.44352128655901196 0.4326600338365617 0.40120980286330515 0.42787335807390187 0.4065375647646784 0.47496773463123443 0.4488490484603852
0 0.42520362427887826 0.3863990605842653 0.30287712129751215 0.27705575924455556 0.2960105537777773 0.28473764905292137 0.41833705675914334 0.39408095039263114
0 0.485899021875 0.39820032812500006 0.4756606517285715 0.39815774162481693 0.4752595837951089 0.49457989275251474 0.4854979539415374 0.4946224792526978
0 0.4871214648809249 0.37845356751820036 0.4779970609375 0.37700490312500007 0.47495628513372734 0.3961572111856138 0.4840806890771523 0.3976058755788141
0 0.494996440095331 0.21948987226622582 0.4841123945312501 0.21893912890625006 0.4788974097688417 0.3220000750655224 0.4897814553329226 0.32255081842549815
0 0.47989481665550365 0.5989489237144359 0.4697469432764277 0.5980741328755684 0.4654625548094864 0.6477745066535795 0.47561042818856236 0.648649297492447
0 0.4810670974109493 0.6826611369639959 0.4623176807478025 0.6783792459550196 0.4113940885461022 0.9013619529347869 0.430143505209249 0.9056438439437631
0 0.17527660234374998 0.4449319734375001 0.14207926126058862 0.42881565840266367 0.13906779335546554 0.4350188585133134 0.17226513443862693 0.45113517354814975
0 0.42067817083139725 0.5700362510069267 0.21054153962255412 0.4559158869316926 0.20511220929247892 0.4659132366118063 0.41524884050132205 0.5800336006870404
0 0.7191406701954802 0.7767331475370349 0.5451184227944037 0.6558724238595189 0.5385114182643109 0.665385570413098 0.7125336656653876 0.7862462940906141