1 0.7685045009933169 0.23611949932392057 0.7018371687726469 0.22370771881446228 0.6909882754230107 0.28198032334655637 0.7576556076436807 0.2943921038560146
1 0.7032450099698744 0.23652983444962777 0.6939845391836175 0.18858250047672492 0.6334991870635036 0.20026454387503625 0.6427596578497605 0.2482118778479391
1 0.6011457375136701 0.18976845548850702 0.5786501366851655 0.15264953098379763 0.527768990256881 0.18348560651724047 0.5502645910853856 0.22060453102194985
1 0.5326348548353242 0.1270535019058924 0.5101544619329409 0.07190651232707354 0.42675559051239054 0.10590364275011696 0.4492359834147738 0.16105063232893582
1 0.6016819723847611 0.01183609214585255 0.5494796182035792 -0.028355622513760937 0.5021528397518568 0.033113993100167785 0.5543551939330386 0.07330570775978126
1 0.4754851312011482 0.26134687932547723 0.43934488666062527 0.20987200347290322 0.37473437075012866 0.2552347130709281 0.4108746152906516 0.3067095889235021
1 0.4000494814744844 0.23169215199627682 0.3618120849722546 0.17222393475026526 0.2938264406640235 0.21593794129462224 0.3320638371662533 0.27540615854063377
1 0.31358143924162984 0.23424417303970987 0.2518943892981365 0.20296133329677066 0.21513746021273566 0.2754428132037329 0.276824510156229 0.3067256529466721
1 0.24196826103945773 0.34840021547190536 0.21927659777030922 0.2916305985042212 0.14163433916519713 0.3226653681896722 0.16432600243434564 0.3794349851573564
1 0.12524957496720363 0.3048224806609958 0.07528334073760135 0.2575949754256629 0.016407740550520834 0.3198847791046258 0.06637397478012311 0.3671122843399587
0 0.808516507727095 0.6993613748150327 0.7010193178867559 0.41908858423373196 0.6928687114126125 0.42221470749973883 0.8003659012529518 0.7024874980810396
0 0.6943317141107729 0.4076875008773156 0.6341740362661686 0.2179624002492448 0.6238269755170466 0.2212432267984133 0.6839846533616508 0.41096832742648404
0 0.60692351015625 0.16680329453125003 0.5918886877316647 0.0876045253489585 0.578997428125 0.09005175781250001 0.5940322505495853 0.16925052699479154
0 0.7333092101562502 0.30345556250000005 0.7326518829013199 0.28101106061944037 0.7272267765625 0.28116994453125 0.7278841038174303 0.3036144464118096
0 0.7296190434133231 0.5530469036292274 0.725085621312822 0.5527146233531149 0.723821628680749 0.5699597400363875 0.7283550507812501 0.5702920203125
0 0.7263243788087668 0.5761503588448518 0.72169767734375 0.5761468171875 0.7216872429809783 0.5897779160566039 0.7263139444459951 0.5897814577139557
0 0.7276918891862018 0.6072145909102076 0.7196643956621382 0.6067021156249115 0.71479175625 0.68302790625 0.7228192497740635 0.6835403815352961
0 0.7156005938110696 0.7336963114414743 0.7087269060604252 0.7331129804329335 0.7048472996685747 0.7788283676531138 0.7117209874192191 0.7794116986616547
0 0.7047461042575993 0.8376896394763895 0.6988331231994771 0.8370985462454141 0.6954215131108874 0.8712264718828718 0.7013344941690096 0.8718175651138471
0 0.6997230601807092 0.8862071446721593 0.6939748007812502 0.8859680281250004 0.6919068082817826 0.935681682258539 0.6976550676812417 0.935920798805698
0 0.677024008953284 0.30092268309086506 0.668921828125 0.24320432890625004 0.661481821606513 0.2442487155494239 0.669584002434797 0.301967069734039
0 0.7152384765323043 0.681689455281276 0.7088173951474119 0.6082494773652715 0.6986863348218296 0.6091352668863443 0.7051074162067221 0.6825752448023489
0 0.7283836109374999 0.74535319921875 0.7213245088109967 0.7196420837608638 0.7161283768154931 0.7210687051176514 0.7231874789419961 0.7467798205755376
0 0.73670428671875 0.7843966859375 0.7347024965643917 0.7619137272247734 0.7282719893812879 0.7624862731308146 0.7302737795356462 0.7849692318435413
0 0.75581878828125 0.8540355984374999 0.7410099233631786 0.7980017910744698 0.7358967902791178 0.799353112726761 0.7507056551971892 0.855386920089791
0 0.7069839257812499 0.6791675171875 0.6890873544926537 0.6092119370398069 0.681646231989205 0.6111155818822768 0.6995428032778012 0.6810711620299699
0 0.6837103472033417 0.5873226115001142 0.680464747959757 0.5688503163586431 0.6753514067903017 0.5697487351043742 0.6785970060338864 0.5882210302458452
0 0.6472243690279721 0.42431229546029775 0.6433437873782899 0.4112794938936862 0.6399378730378179 0.4122936218708883 0.6438184546875001 0.42532642343749993
0 0.6404401337281225 0.40067622843033474 0.6338000882812499 0.3835455203125 0.6294221552227124 0.3852424539285594 0.6360622006695851 0.4023731620463941
0 0.6203943046874999 0.33614562031249995 0.615217471432937 0.31752486899242416 0.6112118343749999 0.31863849296875 0.6163886676295629 0.3372592442888258
0 0.6135437541870731 0.316246305677708 0.6084367424077186 0.29613460993637586 0.6049328602583965 0.2970243592464394 0.610039872037751 0.3171360549877716
0 0.9350162656037956 0.7871011271755453 0.7814672761453291 0.618727123181298 0.7745738434106932 0.6250136021221884 0.9281228328691598 0.7933876061164357
0 0.7721464225945045 0.613874297230381 0.7002997019416142 0.5440707867148711 0.6958502444878985 0.5486504837010707 0.7676969651407888 0.6184539942165806
0 0.6809806171874998 0.5257792679687501 0.6658174044635132 0.5091952644457113 0.6615843062499998 0.5130657031250001 0.6767475189739864 0.529649706648039
0 0.6099931671874999 0.44912556874999987 0.5723936820312499 0.40608559375000003 0.5662582531073025 0.41144547067263276 0.6038577382635525 0.4544854456726325
0 0.5570549842403735 0.3815200506911237 0.4979490547500206 0.32325823078913524 0.4926598721811685 0.3286240441554544 0.5517658016715214 0.3868858640574429
0 0.5659686392649519 0.3501122877632284 0.5571526617382903 0.3173329287339155 0.5512279404420882 0.31892637690818704 0.5600439179687499 0.35170573593749993
0 0.5553942109375 0.3133075703124999 0.5463321565906537 0.27280541046848145 0.539642565625 0.27430215625 0.5487046199718463 0.3148043160940185
0 0.5415578713717816 0.27035068722771066 0.5151968218890657 0.20014538325540351 0.5094656021600215 0.20229737118687446 0.5358266516427374 0.2725026751591816
0 0.5018450499999999 0.16313805546875004 0.49426501547810364 0.1436469813761933 0.48932684204515614 0.14556742582779733 0.49690687656705246 0.16505849992035407
0 0.6147194152961031 0.5258204380635405 0.6033184557508363 0.48845771160102797 0.5975603680289128 0.49021474946713806 0.6089613275741794 0.5275774759296505
0 0.6727083729089628 0.6912786250551313 0.6242997591659748 0.5656674564130768 0.6169065684732902 0.5685166784722258 0.6653151822162782 0.6941278471142802
0 0.6993049078124998 0.7710126281249999 0.6814362553881118 0.7160938579160837 0.6758808695312499 0.71790138671875 0.6937495219556379 0.7728201569276661
0 0.7462439404488649 0.897372078794079 0.7400774585937498 0.8292031039062498 0.7340758709819536 0.8297460001603145 0.7402423528370686 0.8979149750481437
0 0.45525631640625 0.2806681484375 0.4518562447011383 0.27176878588886333 0.4440003290529216 0.27477020046965683 0.4474004007580333 0.2836695630182935
0 0.36546300390625 0.28454385390625003 0.3600102043015534 0.25006544949801485 0.3542755408478374 0.2509723931675433 0.359728340452534 0.2854507975757785
0 0.38465998593750006 0.3755010140625 0.3763479688903549 0.3074027380599803 0.36522243046875 0.30876071171874997 0.3735344475158952 0.3768589877212697
0 0.47729438559659443 0.6965122596333477 0.3997657949348814 0.4065290954790866 0.3879736763047618 0.4096817831220926 0.4655022669664749 0.6996649472763536
0 0.4890561359374999 0.74668751328125 0.4821402510984473 0.7203196979781266 0.47629324729676037 0.7218532799029507 0.48320913213581296 0.7482210952060742
0 0.5300654902142952 0.9071342663482362 0.5005612288614429 0.7760392305261835 0.49216133565068076 0.7779297112989474 0.521665597003533 0.909024747121
0 0.5658090615653896 0.9323216528706915 0.5224869249999999 0.8678880046875002 0.5160670157783602 0.8722044479105586 0.5593891523437499 0.9366380960937499
0 0.5131144523437501 0.8661666406249999 0.50901112109375 0.8481869609375001 0.5054509250772932 0.8489994706053231 0.5095542563272932 0.8669791502928227
0 0.4986611648437499 0.82912806484375 0.47299423308995714 0.793087724577496 0.4678571142509023 0.7967462382785058 0.4935240460046951 0.8327865785447596
0 0.4532691283440083 0.762695272795828 0.42968450064562863 0.7302455788326716 0.4245170574578704 0.7340013068180936 0.44810168515625 0.7664510007812501
0 0.41761397516060017 0.7100606668495316 0.39880219453125 0.6793597515625 0.3938527303081498 0.6823925026817184 0.41266451093749995 0.71309341796875
0 0.39826547036584603 0.6717654822692191 0.36393516035737783 0.6136265814676803 0.35451082245638854 0.6191915377586489 0.38884113246485674 0.6773304385601876
0 0.34909745312500007 0.6003302945312501 0.26464695036586294 0.4580580813157396 0.25420412751224947 0.46425677338835375 0.33865463027138665 0.6065289866038642
0 0.2170566662120544 0.37838965947698106 0.2063159265561329 0.35954727691628213 0.20037091971907847 0.362936114314301 0.21111165937499998 0.38177849687499993
0 0.28686556308540334 0.3083153347398853 0.27885719114423047 0.2760833183081766 0.27348028984374995 0.2774192640625 0.2814886617849228 0.3096512804942087
0 0.25884743828124995 0.45339903671875004 0.25228011126382266 0.4373361195426887 0.2465166078922965 0.43969252909096596 0.25308393490972386 0.45575544626702724
0 0.33418399296875007 0.49210699062499996 0.32071633125000004 0.45206824062499995 0.3157543696752508 0.45373727424743227 0.32922203139400075 0.4937760242474322
0 0.3047865595357695 0.382674614654587 0.2991046254937409 0.36739149021861334 0.29538498281250003 0.36877437265625007 0.30106691685452863 0.38405749709222375
0 0.20426477765387632 0.4873117008635967 0.16722795409672372 0.4359584243035973 0.16244825234375 0.4394056234375001 0.1994850759009026 0.4907588999974995
0 0.1403060703125 0.38878493671875003 0.11627470558110438 0.36009014633691594 0.11348009156876829 0.3624305847133689 0.1375114563001639 0.39112537509520295
0 0.09362024962072601 0.3408980052605902 0.089097586905341 0.3277786661386991 0.08278629385948641 0.32995437403672323 0.08730895657487142 0.34307371315861435
0 0.2518602156250001 0.5617608078125002 0.21707692697904965 0.5217378751705356 0.2128303640170668 0.5254284949105037 0.24761365266301721 0.5654514275524682
0 0.2813146116315634 0.6004398189766544 0.27301435312500005 0.58834521796875 0.2688856931975141 0.5911786264178114 0.27718595170407745 0.6032732274257159
0 0.3648764632805751 0.7180011369629572 0.289630240593166 0.612340849591586 0.28321874000318925 0.6169068148483166 0.3584649626905983 0.7225671022196878
0 0.42105457000333396 0.7525229839098626 0.3933846852765777 0.6869064012845544 0.38775645511699375 0.6892797720621918 0.41542633984375 0.7548963546875
0 0.47990696796874993 0.9141480703125 0.4551201568802002 0.8565187621118995 0.4489604546875 0.85916809765625 0.4737472657760497 0.9167974058568505
0 0.45306546953125004 0.8509763960937498 0.45306123354880856 0.8464480272439223 0.44649414296874995 0.8464541703124997 0.4464983789511914 0.8509825391623271