1 0.7394505815831118 0.20949870037433227 0.6718510745037609 0.20412354947991887 0.6671527608720061 0.2632109484850182 0.7347522679513571 0.2685860993794316
1 0.6757808844080978 0.21533490176532172 0.6598577515148472 0.1697393381705133 0.6012744741658969 0.190198111722239 0.6171976070591475 0.2357936753170474
1 0.568163623974191 0.18089532783162823 0.5419112730891622 0.14633117565149595 0.49453210561460337 0.1823168559222133 0.520784456499632 0.21688100810234556
1 0.4935357483300765 0.12520855207135198 0.46507421479208527 0.07293056288247099 0.3858274214493841 0.11607463367586852 0.4142889549873754 0.1683526228647495
1 0.5494885056031507 0.0048724953237221594 0.49337094432324485 -0.029642412956035268 0.45333816959524853 0.03544661091718093 0.5094557308751544 0.06996151919693835
1 0.4506733821137246 0.26521674805909645 0.40935052805185546 0.21780154118124834 0.3498356495766185 0.26966938695650466 0.39115850363848764 0.3170845938343527
1 0.37255121446251444 0.24360964552075534 0.3283071658795804 0.18846409636216252 0.2652633106330063 0.2390450668474343 0.30950735921594025 0.29419061600602714
1 0.2868236112564019 0.25518605587040977 0.2222045412868166 0.23052264045683107 0.19322534941842312 0.306449206003579 0.2578444193880084 0.3311126214171577
1 0.22753529321516783 0.3762023561690932 0.1990338966883067 0.3221156539737674 0.1250609868736674 0.36109623791210504 0.1535623834005285 0.4151829401074309
1 0.10700270862839792 0.34572168047235435 0.05348655048404773 0.3029982951947455 -0.00029297467694164856 0.37036359302267663 0.05322318346740853 0.4130869783002854
0 0.8276653596596606 0.6660204961949804 0.6914605671512959 0.3985195846000721 0.6836813797709408 0.40248055279531136 0.8198861722793056 0.6699814643902198
0 0.6836178608139143 0.3878800028951317 0.6039580600232001 0.20548242582093906 0.5940106216332988 0.20982684186652684 0.673670422424013 0.39222441894071947
0 0.5715092328125 0.15745203125 0.5482782459727638 0.08025868751667205 0.5357134124999999 0.08404001718750001 0.558944399339736 0.16123336092082796
0 0.7114866296875 0.2801448000000001 0.708486814645069 0.25789196088303057 0.70310803515625 0.25861705234375004 0.7061078501986809 0.2808698914607196
0 0.73445161484375 0.54603735078125 0.7339060772778361 0.5287545810660599 0.7293627568284542 0.5288979928004037 0.7299082943943681 0.5461807625155939
0 0.7344691119171749 0.565411318927481 0.7324167527779343 0.5519500594916731 0.7278255611732594 0.5526500515016921 0.7298779203125 0.5661113109375
0 0.7407838158369396 0.6592439743266894 0.7376515462040872 0.5828269750848618 0.7296144608358975 0.5831564085706724 0.7327467304687499 0.6595734078125
0 0.7397676331743742 0.7557501830143573 0.7388474269142861 0.7098797000126609 0.7319504196528228 0.7100180606498846 0.732870625912911 0.755888543651581
0 0.7390970809041273 0.8487355241605676 0.7389226626110107 0.8144379442823709 0.7329802877843401 0.8144681638744823 0.7331547060774568 0.848765743752679
0 0.7421384237609518 0.9128721986419395 0.7389985954537168 0.8632147170847766 0.7332568312500001 0.8635777671874998 0.7363966595572351 0.9132352487446627
0 0.6552450072304848 0.28350920147968717 0.641154 0.22695394296875 0.6338639185314074 0.22877030087055142 0.6479549257618923 0.2853255593814886
0 0.7330510973017905 0.6581955940389331 0.7189886224457086 0.585829114108315 0.7090056516382595 0.5877690354103231 0.7230681264943414 0.6601355153409414
0 0.7527788945312499 0.7201365414062499 0.7430709193598894 0.6953041508126038 0.7380523752793305 0.6972661005148169 0.7477603504506909 0.7220984911084629
0 0.7651351445312499 0.7580963960937501 0.7607942110561928 0.7359458452699356 0.7544587781840226 0.7371874258000328 0.7587997116590797 0.7593379766238474
0 0.79142418359375 0.825355809375 0.7708393148305632 0.7711769086223311 0.7658954433770014 0.7730552956630394 0.7864803121401882 0.8272341964157082
0 0.7245781507812499 0.6565503070312501 0.6994672698344384 0.5888486514520592 0.6922658955518652 0.5915196770084667 0.7173767764986767 0.6592213325876577
0 0.6918316617784791 0.5676412887251305 0.6866729609998106 0.5496094442721723 0.6816815416953784 0.551037431227118 0.686840242474047 0.5690692756800763
0 0.6385063389902916 0.4093377836343729 0.6332847172406428 0.39678200787222817 0.6300034657503513 0.39814659533160535 0.6352250875000001 0.4107023710937501
0 0.6292886270048332 0.3865403424071453 0.620894309375 0.37019755234375 0.6167177372478541 0.37234280862515434 0.6251120548776873 0.3886855986885496
0 0.6026073257812501 0.3244586 0.5955124533508489 0.30648098128370227 0.59164516484375 0.3080072078125 0.5987400372741511 0.32598482652879773
0 0.5941490432537672 0.3051092648277982 0.58642683034237 0.2859550781314992 0.583073988076284 0.28730681194549873 0.5907962009876812 0.30646099864179777
0 0.9626434411803109 0.740056775052517 0.7923357327319278 0.5886553821537513 0.7861371781429536 0.5956279839741738 0.9564448865913364 0.7470293768729394
0 0.7825586809431787 0.5848034351465715 0.7038090912078917 0.5228923423785636 0.6998627167566653 0.527912046523351 0.7786123064919523 0.589823139291359
0 0.6826838531249999 0.50672042109375 0.6658702072415676 0.4918122533097821 0.6620648687499999 0.49610396875000007 0.6788785146334322 0.5110121365339679
0 0.6040727875 0.43790684765625015 0.5621803734374999 0.3990328664062501 0.556638814906275 0.40500470816458967 0.5985312289687751 0.44387868941458974
0 0.5443579038539184 0.37620522664828787 0.47948574412574374 0.3244408232297599 0.4747864166880357 0.33033011200778684 0.5396585764162103 0.3820945154263148
0 0.5499397231709687 0.3440377879504243 0.5377456655562441 0.3123595183847564 0.5320199619165253 0.31456353902808215 0.5442140195312499 0.34624180859375003
0 0.5373294046423993 0.307825791218478 0.5215417496625978 0.2690695005142195 0.5155342113942847 0.2715167146240997 0.5313218663740862 0.3102730053283582
0 0.5173253227027328 0.26726474956058927 0.4837702297690509 0.20019951748039816 0.4782953499131096 0.20293879231280593 0.5118504428467915 0.270004024392997
0 0.46662328124999997 0.16479056015625004 0.45704739884476203 0.1461985893535979 0.4523370181758109 0.1486246931727448 0.46191290058104884 0.16721666397539695
0 0.6167899406030193 0.5136875469325043 0.6015459692666658 0.47772122188557076 0.5960030858046745 0.48007051824835134 0.6112470571410279 0.5160368432952848
0 0.6917563195755289 0.6721778402193339 0.630482949807415 0.5523148601554092 0.6234280848180932 0.5559212726684662 0.684701454586207 0.675784252732391
0 0.7265416281249999 0.7486949570312502 0.7030302873688227 0.6959448207896086 0.6976942726562498 0.69832314375 0.7212056134124272 0.7510732799916416
0 0.7864316824802202 0.869455731823014 0.7731733835937501 0.8023047671875 0.7672614218225247 0.8034720260138437 0.7805197207089948 0.8706229906493578
0 0.43257500546875 0.28654666015625 0.42826332308135867 0.2780514534786618 0.4207641762598109 0.281857592693171 0.4250758586472022 0.29035279937075925
0 0.34367871171875 0.29978709140625 0.33465180805563494 0.26606753472216865 0.3290433609378811 0.26756894567801137 0.3380702646009962 0.3012885023620927
0 0.37227814296875006 0.3882393468750001 0.35689345141202133 0.32138296282500645 0.34597080703125 0.3238964328125 0.36135549858797866 0.3907528168624937
0 0.49795989320874945 0.6978091282465785 0.390544518297238 0.4175184663183972 0.3791465436347553 0.4218864952537179 0.4865619185462668 0.7021771571818992
0 0.51490195390625 0.746480078125 0.505267768116444 0.7209796153054591 0.49961309767346596 0.7231159743987547 0.509247283463272 0.7486164372182957
0 0.5724579071641014 0.9017612424230167 0.5294121109230496 0.7744683942689043 0.5212558424835636 0.7772265466272236 0.5643016387246153 0.9045193947813359
0 0.6106384706387622 0.9230744296348258 0.5608185070312499 0.8635221515625002 0.5548849582674878 0.8684860117714248 0.604704921875 0.9280382898437504
0 0.5513174460937499 0.8627899078125001 0.5453572046874999 0.8453376374999999 0.5419014427748439 0.8465178378334317 0.5478616841810939 0.8639701081459318
0 0.5330717500000001 0.8274650132812502 0.5037781830452757 0.7943050308670829 0.49905162470398673 0.7984804779920731 0.5283451916587111 0.8316404604062402
0 0.4809842582838873 0.7661409066057978 0.45413691299645836 0.7363342406015222 0.44939035783757103 0.7406095394644743 0.47623770312499997 0.7704162054687499
0 0.44002261335402615 0.7175216178053521 0.41810476562500015 0.6889552507812501 0.4134994241459742 0.6924887478196482 0.4354172718750002 0.7210551148437501
0 0.41556945636003084 0.682589067128047 0.3771866028087437 0.6269811351342968 0.36774200097694754 0.6335001829744645 0.40612485452823466 0.6891081149682148
0 0.36041148515625004 0.6155542859375002 0.261552115192646 0.48288893582318027 0.25181443905861134 0.49014524296510353 0.35067380902221534 0.6228105930794234
0 0.2058949166210684 0.40863148588390513 0.1932434514384498 0.39101503659785364 0.1876852426298814 0.3950067311826985 0.20033670781250001 0.41262318046875
0 0.26799663255820366 0.33164401870412974 0.25666296784324294 0.30042567568562994 0.25145516640625 0.30231634218750003 0.2627888311212107 0.3335346852059998
0 0.2552973703125 0.47886162890624995 0.2470869870852909 0.46357317807541154 0.24160136888476674 0.466519129117986 0.24981175211197587 0.4818075799488244
0 0.33426730624999995 0.509482721875 0.3166882328124999 0.47107106249999997 0.3119279146269739 0.47324961933224385 0.3295069880644739 0.5116612787072439
0 0.2934164640625 0.40380986796874996 0.2865874835637411 0.38911601819037334 0.28278907187499996 0.39088133359375 0.2896180523737589 0.4055751833721267
0 0.2045585573728256 0.518293957661259 0.1623567467844025 0.471093401614052 0.157963559375 0.47502133124999996 0.20016536996342307 0.522221887297207
0 0.13065137187500006 0.4269924382812501 0.10375223057152771 0.400966802291191 0.10121756821749765 0.40358653618909424 0.12811670952097 0.42961217217915326
0 0.07921575397534628 0.3842478331963846 0.07334652207834422 0.37167311072053605 0.06729722652806229 0.37449660988453737 0.07316645842506435 0.38707133236038593
0 0.25967531328125004 0.58736014609375 0.22089903637109404 0.5511923060624355 0.21706151025339437 0.5553065958641223 0.2558377871635503 0.5914744358954367
0 0.2930114125678441 0.6227484464517187 0.2834923945312501 0.6115877148437501 0.2796825236886207 0.614837163942785 0.2892015417252146 0.6259978955507536
0 0.38840400820882925 0.730931159374252 0.30252548468867735 0.6337150622199745 0.2966263799816323 0.6389261992349469 0.3825049035017842 0.7361422963892243
0 0.4478828799397455 0.7593916815919346 0.41350577466536464 0.6970268436615232 0.4081564626943691 0.6999755222258388 0.44253356796875 0.7623403601562501
0 0.5233073007812501 0.9139796171874999 0.492632371660095 0.8592569361385115 0.4867833437500001 0.8625356226562501 0.5174582728711552 0.9172583037052384
0 0.49000960546875005 0.85395970546875 0.48954174813391277 0.8494679276987649 0.48300157578125 0.85014914296875 0.48346943311608725 0.8546409207387351