1 0.848121885413639 0.2959474559334841 0.7739539561377183 0.22958667346089873 0.7310119188049669 0.27758071254829497 0.8051798480808875 0.34394149502088034
1 0.9381865414495616 0.5217302354372458 0.899251091951843 0.4475674727261897 0.8375994579915422 0.4799345797859063 0.8765349074892608 0.5540973424969625
1 0.6071926938024008 0.17138509792776477 0.5296873604954087 0.16610064214055795 0.5255219894799004 0.22719273599170023 0.6030273227868925 0.23247719177890702
1 0.2803559885016459 0.24372538658131765 0.2120693965083121 0.19539949049394878 0.17300304730923818 0.2506019402033818 0.241289639302572 0.29892783629075065
0 0.2947175614209904 0.322733124372661 0.22014978447359965 0.246390280446266 0.21356549296875 0.25282147890625 0.2881332699161408 0.32916432283264496
0 0.3264848593750001 0.36050000000000004 0.3073246993886668 0.3417777225725627 0.30286304706041867 0.3463437254396793 0.32202320704675197 0.3650660028671166
0 0.4377198060963468 0.46775325314642335 0.3528561360440142 0.3780024974991066 0.34583661953125 0.38463978906250007 0.4307002895835826 0.4743905447098168
0 0.71491549296875 0.7179077460937502 0.45623221569974814 0.48351094850327814 0.44726737722851884 0.4934046578873824 0.7059506544975207 0.7278014554778545
0 0.28476970813636854 0.6905152766054906 0.27901438977141 0.6861123080746978 0.25469144927595333 0.717905918486464 0.2604467676409118 0.7223088870172569
0 0.45314327620188016 0.5200470757953329 0.44543255568429335 0.5122506010747526 0.28381754774443985 0.6720879894244225 0.29152826826202666 0.6798844641450028
0 0.5875531800907368 0.4201902969562381 0.5833673303474566 0.4138604266682222 0.5305302447896681 0.44880081106069136 0.5347160945329483 0.45513068134870716
0 0.7390200703125 0.32376373203125 0.7342983528739612 0.31631797712874016 0.5957647227460493 0.4041689292166971 0.6004864401845882 0.41161468411920693
0 0.5428500772686353 0.40452916024054864 0.5328269396288593 0.4026802402994879 0.5153351081433228 0.49750480823114146 0.525358245783099 0.49935372817220214
0 0.54506725390625 0.38346302812500005 0.5359194172429905 0.3828462551455018 0.5346014567551879 0.4023939455791153 0.5437492934184475 0.4030107185586135
0 0.56922464765625 0.2271345070312501 0.5586447257630669 0.22509539217697805 0.5390397174560755 0.3268157323376252 0.5496196393492585 0.32885484719189717
0 0.511026850497574 0.6021225648799999 0.5012375725129633 0.6009120715783901 0.49512375014038945 0.6503546473233903 0.504913028125 0.651565140625
0 0.5063355758708307 0.9111039414373341 0.5030018333445709 0.6823616534529553 0.4850768763945085 0.6826228958834317 0.48841061892076826 0.9113651838678105
0 0.8666045204457007 0.5055323617796394 0.8651447526815168 0.4986189858309264 0.8289193762446556 0.5062680182515917 0.8303791440088395 0.5131813942003048
0 0.7953767609375 0.52091338046875 0.7915568419092548 0.5093969169387786 0.5646860831628302 0.5846481367279547 0.5685060021910754 0.5961646002579262
0 0.4305520774279116 0.6547170055202344 0.42569483487503906 0.6437885967090267 0.23205993787793258 0.7298515979806174 0.23691718043080506 0.7407800067918251