1 0.2407502875384905 0.28734271282560186 0.19233559005227002 0.2540509870749092 0.13466970705832945 0.3379119530498958 0.18308440454454997 0.37120367880058847
1 0.14232352093127895 0.4862777329182921 0.08325423254008535 0.4849971765024734 0.0811119113292738 0.5838178046800231 0.14018119972046741 0.5850983610958418
1 0.44939441418860787 0.2313492634807161 0.44295673577832 0.1708808535443999 0.3659144011377228 0.1790830499460631 0.3723520795480106 0.2395514598823793
1 0.8038278475721985 0.22251882359058314 0.7598064221414564 0.17138867435799257 0.6963440790258106 0.22602772484104589 0.7403655044565526 0.27715787407363646
0 0.7638015093749999 0.22879765546875003 0.7569576717677984 0.2229164477673687 0.6873233642210493 0.3039484257109358 0.6941672018282508 0.3098296334123171
0 0.6832700817785311 0.3300882461834852 0.6783378109488442 0.3255183642545713 0.6600238340172054 0.34528462859150394 0.6649561048468924 0.34985451052041777
0 0.6435224375 0.37164254531250007 0.6361694794880841 0.3657485368387906 0.5588850666324894 0.4621632341093422 0.5662380246444053 0.46805724258305165
0 0.5524884317209035 0.48942741713255467 0.5424519963444976 0.48001611653594856 0.3036686296891053 0.7346603927225702 0.3137050650655112 0.7440716933191764
0 0.7627266353318306 0.6963027149966714 0.7366786088496342 0.666115128447646 0.7312468603527759 0.6708020327306704 0.7572948868349723 0.7009896192796958
0 0.7291082016409626 0.6541664453973177 0.5565185942133123 0.5063042789390578 0.5484283831598642 0.5157474406562615 0.7210179905875145 0.6636096071145214
0 0.4649710470304128 0.4512896171781291 0.4080384010837602 0.4235981777033867 0.40490568319370424 0.43003893780356073 0.4618383291403568 0.4577303772783031
0 0.39678844662996654 0.4114164431660967 0.2490615656734118 0.34002667016693555 0.2445784128460753 0.3493036598001953 0.39230529380263 0.42069343279935645
0 0.484577492644328 0.49882810031495 0.45838547734374996 0.40603063046875 0.44853198550385853 0.4088117710479306 0.47472400080443666 0.5016092408941306
0 0.4564737308932426 0.4059604064925003 0.45411762033461667 0.38671187509776517 0.44494737421875 0.38783435625000007 0.4473034847773759 0.40708288764473516
0 0.4412656808359806 0.33224151163244564 0.4178711998739004 0.23173552694761462 0.40725697812499995 0.23420616796875002 0.43065145908708014 0.334712152653581
0 0.5175285385826003 0.6496135524763893 0.5079476768327482 0.6006575500128227 0.4979517899230128 0.6026137802140243 0.507532651672865 0.6515697826775908
0 0.5446602239232771 0.9091849488908312 0.532148759173041 0.6808037691102002 0.5129454140958511 0.6818557908890993 0.5254568788460872 0.9102369706697303
0 0.17267703046875002 0.5365711140625 0.1363234397950397 0.530229545021826 0.13513846465563634 0.5370225170607796 0.17149205532934667 0.5433640861014537
0 0.44305557079076047 0.5891872249674658 0.20960344054162983 0.537409195363639 0.20714007628134395 0.5485157909321345 0.4405922065304747 0.6002938205359614
0 0.7869295251886006 0.7056096199664974 0.5863348742553851 0.6373978672526374 0.5826059923427824 0.6483636280763981 0.7832006432759979 0.7165753807902583