1 0.35421313311384817 0.2224711459432148 0.3245610846391583 0.147293431034944 0.27392750509974445 0.1672646333624117 0.30357955357443434 0.2424423482706825
1 0.3087136167473831 0.22350417183941165 0.27909874349350805 0.18517326782528812 0.2586968104533848 0.20093602314393838 0.28831168370725985 0.23926692715806192
1 0.42855677859656316 0.2408183777732628 0.4137336917972359 0.17957142587283967 0.34127353275194994 0.19710835128208465 0.3560966195512772 0.25835530318250777
1 0.8346610008001438 0.279222133782492 0.7612952661506054 0.20929998922783316 0.7193804823775338 0.25327903082865405 0.7927462170270723 0.32320117538331294
1 0.9388610851212693 0.4928078250308813 0.8957106834950916 0.42059988594926023 0.8359482825375586 0.4563130171680763 0.8790986841637363 0.5285209562496973
0 0.3020163400134998 0.19124407404244362 0.29468185997605173 0.19071410526580282 0.2934014798220366 0.20843387121030438 0.30073595985948465 0.20896383998694518
0 0.3049973149896032 0.2943479394128066 0.29974655312500004 0.2943024125 0.29966522785368976 0.30368191150180135 0.3049159897182929 0.303727438414608
0 0.3058123390625 0.3487164117187499 0.30496330625 0.33383375 0.2975364180235936 0.33425744247639655 0.2983854508360936 0.34914010419514646
0 0.32040445000000006 0.45982551171874986 0.3127975602178008 0.38308381625038196 0.30564560767586463 0.38379274135793906 0.3132524974580639 0.460534436826307
0 0.3357720748744947 0.5807413622089954 0.324673846875 0.51293558828125 0.31725027992378496 0.5141506535156929 0.3283485079232797 0.5819564274434383
0 0.3638659578797143 0.7335059055529307 0.33868859197688844 0.5893557273295247 0.3287009199957398 0.5911001807536269 0.35387828589856574 0.7352503589770331
0 0.39900638984375 0.866662071875 0.3658656788929308 0.7397970339743828 0.35474613709073644 0.7427017705895309 0.3878868480415556 0.8695668084901481
0 0.3994432250086785 0.3393025773208914 0.3915076674419904 0.24540334365261512 0.3829012717203909 0.24613068237543928 0.3908368292870791 0.3400299160437156
0 0.41203980855861316 0.40575752223751793 0.4033825122236071 0.34455947085031885 0.3943269760196974 0.3458404995532363 0.4029842723547035 0.4070385509404354
0 0.4108444212044362 0.43788724141261925 0.41006263283082445 0.4267071476255936 0.40384050234375 0.42714224140625 0.4046222907173617 0.4383223351932757
0 0.42108314969592603 0.5138723809635446 0.41567971007870363 0.4458658154676677 0.406835128416848 0.44656855883664914 0.41223856803407033 0.5145751243325261
0 0.4439211140625 0.670416428125 0.4287655464942321 0.5557235289057638 0.4194489028978191 0.5569546340787616 0.434604470466087 0.6716475332979976
0 0.48494750125138014 0.8402396949697218 0.4508842317087485 0.7025969481083804 0.43771615421687055 0.7058557305955968 0.4717794237595022 0.8434984774569381
0 0.5170338615771334 0.923417951618438 0.48352902079271914 0.8446102160424793 0.47424210814116724 0.8485585153749616 0.5077469489255814 0.9273662509509204
0 0.72397109140625 0.3082284343750002 0.7191896338823967 0.30176159580399065 0.5841545713823967 0.40160395439774066 0.58893602890625 0.40807079296875004
0 0.58280412265625 0.4142735015625001 0.5763478667441999 0.40626545676287257 0.4855292690879499 0.47948534035662255 0.49198552500000003 0.48749338515625007
0 0.41946449921875006 0.5563445617187501 0.41609732494060225 0.5529507619595518 0.40789369915935214 0.5610900275845518 0.41126087343749995 0.5644838273437501
0 0.38327461015625003 0.5970297671875 0.3783542628406655 0.593011136334918 0.34111879252816546 0.6386016503974179 0.34603913984375 0.6426202812499999
0 0.33983923367659175 0.6471677641523035 0.336239313785497 0.6438362224057375 0.3260116355776552 0.6548878090346839 0.32961155546875 0.6582193507812499
0 0.31548188515625003 0.6759040515625001 0.3092134547111963 0.6716321348181394 0.2980909203125 0.6879528726562502 0.30435935075755366 0.6922247894006107
0 0.2966592132812501 0.7029388960937502 0.29132978623802125 0.6995672320627776 0.2692746851562501 0.7344286687500002 0.2746041121994789 0.7378003327809728
0 0.86455442903422 0.4812590959416244 0.86318386171875 0.47574875390625 0.8287281614256334 0.484318794813006 0.8300987287411035 0.4898291368483805
0 0.79816964609375 0.5015901734375 0.7929017253457324 0.4890333468499709 0.4901472897827345 0.616046837204342 0.495415210530752 0.628603663791871
0 0.41812769061330163 0.6696611755304211 0.41410708281249986 0.6620341820312501 0.38880228979249487 0.6753737303375338 0.39282289759329664 0.6830007238367048
0 0.3498637869930204 0.7067606795323375 0.34429275634937356 0.6962932740003857 0.2490088917788696 0.7470058720503048 0.2545799224225164 0.7574732775822566