1 0.4098466541892514 0.1997526801326672 0.39508397048554034 0.12029831632123775 0.34156998403294436 0.13024125737352912 0.3563326677366555 0.2096956211849586
1 0.36511322072075336 0.1919210249049324 0.3431672981972168 0.14881830028429763 0.32020704626481383 0.16050860326315314 0.34215296878835033 0.20361132788378788
1 0.47932357647690216 0.2319482654150761 0.4764593015711774 0.16899821395222245 0.4019842369384857 0.17238688566531113 0.40484851184421033 0.23533693712816475
1 0.8706460544248553 0.3458944995144995 0.8107177034983962 0.26448404864660674 0.7612544972341027 0.30089520165403316 0.8211828481605619 0.38230565252192594
1 0.9321703025887039 0.5766786083759887 0.903590619086932 0.49756384752758065 0.8381118354918666 0.5212176245365729 0.8666915189936386 0.6003323853849809
0 0.3645672654345724 0.15913972700743442 0.35746866348643314 0.1572200103124638 0.35283071631056484 0.17436990589040965 0.3599293182587041 0.17628962258538028
0 0.3478199586611798 0.2609311971704805 0.3426747226562501 0.25987149765625006 0.34078267309727156 0.26905810327721913 0.3459279091022013 0.2701178027914496
0 0.3402526945312501 0.29967193671875003 0.33285155781250014 0.29889054921875 0.33128713499567053 0.31370843042786556 0.3386882717144205 0.31448981792786557
0 0.3385456563838817 0.34951198609386663 0.33138983573169434 0.34884322927813755 0.32421395903531275 0.4256264267780209 0.33136977968750003 0.42629518359374996
0 0.32542685546875005 0.47924411796875 0.31790783464924577 0.4790203757553161 0.3158642061060561 0.5476980084994487 0.3233832269255604 0.5479217507128826
0 0.3246024604467156 0.5569343426781632 0.31446543333987437 0.5567410078870757 0.31167506873481904 0.703046809756983 0.32181209584166026 0.7032401445480705
0 0.33089950546874997 0.8406549679687497 0.3225746728822147 0.709797252060431 0.31110517865414417 0.710526911894688 0.31943001124067943 0.8413846278030068
0 0.4420803094902319 0.2293796888775223 0.43349325425250473 0.2284514865432284 0.42336619460855973 0.3221397022968141 0.4319532498462868 0.323067904631108
0 0.4330325417435111 0.3287787490999133 0.4241062151059086 0.32875154706851495 0.42391860243790747 0.39031650636906196 0.4328449290755099 0.3903437084004603
0 0.4256999706639605 0.4108928851164587 0.4195091390625 0.410132746875 0.4181433017790523 0.4212566032416983 0.42433413338051285 0.42201674148315693
0 0.42755819985860566 0.430771343318516 0.41874202901183893 0.42977354976707216 0.41106992872690223 0.49756166762737825 0.41988609957366896 0.49855946117882216
0 0.41944177332135996 0.5411075557385088 0.4100613964207267 0.5405383426459992 0.40305407700561685 0.6560158290949905 0.4124344539062501 0.6565850421875
0 0.4203032637715801 0.831116381014026 0.4131293062294305 0.6895029413983653 0.39958135829522234 0.690189263286507 0.40675531583737196 0.8318027029021676
0 0.43592894817088473 0.9188887855890441 0.41807691040720274 0.8351359451904496 0.40820725272461444 0.8372396768469003 0.4260592904882964 0.9209925172454947
0 0.7564478515624999 0.35448751718750005 0.7529881740063405 0.34722714778760555 0.6013832654125906 0.41946921575635565 0.6048429429687501 0.42672958515625015
0 0.59764016484375 0.43164831015625005 0.5928305357260912 0.4225554843206509 0.4897095185385911 0.4771011069769009 0.49451914765624994 0.48619393281250006
0 0.41019311406250003 0.5399424554687501 0.4075353715296431 0.5359685222325432 0.39792942465464304 0.5423929214512931 0.4005871671875 0.5463668546875
0 0.36690503203125 0.572974803125 0.36284187621237557 0.5680911591488107 0.3175914465248756 0.6057391833675606 0.32165460234375 0.61062282734375
0 0.3147009047616886 0.6139037631026332 0.3118028141717626 0.6099465342893738 0.29965430472257404 0.6188435383742407 0.30255239531250006 0.6228007671875
0 0.28530792734374993 0.6374644828125 0.27996978598975464 0.6320749803884038 0.26593746015624997 0.64597358046875 0.2712756015102453 0.6513630828928461
0 0.2616725890625001 0.6604110859375 0.257084422069639 0.6560844660025594 0.2287826601562501 0.6860970882812498 0.2333708271491112 0.6904237082161905
0 0.8614324703337136 0.5511636837781057 0.8611385070312501 0.54549306484375 0.8256806141902528 0.5473311921096795 0.8259745774927163 0.5530018110440351
0 0.79238801015625 0.55845440859375 0.7896128312228721 0.5451231186316242 0.46818553123223977 0.6120347433941772 0.4709607101656177 0.6253660333563029
0 0.3872590373429744 0.650922049298074 0.38476759843749997 0.6426680164062499 0.35738241960940587 0.6509340968616927 0.3598738585148803 0.6591881297535167
0 0.31317041483748553 0.6743145630426569 0.30969901494600244 0.6629764708541747 0.20648936309970548 0.6945763174829759 0.2099607629911886 0.7059144096714581