1 0.3711158939195814 0.18324546140829542 0.3034131905949121 0.17864835877386248 0.2995606711456135 0.23538539557063975 0.3672633744702828 0.23998249820507267
1 0.44088402470913846 0.18576797379330603 0.3886193311116792 0.15112217854240326 0.36343362698653264 0.1891159119696292 0.41569832058399186 0.22376170722053196
1 0.6088906368505793 0.047906315720449455 0.5821219562722708 -0.021291588596547072 0.5214147766488194 0.002192520007461907 0.5481834572271278 0.07139042432445844
1 0.6659951889795532 0.13444600227531348 0.5926908000352398 0.08281338408041408 0.558715825513589 0.13104868249792206 0.6320202144579025 0.18268130069282146
1 0.5496588071556623 0.18667869745386861 0.5084685552394836 0.1435606052723196 0.4759741578671231 0.1746021552554771 0.5171644097833018 0.21772024743702606
1 0.6773737880251992 0.2758498184779554 0.6117781526786396 0.22689272973123464 0.5778585661117246 0.2723402203502198 0.6434542014582842 0.3212973090969406
1 0.8181587541978995 0.26742668249753043 0.7675897591267099 0.2075745554896379 0.7179655269476272 0.24950201367578884 0.7685345220188168 0.3093541406836814
1 0.8649347491694874 0.26967481727445775 0.8151705095741004 0.2315246466670279 0.7795064099737588 0.27804597984081725 0.8292706495691456 0.3161961504482471
1 0.9044024005251382 0.34869392719590525 0.843229928447404 0.28232484288892024 0.7974230132893775 0.324545136685811 0.8585954853671117 0.390914220992796
1 1.0126710191581776 0.44566276825067136 0.9718373514522609 0.3665283831035312 0.9111282943854647 0.39785450585530024 0.9519619620913813 0.4769888910024404
0 0.33318388984375 0.23246720625000003 0.3283543813171469 0.23107676476742264 0.32428320625 0.24521743515625002 0.32911271477660314 0.2466078766388275
0 0.3276714784032763 0.25012614973820063 0.32615325948789203 0.24660275351671448 0.32118362483461566 0.24874415143476392 0.32270184375 0.25226754765625004
0 0.29745531857319585 0.5023663064198687 0.2937726131480519 0.49576210647151664 0.2107183654747164 0.5420757146117666 0.21440107089986032 0.5486799145601188
0 0.2679443968750001 0.49630880546875017 0.2631495123721634 0.49595260880018144 0.26182947578125004 0.5137220703125001 0.26662436028408676 0.5140782669810688
0 0.2662046343750001 0.5202439187500001 0.26105767577269273 0.5192969280356335 0.25834502655394276 0.5340403600668836 0.26349198515625005 0.5349873507812501
0 0.2608625999160401 0.547247932679359 0.25337638793546374 0.5459510898833324 0.2398217684881737 0.6241970845477234 0.24730798046875008 0.62549392734375
0 0.22548062538532337 0.7792067888511846 0.21986231933160844 0.7783376268751834 0.21470840390625012 0.8116527914062501 0.22032670995996506 0.8125219533822513
0 0.21885713765377163 0.8257122646651321 0.21125138952422748 0.8241327832230047 0.20052829945094536 0.8757681618305204 0.2081340475804895 0.8773476432726479
0 0.40499431254730556 0.2133888931675132 0.39869963220312865 0.21061996250747 0.37460364153082304 0.26539798965245687 0.380898321875 0.2681669203125
0 0.2796617883970172 0.5597363522632859 0.274670740001122 0.5569544395649781 0.2635983218423704 0.576819539905306 0.2685893702382656 0.5796014526036138
0 0.26741490597587764 0.5863457149500462 0.26218131207838624 0.5842055875636134 0.248032789812881 0.6188052194624857 0.2532663837103724 0.6209453468489184
0 0.24004423285739312 0.6748740321964988 0.23452189041219224 0.6738053393082711 0.2323259981797991 0.6851523492992724 0.237848340625 0.6862210421875
0 0.23729034609375016 0.6901439570312501 0.23143214598967754 0.6895829207270723 0.22861030062548804 0.719047920911678 0.23446850072956066 0.7196089572158559
0 0.520005876881384 0.08396570488194166 0.5119572903729674 0.07919261199380527 0.47241554080423265 0.1458695444476305 0.48046412731264915 0.15064263733576688
0 0.4446333273437501 0.19895723281250008 0.4282522113012722 0.18994287829939563 0.33025464402669147 0.3680265690474963 0.34663576006916935 0.37704092356060076
0 0.33806816666884043 0.3752844469736144 0.32797535795628424 0.36812330218300227 0.15146601730319648 0.6168928862760982 0.1615588260157527 0.6240540310667104
0 0.44743806917420637 0.2793568018180732 0.443683744084968 0.2769432052703589 0.4337242570090668 0.2924350869771054 0.43747858209830515 0.29484868352481974
0 0.4368531374973651 0.29661432975114976 0.43291849852367337 0.29421531893531994 0.42125510595922544 0.31334455280401735 0.42518974493291717 0.3157435636198472
0 0.4030634519348856 0.35521353796559857 0.3985422846897248 0.35230525604446017 0.3881991296298393 0.3683845547976118 0.39272029687500004 0.37129283671875013
0 0.38586874314520814 0.3813149157131078 0.3823737815339267 0.3793032313488574 0.37593705479496864 0.39048595626074967 0.37943201640625 0.3924976406250001
0 0.5975145435655527 0.15654035934648963 0.5927374624999999 0.1531797835937501 0.5795039585398052 0.17199129859906653 0.5842810396053578 0.1753518743518061
0 0.5637613792962336 0.21198249863692 0.5571621062500001 0.20701227812500003 0.5182720440456451 0.25864904930165855 0.5248713170918786 0.2636192698135785
0 0.5219341875 0.26472032031250003 0.5186928067119219 0.2626648297622972 0.5161197899614529 0.26672231718862 0.519361170749531 0.26877780773882276
0 0.5172739324185154 0.2730635613059885 0.5109824098581555 0.26928645593363776 0.4905121321981728 0.3033837873603377 0.4968036547585327 0.3071608927326885
0 0.4937714620709805 0.31059530185392936 0.48875074174635574 0.30786874807879216 0.47313843257059485 0.3366175073029242 0.47815915289521965 0.3393440610780615
0 0.4243617005449071 0.43906736300097116 0.42178282119542654 0.4366513711133041 0.41784178281249995 0.4408581164062501 0.4204206621619805 0.4432741082939172
0 0.4107672080323791 0.46435264878933574 0.4050802169857576 0.4605857733167917 0.3810937796852025 0.496798983751507 0.38678077073182404 0.5005658592240511
0 0.37331779858160685 0.5347539712650387 0.3654669729912431 0.5290825642572567 0.32617199628463633 0.5834778859609682 0.33402282187500004 0.58914929296875
0 0.30732281999235184 0.624903064350339 0.30199223940660436 0.621282205662622 0.2919946248830026 0.6360005624060332 0.2973252054687501 0.6396214210937501
0 0.29620704172674983 0.6414213367801317 0.2914181758134406 0.6368465853000285 0.2877444645554408 0.6406922391448968 0.29253333046875 0.645266990625
0 0.2753484878311846 0.6712789531207215 0.2737024259379618 0.6680300136589676 0.26333194045052716 0.6732841777257461 0.26497800234374996 0.6765331171875
0 0.17962111171875011 0.8023374398437502 0.17356351188052485 0.8001773808336452 0.1640197961836452 0.8269414694030008 0.17007739602187044 0.8291015284131058
0 0.19248572420455687 0.762915761573858 0.1873459558304436 0.761254910026693 0.17862630781250002 0.7882392429687501 0.18376607618661328 0.7899000945159148
0 0.19355316465610023 0.7447559721792645 0.1886208260946079 0.7418749681895106 0.16550537110650745 0.7814491063752715 0.1704377096679998 0.7843301103650254
0 0.21495120605358572 0.7033238503612973 0.20998391328125005 0.70095200703125 0.20101491110011108 0.7197355662760958 0.20598220387244676 0.7221074096061431
0 0.23293292109375002 0.6652252765625001 0.2292128810921318 0.6636446596005655 0.22129133281250013 0.6822883140625 0.22501137281411837 0.6838689310244346
0 0.2755345783986419 0.6001558957012063 0.2714418938123884 0.5976400935936871 0.25493087890625005 0.6245000664062501 0.2590235634925036 0.6270158685137693
0 0.6035419332291663 0.29016906277829535 0.5983781756248139 0.2872118868092633 0.5942811539062499 0.29436601875 0.5994449115106024 0.2973231947190321
0 0.5510731938703242 0.3316487187899996 0.5460158183021504 0.32280912582264165 0.46845042885371396 0.3671864299565505 0.4735078044218877 0.3760260229239084
0 0.4548702635576216 0.39935098819647286 0.4489116445312501 0.39062933828125 0.4031292260462752 0.42190782257144477 0.4090878450726468 0.4306294724866676
0 0.3410827125 0.47260215234374997 0.3390555945569994 0.4692842569239993 0.31855823281249995 0.48180742734375004 0.3205853507555006 0.48512532276350073
0 0.20434867015301336 0.5540020486473616 0.20108382438693845 0.5483501003054885 0.17860614843750003 0.56133432109375 0.18187099420357494 0.5669862694356231
0 0.16318963001157075 0.5778967034210172 0.157877729802745 0.5699714506252419 0.007434392929127132 0.6708060880996953 0.012746293137952858 0.6787313408954707
0 0.7461377521593144 0.2830974306701405 0.7414400234375 0.2780916578125 0.7218002320040962 0.296522860132502 0.7264979607259106 0.30152863299014254
0 0.7108152127540353 0.3232908147811892 0.7016835636880334 0.31590738012763075 0.65752657322238 0.37051965201234305 0.6666582222883818 0.37790308666590156
0 0.6371974179687501 0.3968528195312502 0.6274930674768538 0.38760118864438514 0.4658900426182173 0.5571121011479697 0.4755943931101134 0.5663637320348347
0 0.47001891249999994 0.5616852007812501 0.46463908834519446 0.5562377355422845 0.4276242246301568 0.5927929863177457 0.43300404878496235 0.5982404515567112
0 0.40455708733738016 0.6296800701011451 0.3979354349507166 0.6231104016038304 0.2709062079510749 0.7511447741877764 0.2775278603377384 0.757714442685091
0 0.8041613664062499 0.29531233125000006 0.8003993994436129 0.29246039149645914 0.79220920390625 0.3032640015625001 0.795971170868887 0.30611594131604103
0 0.7095534193097189 0.3996823873606815 0.7023453426529642 0.39428148512843025 0.6651933585937501 0.4438647468750001 0.6724014352505048 0.44926564910725136
0 0.6371338642814055 0.4796114905794829 0.6329711445890818 0.47641790367251363 0.6266081570312501 0.48471181718750006 0.6307708767235738 0.4879054040944693
0 0.6258952615833503 0.4976651238881085 0.6200666520274088 0.49252122996278347 0.5688168920483713 0.5505929641567668 0.5746455016043127 0.5557368580820918
0 0.5534693188521767 0.5799790784532097 0.5482415833899534 0.5753728998702572 0.44889048696514344 0.6881304147249748 0.4541182224273667 0.6927365933079274
0 0.45349376875 0.69500157890625 0.4479301418081347 0.6897516028378174 0.34868479936647806 0.7949261891341505 0.3542484263083434 0.8001761652025831
0 0.8370917421874997 0.3597021664062501 0.8315988775266234 0.35532192266514206 0.818432571761637 0.37183258735077757 0.8239254364225133 0.3762128310918856
0 0.7687731333229412 0.45078943335512234 0.7614051061307704 0.44348296372686136 0.6827511704059291 0.5227995648594144 0.6901191975981 0.5301060344876753
0 0.6878713960730234 0.5409714531988528 0.6804204895499535 0.5332548254146735 0.6438665590260818 0.5685500252094019 0.6513174655491516 0.5762666529935812
0 0.6401966960626357 0.5825225557699524 0.6296063343660757 0.5732495999888079 0.37743881533295787 0.8612424792512279 0.3880291770295179 0.8705154350323724
0 0.803218395921324 0.5726675115942466 0.7954218359384146 0.5619503813818498 0.7134274704858404 0.6216001174438531 0.7212240304687499 0.63231724765625
0 0.6850092554687499 0.66474771796875 0.6812388023437501 0.6601759960937501 0.6675330690000953 0.6714795763483995 0.6713035221250953 0.6760512982233993
0 0.6697121057570521 0.6780459641082499 0.6643832085082884 0.6721794391615828 0.5828149669042614 0.7462724980374579 0.5881438641530251 0.7521390229841249
0 0.52363798671875 0.8053506984375002 0.5190532796879007 0.7992765577686284 0.5119367023441508 0.8046480866748784 0.516521409375 0.8107222273437502
0 0.4869801923870682 0.8439284663056459 0.48153312508378976 0.8385050358448638 0.4429688936055399 0.8772373411413433 0.44841596090881836 0.8826607716021252
0 0.9429803608875502 0.4377124924269803 0.9378447980404087 0.435950710233297 0.9341846253487731 0.4466200466340628 0.9393201881959147 0.4483818288277461
0 0.9067328557482377 0.46083123835408024 0.9044348390625 0.4577780671875001 0.87531338671875 0.4796967804687501 0.8776114034044877 0.4827499516353303
0 0.85128903828125 0.5148913710937502 0.8468639066147464 0.5099806735718061 0.8267958436593041 0.5280644224634223 0.831220975325808 0.5329751199853663