1 0.32360886507323305 0.26744400963240716 0.31846859930304766 0.21090106335043074 0.250718656430563 0.21706014658148015 0.25585892220074846 0.27360309286345663
1 0.38721631056153 0.2008072452895989 0.3297294558518549 0.17576346702524268 0.3115239221292205 0.2175534422030187 0.3690107768388956 0.24259722046737492
1 0.5287310989143796 0.03586597443410455 0.4894334431051369 -0.029153783589959414 0.4337265141733944 0.00451523927135844 0.47302416998263713 0.06953499729542241
1 0.599995563174099 0.11117482699276715 0.5188389226014738 0.07305579768756802 0.4937560760332603 0.12645798553386647 0.5749127166058857 0.1645770148390656
1 0.49437867886036246 0.1817316018693223 0.44410608438242455 0.14853271856467873 0.4193543264332787 0.18601395185120428 0.4696269209112166 0.21921283515584786
1 0.635704225 0.248309859375 0.5624647884374998 0.21169014109375012 0.5371126759375 0.2623943660937502 0.6103521125000002 0.2990140843750001
1 0.7729392752859015 0.21571230759639426 0.7127453252250741 0.16555068095576025 0.6711556222237086 0.21545832297550463 0.7313495722845361 0.2656199496161386
1 0.8193950225106809 0.20980372149274745 0.7637621059982123 0.18087460549875425 0.7367181678765665 0.2328821798747664 0.7923510843890352 0.2618112958687596
1 0.8702941176654745 0.2671623868092214 0.7876558265431945 0.22870694386656135 0.761651695149588 0.2845881616096803 0.8442899862718681 0.3230436045523404
1 0.9962233272333109 0.35621246649562155 0.9401097865666269 0.28633522704187786 0.8870434331534269 0.32894911682290434 0.9431569738201109 0.398826356276648
0 0.28926161953124996 0.26549894375000005 0.2842640345005652 0.2649682614381817 0.28271021093750004 0.27960105625000004 0.28770779596818485 0.2801317385618184
0 0.2868993968198388 0.28384682900904135 0.284792411843335 0.28064059701278843 0.28027012752349617 0.28361242972249706 0.28237711249999997 0.2868186617187501
0 0.3009433319529714 0.5375018716302677 0.2961697677599017 0.5316374993789302 0.22241957449544988 0.5916697188068253 0.22719313868851962 0.5975340910581628
0 0.2726145264971012 0.5543896409371191 0.27082887343750006 0.5366609156250001 0.2660449805341488 0.5371427535941311 0.26783063359375003 0.55487147890625
0 0.2732718312500001 0.5605345070312501 0.2680386231697326 0.5604956631830623 0.2679273552009826 0.5754861561518123 0.27316056328125005 0.5755250000000001
0 0.27293873203124996 0.6674669015624998 0.2727001518738896 0.5880559038100863 0.2651024780273101 0.5880787300466681 0.26534105818467046 0.6674897277990816
0 0.27884444367700756 0.856338799514395 0.2781349413622286 0.822634799517408 0.2724510609664711 0.822754450784263 0.27316056328125 0.8564584507812499
0 0.2796876708151768 0.8695839092289042 0.271923197130552 0.8693491479289113 0.27032940405353284 0.9220621138463375 0.27809387773815764 0.9222968751463304
0 0.35666816569426396 0.23424072439870125 0.34998829588468106 0.2326069198315973 0.335770482534167 0.29073697043289615 0.34245035234375 0.2923707750000001
0 0.29338232958240607 0.5970901516340741 0.287984032359916 0.5952171888970453 0.2805293674488363 0.6167031993170478 0.28592766467132635 0.6185761620540765
0 0.28594217201485816 0.6254219073894127 0.28041645911084245 0.6242230974415879 0.27249104778817096 0.6607539484699587 0.2780167606921867 0.6619527584177836
0 0.2743601025000479 0.7173581481523004 0.2687360803736739 0.7172646355235173 0.2685439356861261 0.728820571746217 0.2741679578125001 0.728914084375
0 0.2766372163465903 0.7623816644410554 0.27429964765625 0.73287429609375 0.26843302369647154 0.7333390490437578 0.27077059238681184 0.7628464173910633
0 0.4474583456420228 0.08681221683419674 0.43870319646456934 0.08350926031261968 0.41134050244172327 0.15603957262585727 0.4200956516191767 0.15934252914743433
0 0.3965675213745049 0.21440813453626967 0.38115249486439484 0.20862819692944626 0.3096752343555437 0.3992572210755284 0.3250902608656538 0.4050371586823518
0 0.3188716462238264 0.4052983240290291 0.3076886507399764 0.3999985712314505 0.17705926874423658 0.6756393123588306 0.1882422642280866 0.6809390651564092
0 0.409922313472709 0.29183615095272664 0.405805907918437 0.2901111540597481 0.39868786544451984 0.30709712643711395 0.40280427099879185 0.30882212333009257
0 0.40249492976209983 0.3106695527030804 0.3982034824182298 0.3089902307237347 0.39003903862557265 0.3298541752555786 0.3943304859694427 0.3315334972349243
0 0.37939423079995377 0.37424602458974326 0.37443673219610385 0.3721670183304448 0.36704285373990014 0.3897981062407016 0.3720003523437501 0.3918771125000001
0 0.3669932048162918 0.40293669363420415 0.3632020143699747 0.4015624651819619 0.3588049361161829 0.4136930254540078 0.36259612656250007 0.41506725390625004
0 0.5363919380020092 0.14482506013708116 0.5311038734374998 0.14234507031250004 0.5213380011140657 0.16316877001610583 0.5266260656785752 0.16564875984068697
0 0.5127789867585557 0.20528608431731557 0.5054169015625 0.20153732421875006 0.4760842976588761 0.2591428053065556 0.48344638285493186 0.2628915654051211
0 0.48074507031250013 0.26448591562500007 0.4771960006292879 0.2630245125880198 0.4753666493888103 0.2674671576785494 0.47891571907202246 0.26892856071552973
0 0.4776044032528269 0.27351164860273336 0.4707525757993712 0.27088443748570057 0.45651422728386715 0.3080183802502947 0.46336605473732284 0.3106455913673275
0 0.4609763071198487 0.3145543586989417 0.4555584022504985 0.3127410664372334 0.4451754482408375 0.34376411676128016 0.45059335311018767 0.3455774090229885
0 0.4147144261694323 0.4527264671329724 0.4115576835572411 0.4510045242303698 0.40882007031249995 0.4560232390625002 0.4119768129246911 0.4577451819651028
0 0.4059327575575443 0.4803893240707966 0.3996780531779189 0.4776672111747004 0.38234438072664895 0.5174954626595788 0.38859908510627433 0.520217575555675
0 0.38127734934120217 0.5562241134483605 0.37256096622778634 0.5520021495455498 0.3433086168865842 0.6123945853159394 0.35202500000000003 0.6166165492187501
0 0.33193920848275493 0.6564635475103584 0.3260608560665103 0.6538233434404969 0.3187709436775056 0.6700541623363888 0.3246492960937502 0.6726943664062501
0 0.32386067209728153 0.6746611051428506 0.31835016274192557 0.6709874319087464 0.31540005392589404 0.6754125947346458 0.32091056328125 0.6790862679687499
0 0.3085037272203632 0.7076871663525945 0.30631850025169555 0.7047734213760511 0.29701794178133245 0.7117485792422068 0.2992031687500001 0.7146623242187502
0 0.23698873203125004 0.85337746484375 0.23064807065151527 0.852302113259174 0.22589688095101135 0.8803168439517947 0.23223754233074612 0.8813921955363707
0 0.24281239980800975 0.8123207741480085 0.23746231177996474 0.8115776661143697 0.23356091562500003 0.8396661968749999 0.23891100365304502 0.8404093049086387
0 0.24071020935997417 0.7942515135586915 0.23535252292292913 0.7922707700415055 0.21946022045975377 0.8352576447285103 0.2248179068967988 0.8372383882456964
0 0.2545885538914103 0.7497331078096628 0.24928485937499997 0.7482598593750002 0.2437138468520982 0.7683155050308065 0.2490175413685085 0.7697887534654692
0 0.26568133828125007 0.7090908453125001 0.261743342926425 0.7081802196340419 0.25717957734375013 0.7279161968750001 0.26111757269857516 0.7288268225534583
0 0.2963366015085754 0.6376123138916113 0.2918692297618947 0.6358454196887067 0.2802732390625001 0.6651644367187501 0.2847406108091807 0.6669313309216548
0 0.5655321398281956 0.27537699862959203 0.5599333238413888 0.2733614249732262 0.5571408453125001 0.28111831015625005 0.5627396612993067 0.2831338838126159
0 0.5210633843162951 0.3253375866946123 0.5145478620663155 0.3175104904619426 0.4458669028590383 0.374682691309193 0.4523824251090178 0.3825097875418627
0 0.43812814647675846 0.408615950381224 0.43069577500000006 0.40116232421875003 0.39142973822872407 0.4403163903528262 0.3988621097054825 0.44777001651530013
0 0.33873943671875 0.5006140843750001 0.3361669685241125 0.49769860035309643 0.31815563359375004 0.5135908453125002 0.32072810178838757 0.5165063293344039
0 0.2182176353708314 0.604520950603432 0.21402093975764305 0.5995218030528103 0.19413943671875 0.616211971875 0.19833613233193834 0.6212111194256217
0 0.1818331564235066 0.6351997843915459 0.17522575036721294 0.6283173359616459 0.044577736967092954 0.7537442801334929 0.051185143023386594 0.760626728563393
0 0.7047336308575765 0.24365129594683316 0.699238028125 0.2395373242187501 0.6830971535895485 0.2610989294183398 0.6885927563221248 0.2652129011464228
0 0.6736783633841359 0.2875571921604526 0.6626447573127324 0.28246858264234626 0.6333596819831692 0.34596726215549267 0.6443932880545727 0.35105587167359903
0 0.6172017609375 0.3745957750000001 0.6060383124248487 0.3671698399273857 0.4763256618465279 0.5621675717969683 0.4874891103591791 0.5695935068695827
0 0.48118591562500007 0.5659542250000001 0.4749418808245026 0.5615237157275581 0.44483710842336144 0.6039511738310752 0.45108114322385895 0.6083816831035171
0 0.4285257874607943 0.6442834259155978 0.42086392195399747 0.6389634033962364 0.3179974900653787 0.787111040633919 0.32565935557217557 0.7924310631532806
0 0.7639968312499998 0.2456049296875001 0.7597967838010453 0.24344957626648833 0.7536070421875001 0.2555112679687501 0.7578070896364547 0.25766662138976193
0 0.6889498610211163 0.36481786736308897 0.680913433845156 0.36075068623373274 0.6529359156250001 0.4160320421875001 0.6609723428009604 0.4200992233168564
0 0.6304308774593245 0.45512261672289045 0.6255401878742677 0.4533381633448249 0.6218064932274432 0.46357118021568466 0.6266971828125 0.4653556335937501
0 0.6235771825979779 0.4758391127266335 0.6169438948784851 0.47178549363492406 0.5765567853450148 0.5378744160603439 0.5831900730645077 0.5419280351520533
0 0.5665452210290183 0.5694791665145029 0.5605970522610842 0.5658507529947931 0.48233545927425314 0.6941473654410691 0.48828362804218717 0.6977757789607789
0 0.4880619718750001 0.7001147890625001 0.4816712199465064 0.6959106854398887 0.40219701200846725 0.816721206121119 0.40858776393696095 0.8209253097437305
0 0.8076080984374998 0.30329823906250003 0.8014380608735875 0.29993836670307356 0.7913388276255566 0.3184845023418985 0.7975088651894691 0.321844374701325
0 0.7561445405468918 0.40486508786489084 0.747619694840606 0.3989490641655235 0.683933872141348 0.49071877973429423 0.692458717847634 0.4966348034336616
0 0.6930269245148859 0.5096058119893979 0.6846214785805439 0.5016547225362676 0.649693558245199 0.5385785614275737 0.658099004179541 0.5465296508807039
0 0.6523966847511375 0.5569239514646778 0.6403569826209352 0.54963086976693 0.44202989349747257 0.8770369206458082 0.45406959562767496 0.8843300023435561
0 0.8112304086063368 0.5189102076761829 0.8016912853617001 0.5097097526121921 0.7313006658178633 0.5826914464985092 0.7408397890625 0.5918919015625
0 0.7108066898437501 0.63011831015625 0.7063335308694864 0.6262317775147488 0.6946810660257363 0.6396430447022488 0.699154225 0.6435295773437499
0 0.6980511546879862 0.6458708475971677 0.6917845039017687 0.6410188016081152 0.6243215920890094 0.7281503972908062 0.630588242875227 0.7330024432798588
0 0.57630246484375 0.7966070421874999 0.5707326460425322 0.7914213073864997 0.5646569421362821 0.7979470112927498 0.5702267609374999 0.8031327460937501
0 0.5469005443550815 0.840964286294043 0.5405944618417691 0.8365691233968015 0.5093419013546854 0.8814096059435427 0.5156479838679976 0.885804768840784
0 0.9254343823901768 0.3617360476512932 0.920070909732962 0.36089281152892133 0.9183190532550235 0.3720356386321527 0.9236825259122383 0.3728788747545246
0 0.8937520856261401 0.390797881128761 0.8909588031249998 0.388190140625 0.8660859156249998 0.41483274609375 0.8688791981261403 0.41744048659751093
0 0.848538028125 0.45366443671875006 0.843327390363988 0.44959675953977224 0.8267044160115434 0.47089055795347734 0.8319150537725555 0.47495823513245516