1 0.37392769893927047 0.21297760928500747 0.3495920064604246 0.13591460409997533 0.2976886453760722 0.15230514364530606 0.32202433785491813 0.2293681488303382
1 0.32846695916697277 0.21083423018676148 0.3015980476932329 0.17053087787999277 0.28014626267104326 0.1848320731832458 0.30701517414478313 0.2251354254900145
1 0.4468104067336312 0.2364661044731058 0.4362958004063825 0.17433434039050275 0.3627888361123426 0.18677398061760792 0.3733034424395913 0.24890574470021093
1 0.8474543073379752 0.29490750319247916 0.7726979923992966 0.22998754467851623 0.7301367028909207 0.27899751380842736 0.8048930178295995 0.3439174723223903
1 0.9382937425125801 0.5234387462293147 0.9002854236648276 0.44839668247528996 0.838177379242882 0.47985400437327785 0.8761856980906346 0.5548960681273026
0 0.3240363431525838 0.17818554608420575 0.3167566979553639 0.17714524054951344 0.314243367838669 0.19473252707532973 0.32152301303588887 0.19577283261002204
0 0.3198191278192485 0.2812592612422444 0.31458309843750004 0.28083450703125007 0.31382471743037016 0.29018322008249064 0.3190607468121186 0.29060797429348495
0 0.3170295773437501 0.3206334507812501 0.3095912258073337 0.32053803789189056 0.3094000289323337 0.3354436714856406 0.3168383804687501 0.33553908437500013
0 0.3236443664062501 0.44739542265625004 0.32140923695929263 0.3703100357760535 0.3142252539375572 0.37051833896616754 0.31646038338451465 0.44760372584636415
0 0.3305398934376986 0.569088719123985 0.32419859140625 0.5006739437500001 0.3167083490577874 0.5013682073613428 0.3230496510892359 0.5697829827353278
0 0.3479090246503734 0.7234408658880366 0.33284839779660774 0.5778855460659973 0.32276336885427537 0.5789290452517062 0.337823995708041 0.7244843650737455
0 0.37367535234375 0.8587239437499999 0.34946502802931206 0.7298561632428481 0.33816994882851803 0.7319781640217262 0.3623802731429559 0.8608459445288782
0 0.41089786155689534 0.33267954244485376 0.40953171443826025 0.23845548597368443 0.40089554681371087 0.2385807010828423 0.402261693932346 0.3328047575540116
0 0.4188280977934669 0.39985129947348674 0.4144608521368431 0.33819842055443405 0.4053380141806338 0.3388446462480087 0.40970525983725753 0.4004975251670614
0 0.41539436640625 0.420611971875 0.4091570421875 0.420611971875 0.4091570421875 0.43181936640625 0.41539436640625 0.43181936640625
0 0.42030769867743495 0.5083336270378965 0.41966131985180316 0.4401157976840458 0.4107892625749944 0.4401998623635855 0.4114356414006262 0.5084176917174362
0 0.4321700703124999 0.66608943671875 0.4250519932591579 0.5506187245803265 0.415672167048594 0.5511969346257769 0.422790244101936 0.6666676467642004
0 0.46125024708454676 0.8383608786274873 0.43687142635895954 0.6986772895847744 0.4235081044794476 0.7010095752214165 0.4478869252050347 0.8406931642641295
0 0.4874562250457936 0.9235747491116747 0.4595303501096241 0.8426218055898831 0.4499906401035423 0.8459126649084878 0.4779165150397119 0.9268656084302794
0 0.7368028171875001 0.3243190140625 0.7324841108867675 0.31753439068497014 0.5908133358867674 0.40771396802872006 0.5951320421874999 0.41449859140624995
0 0.58858239453125 0.4202584507812501 0.5827004789272171 0.4118195477651927 0.4869955492397171 0.4785258860464426 0.49287746484375006 0.4869647890625
0 0.41573028203125 0.5505894367187499 0.41260804955994584 0.5469690219547401 0.4038566409661958 0.5545162047672401 0.4069788734375 0.5581366195312499
0 0.3767904929687499 0.58865105625 0.3721624567867313 0.5842989883558479 0.3318374567867314 0.6271810305433478 0.33646549296874995 0.6315330984374999
0 0.32996347306607365 0.6356370203804533 0.32660471923219736 0.6320624765408465 0.3156310352286237 0.6423736952228932 0.3189897890625 0.6459482390625001
0 0.30366091562500014 0.6626042250000002 0.2977057488078668 0.6579054509292248 0.2854718312500001 0.67341056328125 0.29142699806713346 0.6781093373520253
0 0.2829982390625001 0.6882602109375001 0.27791698933380815 0.6845249979822935 0.25348380312500013 0.717763028125 0.25856505285369213 0.7214982410802067
0 0.8649736920404683 0.5067347793884697 0.8639908453125 0.5011422539062501 0.8290212616444924 0.5072879104608399 0.8300041083724606 0.5128804359430594
0 0.79733239453125 0.5223855632812501 0.7929532260092949 0.509491852560633 0.4820762718717063 0.6150768622804317 0.4864554403936614 0.6279705730010487
0 0.4064921623397401 0.6635367669654804 0.40301338046875 0.6556478875 0.376839708320004 0.6671897669984405 0.38031849019099406 0.6750786464639208
0 0.3358066154428484 0.6957840479127365 0.3309793248413139 0.6849535250013611 0.23239003466806488 0.7288959235133863 0.23721732526959932 0.7397264464247618