1 0.29559565867638227 0.29168988353934583 0.28541707122749943 0.23577937261649864 0.218199155047283 0.24801648915646618 0.22837774249616588 0.3039270000793134
1 0.3515945585366646 0.21678225681241195 0.2914841332379964 0.1989310363888086 0.27850721779399945 0.24262821158990078 0.3386176430926676 0.2604794320135041
1 0.4719532332206901 0.035824119055632944 0.42502458133065035 -0.0239218120508111 0.3738361045392652 0.01628521399493752 0.42076475642930494 0.07603114510138156
1 0.5518643429237777 0.10188667672426939 0.46666709037577264 0.07394228814821988 0.44827929748754347 0.13000325474390922 0.5334765500355486 0.15794764331995872
1 0.45563341828063864 0.18478899204002272 0.40168962122351604 0.15796425781597728 0.38169017355439727 0.1981825927790287 0.4356339706115199 0.2250073270030742
1 0.6040193934613762 0.2336477329536522 0.526863050571516 0.2062266170862829 0.5078792012234554 0.2596425465018838 0.5850355441133156 0.2870636623692532
1 0.7362588735538838 0.18456841608482977 0.6704004355822119 0.14211648229485516 0.6352029470652145 0.19672062885090058 0.7010613850368863 0.23917256264087516
1 0.7816482706423412 0.17304233810388575 0.7229044602917898 0.15110880328155657 0.7024002333046819 0.2060245490230545 0.7611440436552334 0.22795808384538369
1 0.8424943247663608 0.2370694637860819 0.7645903563517102 0.19148549262312292 0.7331290046948571 0.24525360635318183 0.8110329731095074 0.2908375775161408
1 0.9750012621473785 0.29680982503456976 0.9107900877108793 0.23429196127292412 0.8633126112911633 0.2830553760276914 0.9275237857276621 0.34557323978933707
0 0.2624653692410976 0.3077139404433028 0.2624331078550347 0.2929290363937679 0.2574377198639371 0.292939936575465 0.25746998125 0.307724840625
0 0.26214537148865763 0.31142843237282913 0.2596633500057851 0.3085028759287844 0.2555369496108775 0.3120036849622053 0.25801897109375005 0.31492924140625
0 0.3069973983773004 0.5614812438267842 0.3015447284007815 0.5562423348934071 0.23566034570060754 0.6248149709211043 0.24111301567712645 0.6300538798544814
0 0.2809378528044456 0.581695546947031 0.27700492187500003 0.5643165851562502 0.2723154089143044 0.5653778413342192 0.27624833984374997 0.5827568031250001
0 0.2840555718750001 0.60260682109375 0.28233912890625007 0.5877145046875001 0.27714019442148946 0.588313718019928 0.27885663739023947 0.6032060344261778
0 0.29504029374999996 0.6938904359375 0.28512572597060004 0.6151004320883624 0.27758746578734783 0.6160490117034708 0.28750203356674775 0.6948390155526084
0 0.3239196790876625 0.8806347866329478 0.31910798116917877 0.8472684776883689 0.31348104973776636 0.848079927774171 0.31829274765625 0.8814462367187499
0 0.3312129750260962 0.9461926914291207 0.32637079420105625 0.8936784053312659 0.3186355854842186 0.8943916451391261 0.32347776630925856 0.9469059312369807
0 0.3253486308185157 0.25368941023774594 0.3185194415255816 0.2528818552497999 0.31149187711331583 0.3123113286058039 0.31832106640625 0.31311888359375
0 0.3067547393721217 0.6215468164974274 0.30116842367005286 0.6203457014804813 0.2963878106535404 0.6425800530478764 0.3019741263556093 0.6437811680648224
0 0.30282281254180116 0.6505741183898615 0.2971921893220227 0.6500576591258242 0.2937778432020296 0.68728207909907 0.2994084664218081 0.6877985383631072
0 0.30374888515625 0.75472979609375 0.3025312821947191 0.7432365792805393 0.29693778430490236 0.7438291600789916 0.29815538726643326 0.7553223768922023
0 0.3102784099070411 0.787646987224033 0.30436222109374994 0.75864443984375 0.29859596553184076 0.7598206901986805 0.30451215434513185 0.7888232375789634
0 0.39749505909610294 0.09629527262731892 0.3884026404648933 0.09408392019306068 0.37008312556901035 0.16940827644381923 0.37917554420022 0.17161962887807744
0 0.36277341667892304 0.22920821452917273 0.34692765285267135 0.22535322879579076 0.29879826113997227 0.4231871578753461 0.31464402496622396 0.42704214360872805
0 0.308680519116757 0.4280782094917842 0.2969350019636149 0.4241808243068183 0.2008714665917203 0.7136866978485312 0.21261698374486238 0.7175840830334971
0 0.38522494750306785 0.30436548102637184 0.3809290006987701 0.3031550055792993 0.37593408402076733 0.32088183877735715 0.3802300308250651 0.32209231422442974
0 0.3801481403587133 0.3239636720640953 0.37568402332882 0.3228198634061954 0.37012311097577577 0.34452328675896843 0.37458722800566907 0.34566709541686835
0 0.3649676530381556 0.3898815215350927 0.3597937393421275 0.38842217910383925 0.354603663647722 0.40682293491249666 0.3597775773437501 0.4082822773437501
0 0.356155576183914 0.4198696399042392 0.35222516796738795 0.4189676844636045 0.34933920818972386 0.4315436937781154 0.35326961640625 0.4324456492187501
0 0.49283574113585793 0.14303741845324977 0.48728485859375 0.14122036718750008 0.4801295503197759 0.1630790106556665 0.48568043286188384 0.1648960619214162
0 0.4767671427887937 0.20592547066382982 0.4690030742187499 0.20310186562500004 0.4469094533362141 0.26385270900911934 0.45467352190625787 0.26667631404794906
0 0.452186646875 0.26858798750000007 0.44848593097181605 0.2675700004331716 0.44721163783750806 0.27220247271216 0.45091235374069194 0.2732204597789885
0 0.4501693499326017 0.2779291953153524 0.44304841854144683 0.2761565947881312 0.43344168983912557 0.3147489651119234 0.44056262123028045 0.3165215656391446
0 0.4386670452135588 0.32069243465275776 0.43306853957750197 0.3195529348290547 0.42654373734563944 0.351610107028107 0.43214224298169623 0.35274960685181006
0 0.4095889373207025 0.46347253322296195 0.40624587245067856 0.46214813593754844 0.40414029296875 0.46746307343750015 0.40748335783877393 0.46878747072291366
0 0.40424397985536703 0.49199941230881805 0.3977041553151285 0.49005984656876656 0.3853535291023463 0.5317036675157809 0.3918933536425849 0.5336432332558323
0 0.3890142860978233 0.5702736788529758 0.3798483454921354 0.5671454446582433 0.3581740250193121 0.6306526892427676 0.367339965625 0.6337809234375001
0 0.3522600181313277 0.6757787506209746 0.34610372193420674 0.6738746170522881 0.340846186615379 0.6908728703375636 0.3470024828125 0.6927770039062501
0 0.3464594221287457 0.6948251921415207 0.34054227914966084 0.6918504639983427 0.3381534515521652 0.6966021702943219 0.34407059453125 0.6995768984374999
0 0.3352418100946558 0.7294766229811299 0.332717775445183 0.7268509087169701 0.3243365997255273 0.7349075271420904 0.3268606343750001 0.7375332414062502
0 0.2820150578125001 0.8827964531250002 0.2755906063440836 0.8825018491928176 0.27428896770087585 0.91088678699984 0.28071341916929227 0.9111813909320226
0 0.28279176503933434 0.8413360664968879 0.2773909933732736 0.8412505092183009 0.2769418085937501 0.8696051328125 0.28234258025981085 0.869690690091087
0 0.27850315462253944 0.8236576836748458 0.2729440118667614 0.8223446421428289 0.26240895067582637 0.8669478840610807 0.2679680934316044 0.8682609255930978
0 0.28685262312351567 0.777779767021274 0.28140891796875006 0.7769638578125 0.2783235995508366 0.7975489469315757 0.2837673047056023 0.7983648561403498
0 0.29290967812500013 0.7360885750000001 0.2888900584209464 0.7356646578853293 0.2867655210937501 0.755809709375 0.2907851407978038 0.756233626489671
0 0.31462539964514685 0.6614068971936204 0.30997599640699736 0.660197608814265 0.30203953046875 0.6907112820312501 0.3066889337068995 0.6919205704106056
0 0.5376690144102761 0.2690649450173913 0.5318662943181701 0.2677467202122988 0.5300399585937501 0.2757861039062501 0.5358426786858561 0.27710432871134266
0 0.49962038740088754 0.32407251314754254 0.4921995480245953 0.3170978014876772 0.43099806444482425 0.3822139527186566 0.4384189038211165 0.38918866437852195
0 0.42741529511273413 0.41694352889526043 0.41916707578125 0.41034510546875 0.3845300759865748 0.45364235282987353 0.3927782953180589 0.46024077625638393
0 0.34001628671875006 0.5202622257812501 0.33710768510957506 0.5176819782690998 0.32116738125 0.5356507945312501 0.32407598285917494 0.5382310420434002
0 0.23305589800441667 0.6380824999330865 0.22828124095384564 0.6336320634662942 0.2105819515625001 0.65262077109375 0.2153566086130711 0.6570712075605423
0 0.2006814324249641 0.6729668099164453 0.19328451775638417 0.6669409026753147 0.0788960344938637 0.807354920997042 0.08629294916244365 0.8133808282381725
0 0.6719665290483028 0.22061132681149348 0.66601052265625 0.217197765625 0.6526176586969379 0.24056573209508336 0.6585736650889907 0.24397929328157675
0 0.6464935255480839 0.2679746401382897 0.6349220170799765 0.2642686188099116 0.613593770814153 0.33086294204951133 0.6251652792822605 0.33456896337788944
0 0.6010452265625001 0.3612472171875001 0.589059994909454 0.35523711605801067 0.4840784481005806 0.5645893600037531 0.49606367975362664 0.5705994611332426
0 0.48936395078125 0.5677554726562501 0.4826265146252721 0.56411894406586 0.4579167454122922 0.6098990028123641 0.4646541815682701 0.6135355314027542
0 0.4466422718707225 0.6519184744675354 0.4383891690789065 0.6475718531133218 0.3543441434976648 0.8071514849095 0.36259724628948076 0.8114981062637134
0 0.73102607890625 0.2153280312500001 0.7265946670841624 0.213700600549178 0.7219210125 0.22642672656250004 0.7263524243220876 0.22805415726332218
0 0.6710668996177305 0.34279829917134735 0.662594709628302 0.33974082819012275 0.641562834375 0.3980197273437501 0.6500350243644283 0.4010771983249747
0 0.6239894885465114 0.4395616004886394 0.6189177835485675 0.4383864731055005 0.6164590098458063 0.4489982374606112 0.6215307148437501 0.4501733648437501
0 0.6197115871839677 0.46095893526820275 0.6126337307708776 0.4577439251067094 0.5806018708467419 0.5282621797308072 0.5876797272598321 0.5314771898923007
0 0.574516583504494 0.5608514568840326 0.5681705591462036 0.5579749884548713 0.5061277403339739 0.6948529862969011 0.5124737646922641 0.6977294547260623
0 0.5125388140625 0.7000780437500002 0.505683346375411 0.6966841135368501 0.44152462563820266 0.8262795999598538 0.44838009332529183 0.8296735301730038
0 0.78134331953125 0.2672764273437501 0.7748098070160541 0.2646935375532832 0.7670460578793111 0.28433221990704344 0.7735795703945072 0.2869151096975104
0 0.7426412490287841 0.3743580420329779 0.7334589641019069 0.36952503269207315 0.6814317605744658 0.4683720600905687 0.690614045501343 0.47320506943147345
0 0.6916333708385037 0.4842435486496101 0.682252771342163 0.479052275951337 0.6576502290271102 0.5235089264613471 0.667030828523451 0.5287001991596203
0 0.658198027180178 0.5379271651698135 0.6453592635576555 0.5321557153857646 0.4884112358848861 0.8812913231980131 0.5012499995074087 0.887062772982062
0 0.8112151185393083 0.4808398084998058 0.8006258451374672 0.4728704590516948 0.739654138316909 0.5538866169581392 0.7502434117187502 0.5618559664062502
0 0.7250928015625 0.60345755546875 0.7201793358080391 0.6001451334907095 0.7102481490892891 0.6148765131782096 0.7151616148437501 0.6181889351562501
0 0.7143520956245062 0.620647184191366 0.707540840013487 0.6165950173404496 0.6511994571802384 0.7112988077010943 0.6580107127912574 0.7153509745520108
0 0.6118810234375001 0.7850972468750002 0.6057207391388331 0.7806289558692657 0.6004856055450831 0.7878464605567657 0.60664588984375 0.7923147515625001
0 0.5881040482251461 0.8327070516446046 0.581309334636903 0.8291131678378733 0.5557544069031388 0.8774281451874346 0.5625491204913818 0.8810220289941659
0 0.9054131225327902 0.31091923750149214 0.8999868644265208 0.31073592897650226 0.8996060336517712 0.3220091967021387 0.9050322917580406 0.32219250522712856
0 0.8775087272042674 0.3436255491533847 0.87441846171875 0.34137766171875017 0.8529778890624999 0.37085291953125016 0.8560681545480173 0.37310080696588477
0 0.84029319375 0.41153371406250006 0.8346256703316783 0.4081313738843212 0.820721662473139 0.43129228255894425 0.8263891858914608 0.4346946227371231