1 0.32423650661148407 0.2729988861643466 0.3180065553562458 0.21069934596654138 0.25065193165176824 0.2174348053481276 0.2568818829070066 0.2797343455459328
1 0.40371983388989774 0.18656387530182494 0.3341286360967223 0.16396160694825884 0.31328853658744615 0.22812717937190766 0.3828797343806217 0.25072944772547373
1 0.4997958429452963 0.21298228287103083 0.4942233318894303 0.155542554403868 0.40546964576403743 0.16415298677151674 0.4110421568199034 0.22159271523867957
1 0.6014384657011399 0.11221063742903906 0.5216264153553152 0.07303017599894035 0.49479953740317617 0.12767751948562528 0.5746115877490009 0.16685798091572396
1 0.632096804290424 0.27674333301148524 0.6257472366930675 0.2184767141200164 0.5452121113809364 0.22725297798875835 0.5515616789782929 0.28551959688022716
1 0.7414217741246272 0.19740388221679442 0.7181861438984509 0.16545489132707866 0.6649238676245967 0.2041910930674001 0.688159497850773 0.23614008395711586
1 0.8548508693427767 0.17939933638073086 0.7837427492691391 0.1341487158195828 0.7468289140323854 0.19215617286310582 0.8179370341060229 0.23740679342425391
1 0.8638867433931671 0.3052238104960767 0.8424705785362226 0.24811402698486482 0.7754437586781939 0.2732490797842585 0.7968599235351382 0.3303588632954704
1 0.9847501491204861 0.3028809120635728 0.9035449387810889 0.29739407145426994 0.8982642068521052 0.37554887447734864 0.9794694171915024 0.3810357150866515
0 0.28852922500000006 0.26645246484375 0.2833824292425472 0.26609120627312516 0.28193661953125004 0.28668943671875 0.2870834152887029 0.2870506952893749
0 0.27552979938380806 0.6862802418936597 0.2747721595598709 0.5377317322017704 0.26483939052606575 0.5377823921605784 0.2655970303500029 0.6863309018524677
0 0.27962753545330393 0.7049368218931505 0.27280576609442614 0.7007594405554423 0.182281374818078 0.8485880606207719 0.1891031441769558 0.85276544195848
0 0.24388581164424455 0.7783606672618444 0.23829304770328932 0.776200860863989 0.21607778912401834 0.8337267100533025 0.22167055306497357 0.8358865164511577
0 0.2451362679687501 0.7789172539062501 0.23907078595008927 0.7786746572287161 0.23768345078125014 0.8133612679687501 0.243748932799911 0.813603864646284
0 0.2417119718750001 0.8192028171875 0.23558020500682061 0.8184953691398299 0.23223272129150918 0.8475094993009312 0.23836448815968864 0.8482169473486012
0 0.23637296280329112 0.8495687855613486 0.2301533638490537 0.8487713796318619 0.2260745254467377 0.8805854634296629 0.23229412440097513 0.8813828693591497
0 0.27947957950460905 0.8795299311851131 0.27324205488333975 0.8793287396110978 0.27187281588954215 0.9217791353496798 0.27811034051081146 0.9219803269236951
0 0.2790046992003728 0.8569586225121091 0.27837183125 0.8238355632812502 0.27249779240191285 0.8239477959980498 0.2731306603522856 0.8570708552289087
0 0.2546374168731095 0.7480377320408147 0.25108657925784034 0.7468922895965833 0.2441249406977148 0.768473162723549 0.24767577831298393 0.7696186051677805
0 0.30284190156250007 0.55612746484375 0.2979346281186058 0.5548359797083338 0.29438591562500005 0.5683200703125 0.2992931890688943 0.5696115554479164
0 0.30909591586551816 0.5220906837595786 0.30387514030374996 0.5212662300041637 0.30194718225073186 0.5334748423383352 0.30716795781250006 0.53429929609375
0 0.29438591562500005 0.59270457734375 0.2868437024674283 0.5909014796403318 0.27071835012367823 0.6583525358903317 0.27826056328125004 0.66015563359375
0 0.3219997225305512 0.5753211009014626 0.31251867948474005 0.5720436993354954 0.2712059093848415 0.6915554966465578 0.28068695243065267 0.694832898212525
0 0.3410301755614752 0.5109324074453792 0.33666549296875004 0.5093246476562501 0.3293002398829611 0.5293195449984541 0.33366492247568624 0.5309273047875831
0 0.36478661953124997 0.42968133828125 0.35974317973169295 0.4283708459822382 0.35325374301294293 0.4533454936384881 0.35829718281249995 0.4546559859375
0 0.3716693664062501 0.40765633828125003 0.36810011598630205 0.4062421434191153 0.363970538642552 0.41666467857536527 0.36753978906250007 0.41807887343749994
0 0.413359189217272 0.31408635700715165 0.40490352109375005 0.31031443671875003 0.37088306390772807 0.3865794883053485 0.37933873203125 0.3903514085937501
0 0.42633838046875 0.27531056328125003 0.42167255231937284 0.2728899281878202 0.40810353825687284 0.29904450553157025 0.41276936640625 0.30146514062500007
0 0.3578230656602273 0.23291894011931827 0.3505104127181247 0.23115015934058653 0.3370222064328975 0.2869143176587683 0.3443348593750001 0.28868309843750006
0 0.32291936640625013 0.6764725351562502 0.3155595539264751 0.6729861714465141 0.30655281718750016 0.6919996476562502 0.3139126296672752 0.6954860113659864
0 0.37261107508089814 0.5838274139711656 0.36609465858390455 0.5787901867827231 0.2817180071531288 0.6879441682839206 0.2882344236501223 0.692981395472363
0 0.41985774609375 0.64353028203125 0.41461232421874994 0.6393338031250001 0.4060760040226422 0.6500038438160138 0.41132142589764226 0.6542003227222637
0 0.3827190140625001 0.6926292250000001 0.37722587806832775 0.6887991341965053 0.34533256791207767 0.7345406841965054 0.35082570390625 0.7383707750000001
1 0.7747147114011341 0.22254292226396016 0.769399609930437 0.2079263899027944 0.7605222577348911 0.2111545172413829 0.7658373592055883 0.22577104960254862
0 0.6970187859327373 0.24457578470234242 0.6920390157600882 0.24152357650848016 0.6813299296875 0.25899577500000004 0.6863096998601489 0.26204798319386235
0 0.67020035234375 0.28667007031250014 0.6631429382980273 0.2824260210417838 0.6277291609333305 0.34131546219653364 0.6347865749790532 0.34555951146724995
0 0.5354741690240401 0.14684218689675932 0.5306830852953529 0.14494103360393992 0.523286971875 0.16357992968750004 0.5280780556036873 0.16548108298031944
0 0.5128736756406505 0.20476136841773257 0.5059566898437499 0.2011992960937501 0.4793847751405996 0.25279778705101763 0.4863017609375001 0.2563598593750001
0 0.47665308863761363 0.2759199782514506 0.471507681314152 0.27395079171621733 0.45761192890195473 0.31025984875446355 0.46275733622541637 0.3122290352896968
0 0.46122570390625006 0.3162721828125001 0.4533905522144207 0.31425927311540186 0.444141679968418 0.3502600520526029 0.4519768316602474 0.35227296174970113
0 0.4162069166047542 0.4519019139130548 0.4105097368546188 0.44981030974697866 0.3910070785925465 0.5029322873785922 0.3967042583426819 0.5050238915446683
0 0.39429223649323764 0.5088964408256577 0.3920057046378441 0.5054117037228084 0.39026232421875007 0.5065556335937501 0.3925488560741436 0.5100403706965994
0 0.3933333702938996 0.5117561190799458 0.38848873203125 0.5100179578125001 0.37324161982672815 0.5525150175297999 0.37808625808937774 0.5542531787972457
0 0.2940281686940987 0.7394320177468882 0.28935628720244533 0.7376321827027599 0.2833622731958467 0.7531910102683717 0.2880341546875001 0.7549908453125
0 0.3379517609375 0.75828626796875 0.3322812227479674 0.7547142686997519 0.3127534055604674 0.7857146202622521 0.31842394375 0.7892866195312501
0 0.4756330020522751 0.43620849035593245 0.46875060279071123 0.43123197358386134 0.3806246429259362 0.553107990259179 0.38750704218750004 0.5580845070312501
0 0.5367923345384885 0.33385523163684805 0.5302850091176956 0.32937751640211943 0.48024389330636535 0.4021007263280957 0.48675121872715826 0.40657844156282436
0 0.5610050379206731 0.4396072317908654 0.5568797130408654 0.43685701520432707 0.5479281962139424 0.45028429044471163 0.55205352109375 0.45303450703125014
0 0.5454611227716234 0.4691869392174552 0.5395272946717907 0.4645805765123317 0.47479081955641733 0.5479728622948766 0.48072464765625006 0.552579225
0 0.7141496203240257 0.3147114483401025 0.707036628338742 0.3101815669890871 0.63994929609375 0.4155246476562501 0.6470622880790338 0.4200545290072655
0 0.6250027889834927 0.4419501987222483 0.6155818837190845 0.43526311543010526 0.5568262676537983 0.5180392778495826 0.5662471729182065 0.5247263611417254
0 0.550416196875 0.5494781687500001 0.5450709279871807 0.5458227867216329 0.5077385342371807 0.6004139843778828 0.513083803125 0.60406936640625
0 0.5089566898437501 0.6095098593750002 0.5004432710146793 0.6041186248571361 0.4150067431315486 0.7390333540829815 0.42352016196061937 0.7444245886008456
0 0.39864823906249996 0.7751598593750001 0.39760302366083244 0.7690976882182435 0.39333755364907896 0.7698331235658034 0.39438276905074654 0.7758952947225598
0 0.6735404929687501 0.3823584507812501 0.6670945243569346 0.38123756984212315 0.6645971828125001 0.39559929609375005 0.6710431514243155 0.3967201770328771
0 0.6695510208598804 0.39911840920669006 0.666244626716066 0.39648359954529067 0.6542992793820634 0.4114736867039956 0.6576056735258777 0.414108496365395
0 0.6186204551084823 0.4769045902049431 0.6130518592851784 0.4734291963129569 0.583000065895446 0.5215809443892636 0.5885686617187499 0.5250563382812499
0 0.5654418387846312 0.5665415493753372 0.5584277692982187 0.5621876140962279 0.4385687520417642 0.7552771805956823 0.4455828215281768 0.7596311158747916
0 0.42956443671875 0.7782137320312501 0.42438860525158295 0.774688406853515 0.397153810657153 0.8146741385964944 0.40232964212432004 0.8181994637742294
0 0.8044658453125002 0.30317640859375017 0.7997676626678636 0.3002948902365035 0.7897201275116135 0.3166769324240034 0.7944183101562501 0.31955845078125006
0 0.7473318574258492 0.41013838881937853 0.7395740219951545 0.40479470646914084 0.6808559016290616 0.4900403263888199 0.6886137370597561 0.4953840087390577
0 0.6872132534575626 0.5067635567705466 0.6796353434911551 0.5005503765454598 0.647845768948488 0.5393225552088203 0.6554236789148954 0.5455357354339073
0 0.6476045429933481 0.5576149304998556 0.6367730137375043 0.5509288305013934 0.436125333035058 0.8759794914465895 0.4469568622909019 0.8826655914450516
0 0.5438084507812502 0.84349929609375 0.5375155068899631 0.8393377989752873 0.5098412107962129 0.8811863903815373 0.5161341546875 0.8853478875
0 0.5758726214811685 0.7950617578116016 0.5705539411369569 0.7916864894072709 0.5613573759057886 0.8061782526894195 0.5666760562500001 0.8095535210937502
0 0.6935658932828961 0.6522631982684853 0.686124807617003 0.6465546598260529 0.6217597087460174 0.7304546316704389 0.6292007944119105 0.7361631701128714
0 0.7104667068024839 0.6294832202841356 0.7057261299050863 0.6258404005793918 0.6953125918526023 0.6393920396702562 0.70005316875 0.643034859375
0 0.8098609087187787 0.5131361932676255 0.8011441072242352 0.5062742411195291 0.735838120252616 0.5892330424272247 0.7445549217471595 0.5960949945753211
0 0.8490559859375001 0.4543454226562501 0.8442575875891839 0.45030306623700866 0.8267098593749997 0.4711327460937501 0.8315082577233159 0.47517510251299155
0 0.9255183041588826 0.3701258728405899 0.9242852109375003 0.35934119687500005 0.9177926533746943 0.36008353987590935 0.9190257465960766 0.3708682158414992