1 0.3820851995740918 0.1790730158159057 0.31479809973748696 0.17188939295262332 0.30815167810926786 0.23414467057027416 0.37543877794587266 0.24132829343355655
1 0.47099082104746187 0.17339543387642217 0.40761963368861387 0.13681825648226678 0.37389416797673636 0.19524875764863883 0.43726535533558436 0.2318259350427942
1 0.5676202028777076 0.16582944835810048 0.48062594462351516 0.15056109004924903 0.4704043129413794 0.20880070221629216 0.5573985711955719 0.22406906052514355
1 0.6798477334402386 0.141775009207075 0.6099258444655351 0.08685687594715574 0.5723233765010016 0.13473242149323583 0.6422452654757052 0.1896505547531551
1 0.6813358101942034 0.25055734649361694 0.6007339956534543 0.2427599686093119 0.595077134629652 0.30123517269568467 0.6756789491704012 0.3090325505799897
1 0.7990593996492874 0.25421074291842743 0.7829740924968205 0.21812895444809205 0.7228220152700903 0.2449448269164523 0.7389073224225573 0.2810266153867877
1 0.9138070015127733 0.2607154005706868 0.8543262991708863 0.20109382627763947 0.8056553459382603 0.24964978133673515 0.8651360482801472 0.3092713556297825
1 0.896982225916147 0.3848189024459322 0.8870285628045365 0.3246769474754953 0.816436089289185 0.3363602008704422 0.8263897524007955 0.3965021558408791
1 1.0076879605136249 0.3999279933396299 0.9303113744542244 0.38843208780694266 0.9185948205770247 0.4672938126898563 0.9959714066364251 0.47878971822254357
0 0.34170763203125 0.22758879218750003 0.33674841573715253 0.22616534889608544 0.3310515875000001 0.24601285781250004 0.33601080379409753 0.2474363011039146
0 0.2718490600566924 0.4900797025039312 0.26212281325095493 0.4880641166437652 0.23197892493217998 0.6335240066277338 0.24170517173791742 0.6355395924878998
0 0.24183444092981993 0.6546404486212903 0.2360302705129782 0.6491360279838861 0.11674875651356413 0.7749131588461056 0.12255292693040584 0.7804175794835098
0 0.19160808433902526 0.7190286852451265 0.18658658444942136 0.7157532745904679 0.15289648606414916 0.7674032333770916 0.1579179859537531 0.7706786440317502
0 0.1927154945312501 0.71983309296875 0.18683299631590117 0.7183347129414981 0.17826422578125006 0.7519748953125 0.18414672399659898 0.7534732753397517
0 0.1809901875000001 0.7585263687500002 0.17513950047004756 0.756559514085881 0.16583279112244878 0.7842436356759807 0.17168347815240131 0.7862104903401
0 0.16945440891664587 0.7871187256091351 0.16353651286823193 0.7850456175120819 0.1529322870934235 0.8153164489744785 0.15885018314183746 0.8173895570715317
0 0.20538976985840735 0.8253875184954527 0.19933038027150327 0.8238938692097737 0.18916512921696182 0.8651319409436958 0.19522451880386588 0.8666255902293749
0 0.21588573906250014 0.7706798921875 0.21011672708915197 0.7695683909058192 0.2038490941058579 0.8020992123462551 0.20961810607920608 0.8032107136279361
0 0.20842923398414687 0.6916037635041198 0.20519414184059692 0.6897450911318177 0.1938977157964422 0.709406963600699 0.19713280793999216 0.7112656359730012
0 0.29548072265625 0.51390947109375 0.2909491990138459 0.5116259284341342 0.28467453515625 0.524077540625 0.28920605879865413 0.5263610832846158
0 0.3086747167038978 0.48191675837050757 0.3037394413462538 0.4800248606423117 0.2993153004236061 0.4915658405530542 0.3042505757812501 0.49345773828125006
0 0.27960471093750006 0.54792918828125 0.272602198310936 0.5445973783050013 0.24280536081093604 0.6072218173675011 0.24980787343750005 0.61055362734375
0 0.31022931790241015 0.5366668147581819 0.3016368679680421 0.531489812370664 0.23637898211178032 0.6398005827876464 0.24497143204614838 0.6449775851751645
0 0.34229017988771676 0.4777254110649031 0.33829604062500007 0.47516172812500007 0.3267999719336122 0.4930722499810668 0.3307941111963289 0.49563593292096986
0 0.382361428125 0.40310552734375005 0.3777006661042308 0.4007750822008802 0.36616051766673074 0.4238547439196303 0.3708212796875 0.4261851890625
0 0.3936730257812501 0.3829928296875001 0.3904757992346616 0.3808674492294051 0.3842694961096616 0.39020363985440515 0.38746672265625004 0.3923290203125001
0 0.4539061186894626 0.30013537885175856 0.44641945312500003 0.29468785156250005 0.3972860289667875 0.36221307817949155 0.40477269453125003 0.36766060546875007
0 0.47466362421874997 0.26490545468750004 0.47060303407483123 0.26156763623108803 0.4518926934498312 0.28432951669983797 0.45595328359375 0.28766733515625004
0 0.4164592473034358 0.20919505512924394 0.40967414362973226 0.20594454047197921 0.38488666663879634 0.2576857626864853 0.39167177031249995 0.26093627734375
0 0.2906500092573577 0.6362991058884173 0.28540131625996945 0.6315418475994354 0.2708611312500001 0.6475840640625001 0.2761098242473883 0.652341322351482
0 0.35796612962265645 0.5555099373803093 0.35263941051086145 0.5492279460541685 0.24741220193049623 0.63845375900514 0.25273892104229123 0.6447357503312808
0 0.39176742265625003 0.62373128984375 0.38775401645587076 0.6183531779379595 0.37679137973712074 0.6265340255942096 0.3808047859375 0.6319121375000001
0 0.3452320171875 0.6640357265625 0.34065524010392695 0.6591472452750754 0.29994867213517684 0.6972582405875754 0.30452544921874997 0.702146721875
1 0.8263981057011455 0.2857224254896953 0.8242381004535903 0.27032022779495346 0.8148835746627064 0.2716321071252387 0.8170435799102614 0.2870343048199805
0 0.7458191330278645 0.2911199253028153 0.7415827720984101 0.28709906253128253 0.7274750312499999 0.30196290781250007 0.7317113921794542 0.3059837705840328
0 0.7108348523437499 0.32671848437500006 0.704814047395493 0.3210998590131721 0.6579303426841552 0.3713394858152001 0.6639511476324121 0.37695811117702804
0 0.6081246114312122 0.16193502717702138 0.603833496562651 0.159079296274918 0.5927237609374999 0.1757731492187501 0.5970148758060613 0.17862888012085348
0 0.5739759177299089 0.21388962887720925 0.5679506812499999 0.2089672742187501 0.5312314971138412 0.25391360237279104 0.5372567335937501 0.2588359570312501
0 0.52375213072511 0.2759625682082544 0.519128580180108 0.2729666231254978 0.4979874061904825 0.30559315125657316 0.5026109567354845 0.30858909633932974
0 0.5002721765625001 0.31222544687500015 0.49302674891586734 0.3086275043385743 0.47649500402445677 0.3419186312175192 0.4837404316710895 0.34551657375394507
0 0.4280381511088275 0.4355314111997101 0.4229003379916111 0.43230100360489015 0.3927791786759016 0.4802073073438281 0.39791699179311807 0.48343771493864807
0 0.3947525309137329 0.4867241520414135 0.393240482668553 0.4828401679461004 0.3912973624999999 0.4835966312500001 0.39280941074517994 0.4874806153453132
0 0.3932200574348639 0.4893219804771549 0.38884267031249997 0.4866145453125002 0.3650931085164591 0.5250128890013809 0.36947049563882295 0.5277203241660355
0 0.24874843188673745 0.691375901892114 0.2445528488236537 0.6886440586318716 0.23545495599941627 0.7026166629897579 0.23965053906250003 0.7053485062500002
0 0.2877921687500001 0.7189503703125 0.2829882058855473 0.714277456700569 0.2574417832292972 0.7405403145130689 0.26224574609375 0.745213228125
0 0.4894284804916227 0.4325363044590718 0.4837311536994607 0.4262376046841532 0.372191508364088 0.5271279205375814 0.37788883515624994 0.5334266203125
0 0.5705317734631045 0.3451354499669221 0.5650976181399825 0.3394026345946851 0.5010300152091351 0.40013253480957356 0.5064641705322572 0.4058653501818106
0 0.572228294200346 0.4536106197660672 0.5687649195914231 0.45006279836320573 0.5572173269535771 0.4613355301596386 0.5606807015624999 0.46488335156250005
0 0.550874083955755 0.4793121771255313 0.5460276410498881 0.47357276248831814 0.4653675820941331 0.5416832572377869 0.47021402500000004 0.547422671875
0 0.7481038798414936 0.3634076003468276 0.7421053712788688 0.35749800991040287 0.6544544812499999 0.44646773125000017 0.6604529898126248 0.45237732168642497
0 0.6343404100749026 0.46920826717850517 0.6265156971223391 0.4607085964825385 0.5518339001451804 0.5294599216844886 0.5596586130977439 0.5379595923804553
0 0.5390273921875 0.55887906875 0.5345589272817927 0.5541922220546772 0.4866921874380427 0.5998286298671772 0.49116065234375006 0.6045154765625
0 0.4859925843749999 0.60897900703125 0.4787861047970633 0.601935544611748 0.3671662210605057 0.716138810666233 0.37437270063844236 0.7231822730857351
0 0.343892088115939 0.7419277296881062 0.33956692332299576 0.7417602526607718 0.33932890161330687 0.7479072635976658 0.3436540664062501 0.7480747406250001
0 0.6942072703125 0.4210102984375001 0.6881352063553049 0.4185737191361717 0.68270646640625 0.4321023804687501 0.688778530363445 0.4345389597700784
0 0.6868203863535148 0.43657455322092054 0.6841340524657479 0.43330988249131347 0.6693331256832371 0.44548882318068594 0.672019459571004 0.44875349391029296
0 0.6208301197876293 0.5020718603602855 0.6161057863003216 0.4975146359102447 0.5766993844814423 0.5383660325812094 0.58142371796875 0.5429232570312502
0 0.5501770117404957 0.5786935797785673 0.5442214504479208 0.5729764813069836 0.3868360621891897 0.7369264868892624 0.3927916234817646 0.742643585360846
0 0.37325973515624994 0.7574897171874999 0.36892996405039097 0.7529653126993912 0.3339768142550937 0.7864148281969978 0.33830658536095265 0.7909392326851068
0 0.83873446171875 0.3707794851562501 0.8347380471176162 0.366984127724861 0.8215040564926163 0.38091918241236106 0.82550047109375 0.3847145398437501
0 0.7605788933873578 0.4634799852036946 0.754125113372699 0.4566913117517581 0.6791073533407678 0.5280083553341735 0.6855611333554266 0.5347970287861099
0 0.6809354773524712 0.5439203617711955 0.6739611165416529 0.5370630088293131 0.6390956109375 0.5725234289062502 0.6460699717483183 0.5793807818481326
0 0.6324002124514871 0.5870446171393161 0.6231954963936771 0.5782526227796569 0.35935061577416294 0.8544831468292177 0.368555331831973 0.8632751411888769
0 0.4714336117187501 0.8451013015625002 0.4661434077625235 0.8397223665549127 0.43037304995002346 0.8749026556174127 0.43566325390625005 0.880281590625
0 0.5128678336272626 0.8043887555061143 0.5083671372839179 0.7999814292176474 0.49635853178165534 0.8122444393365331 0.5008592281250001 0.8166517656250001
0 0.6576787149254846 0.6891804944028136 0.6515871068049027 0.682049612576571 0.5711847547533236 0.7507339117426037 0.5772763628739054 0.7578647935688464
0 0.6789464290824168 0.670412190205645 0.6750668299582875 0.6658633534286525 0.6620633086883708 0.6769537600980078 0.6659429078125001 0.6815025968750001
0 0.8003585374596824 0.57727284276413 0.7932588982905094 0.5687485143095584 0.7121318965523222 0.6363165863620968 0.7192315357214951 0.6448409148166683
0 0.8509203953124999 0.5279159046875002 0.8470673064281418 0.5229642402584627 0.8255723046875 0.5396903640625001 0.8294253935718581 0.5446420284915374
0 0.9442581703125003 0.45062878515625016 0.9377531493334648 0.45000502780574275 0.9367170366512486 0.4608104070593534 0.9432220576302841 0.46143416440986085