1 0.7352547737067308 0.21492908319432816 0.6912422535276317 0.15625657370962015 0.6340272923648678 0.19917573048062615 0.678039812543967 0.2578482399653341
1 0.6283877393800171 0.28727878427026965 0.6210818564916202 0.22359585555364073 0.548708532332512 0.231898724803 0.556014415220909 0.29558165351962895
1 0.5337090494682328 0.3117464372255383 0.46055420385681833 0.2850367831443191 0.4323938857297834 0.3621648402388541 0.5055487313411978 0.38887449432007337
0 0.6499061643117465 0.7796514851121348 0.5282998607820558 0.38904707151125845 0.5059947215669098 0.39599129803615546 0.6276010250966004 0.7865957116370318
0 0.6875632412092398 0.9898996752482944 0.6477741647446269 0.8013675723575044 0.6373185575578357 0.8035741936567968 0.6771076340224487 0.9921062965475868
0 0.7759516321943083 0.9005809036343019 0.7662492375000002 0.9004115476562502 0.7656466376871133 0.9349344578871909 0.7753490323814213 0.9351038138652426
0 0.7745788634533222 0.8818475931893197 0.7660480484374999 0.8214097367187503 0.7553776871595113 0.822915860256716 0.7639085021753336 0.8833537167272854
0 0.769962855489216 0.8181039750783203 0.745413128188447 0.7161192568553303 0.7331575335070507 0.7190694195128293 0.7577072608078195 0.8210541377358194
0 0.7382193287987239 0.6792350866538236 0.7030295376433211 0.5766246179807777 0.6912878916570973 0.5806513617957042 0.7264776828125 0.68326183046875
0 0.6935136999999999 0.5416181257812501 0.6669610890625 0.4723135296875001 0.6580206176224637 0.47573888490382643 0.6845732285599636 0.5450434809975764
0 0.6665530734375001 0.46982363515625 0.6617780921875 0.45890624296875 0.6545573229747008 0.46206441820048455 0.6593323042247008 0.4729818103879845
0 0.63593676953125 0.37471707421875 0.60250250390625 0.2858809515625 0.5956407683054417 0.28846342684244514 0.6290750339304416 0.37729954949869515
0 0.657890040625 0.44890693437500007 0.6376840566928501 0.3828070603681846 0.6301216824742595 0.38511879264068466 0.6503276664064094 0.4512186666475001
0 0.7368463561550885 0.3124763516621551 0.732613003882512 0.3051335059583246 0.7270805703836736 0.30832310585866957 0.7313139226562501 0.31566595156250005
0 0.7570302659250434 0.3746479497433441 0.7484020453125 0.3453063710937501 0.7413748774342008 0.3473727887006358 0.7500030980467443 0.37671436735022984
0 0.8011717027104677 0.5680279880934739 0.7592366783325558 0.3897398426748713 0.7486830262639946 0.3922221594645378 0.7906180506419065 0.5705103048831404
0 0.8235305966483812 0.7361009292636786 0.8045321268015195 0.593315137290785 0.7934292114031383 0.5947924439646062 0.81242768125 0.7375782359374999
0 0.8266957617090067 0.8670104405677463 0.8265785766312259 0.7677561434874071 0.8140678573331754 0.7677709143301531 0.8141850424109563 0.8670252114104923
0 0.7389018355837236 0.7234861646329509 0.6169869750534801 0.6782455273537241 0.6140541706085089 0.6861488741316291 0.7359690311387524 0.731389511410856
0 0.6093604952186229 0.6759413589661041 0.5370928307962911 0.6456306884885699 0.5341511573330535 0.6526443199039125 0.6064188217553852 0.6829549903814468
0 0.5011315302140263 0.6274136455574724 0.17457772348389633 0.5305334440890599 0.17031994474573026 0.5448851262087144 0.49687375147586027 0.6417653276771269
0 0.14024679218750008 0.5312015453125001 0.10106205192137767 0.5223216642985442 0.09969433268883528 0.5283570743226115 0.1388790729549577 0.5372369553365675
1 0.1324254530613201 0.5043893906713589 0.06807298631125254 0.4713921536326552 0.030389953181448482 0.5448830381477144 0.09474241993151603 0.5778802751864183