1 0.3716693601255262 0.19927845612976453 0.3157700294596266 0.15269568287163798 0.26959131896828537 0.20811013819348828 0.32549064963418495 0.2546929114516148
1 0.45940843228416045 0.2414032813103959 0.3899426735415086 0.21979171059183006 0.3709767833719969 0.2807534966652101 0.4404425421146487 0.3023650673837759
1 0.5701807432349645 0.3632524153510453 0.5420847955295487 0.28544825275115665 0.4694635392224697 0.31167259539973624 0.49755948692788543 0.3894767579996249
0 0.49584327473974266 0.3960477900231858 0.47898558736003355 0.39001558241659745 0.3411022873397066 0.775346081334873 0.35795997471941576 0.7813782889414613
0 0.35402567625181025 0.8002245678269675 0.3449365151514759 0.7983160792419277 0.30533418387130834 0.9869218543960685 0.31442334497164276 0.9888303429811083
0 0.22680316875000012 0.8957038734375 0.21709929609375006 0.8957038734375 0.21709929609375006 0.9302320421875001 0.22680316875000012 0.9302320421875001
0 0.24009968980258423 0.8191042560288165 0.2283830984375001 0.81671760546875 0.21625983777805322 0.8762333525730016 0.22797642914313734 0.8786200031330681
0 0.26141962724760814 0.7143602317265975 0.24984233660038752 0.711574720874584 0.22529281237069343 0.8136087793858648 0.23687010301791406 0.8163942902378784
0 0.30623760596177296 0.5768701669988618 0.2947723399875789 0.5728533780887947 0.2588931848070559 0.6752645493711829 0.27035845078125 0.6792813382812499
0 0.34250380765018673 0.47335420589666805 0.33354753515625 0.4694038734375 0.30361207674438717 0.5372741414564148 0.3125683492383239 0.5412244739155829
0 0.34605631861597774 0.45907568153123124 0.3386210826836662 0.4559447991336635 0.33399894375 0.4669214789062501 0.34143417968231154 0.470052361303818
0 0.40805604707661114 0.28685950894717704 0.40125 0.2841246476562501 0.36585941574309366 0.3721985778845858 0.3726654628197048 0.37493343917551275
0 0.3721382867179729 0.38297041875262083 0.3645554112040109 0.38044273232950393 0.34268703765754016 0.44604626320230345 0.35026991317150213 0.44857394962542035
0 0.27600035234375 0.30420985937500006 0.27040296705710365 0.30115683621438505 0.2663409951821036 0.308604019026885 0.27193838046874996 0.31165704218750007
0 0.26126480512214434 0.34357168367006413 0.2543355632812501 0.34099471796875 0.24379575815910576 0.369335358517436 0.250725 0.3719123242187501
0 0.25039673436512183 0.38716814102484787 0.24036959099939606 0.3847990767581352 0.19827465224587154 0.5629673062079573 0.20830179561159734 0.56533637047467
0 0.20454340514453379 0.5895732520335264 0.19356955593768227 0.5879508611500553 0.17249974219939856 0.7304670458352791 0.18347359140625005 0.73208943671875
0 0.18151371551313042 0.7626380908463511 0.1705449263508053 0.7619033253164418 0.16392909833767494 0.8606662907200906 0.17489788750000007 0.8614010562500001
0 0.38270101204044493 0.6841438703636642 0.3799618452541299 0.676289727640755 0.25719252305743495 0.7191060682145907 0.25993168984375 0.7269602109375
0 0.46311388209153553 0.652099430305479 0.4603918236917687 0.6449834945869526 0.3872818150377332 0.6729502611564737 0.39000387343750004 0.6800661968750001
0 0.8283189587904916 0.5485826982547356 0.8243157859366169 0.5345955397880714 0.496859823318564 0.6283145623841312 0.5008629961724386 0.6423017208507954
0 0.8997305646165199 0.5353433482777442 0.8985071761241296 0.5292986510637678 0.8591126605291762 0.5372717215644236 0.8603360490215664 0.5433164187784001
1 0.9689436601510412 0.552676060119792 0.9321126787552085 0.4790140837083333 0.8671831013229173 0.5114788664218745 0.90401408271875 0.5851408428333331