1 0.682178680562725 0.1784083899962257 0.6286464351335352 0.12826993965825118 0.5797535301615131 0.1804723306588757 0.6332857755907028 0.2306107809968502
1 0.5894985894264632 0.2682162005327351 0.5712452750934014 0.20676941204173227 0.5014132425812148 0.2275136375946783 0.5196665569142764 0.2889604260856811
1 0.5005070447874164 0.30875291575253894 0.4238255013530544 0.2951522487315505 0.4094861505450599 0.37599854473357364 0.48616769397942183 0.3895992117545621
0 0.6961897247682456 0.7493720169993696 0.5086031456332523 0.3858184777001764 0.4878427270547542 0.39653045126549513 0.6754293061897476 0.7600839905646883
0 0.769783920804257 0.9498869832481471 0.6978610727506359 0.7711284080192536 0.6879474848832823 0.7751171032353399 0.7598703329369034 0.9538756784642335
0 0.8467208457752464 0.8806797512905684 0.8413194509740259 0.8465766823069474 0.8317350484375 0.84809470234375 0.8371364432387205 0.8821977713273709
0 0.8367145323768744 0.8283663515219744 0.81781839609375 0.7703280414062501 0.8075716771112145 0.7736641722819216 0.826467813394339 0.8317024823976459
0 0.8210996884485102 0.7663927032369916 0.7792134664404488 0.670220377288986 0.7676563520877346 0.6752538820189438 0.809542574095796 0.7714262079669494
0 0.7657240879901495 0.6351457505162154 0.7132507877670585 0.5402048086180323 0.7023867607144092 0.5462092924768169 0.7548600609375 0.6411502343750001
0 0.6978007039062499 0.5073825515625 0.6596168703125 0.44374166015625 0.6514070311098548 0.4486674732147778 0.6895908647036046 0.5123083646210278
0 0.6587826867187501 0.44136044375 0.6521844640625 0.43143807812499996 0.6456218052752185 0.43580214668808315 0.6522200279314685 0.4457245123130832
0 0.6121164328125002 0.35301523125 0.5637638781250001 0.27133452812500003 0.5574548296562334 0.2750692977761046 0.6058073843437335 0.3567500009011046
0 0.6466191179687499 0.42226583515624994 0.6152419858429721 0.3606788988286688 0.6081959290374307 0.3642687032342209 0.6395730611632087 0.42585563956180206
0 0.7006849882625346 0.2741973195524317 0.6952408784603156 0.2677011418512253 0.6903463628540308 0.27180298167379363 0.6957904726562498 0.27829915937500005
0 0.7313582436219728 0.33191949155439365 0.7177659937499999 0.30452195234375 0.7112044132331926 0.3077772316319303 0.7247966631051653 0.33517477084257397
0 0.8084091633576449 0.5146965727996379 0.736151815655752 0.3463989658261081 0.726189547993231 0.35067619264670885 0.7984468956951238 0.5189737996202386
0 0.8596139352328838 0.6763335276288254 0.8161096028768583 0.5390160216865612 0.8054318981127245 0.5423988854639858 0.84893623046875 0.6797163914062501
0 0.885463212165139 0.8047046038961703 0.8681124822760656 0.7069785513508362 0.8557943922063174 0.7091655613444132 0.8731451220953907 0.8068916138897473
0 0.7740803455128088 0.6786060397268765 0.6461616909024973 0.6552230022224224 0.6446458440909759 0.6635155555182979 0.7725644987012874 0.6868985930227521
0 0.6382509597797871 0.6542781643317325 0.5618178111052592 0.6369771285040947 0.5601387324822827 0.6443950234385218 0.6365718811568106 0.6616960592661595
0 0.5232394871729328 0.6252814598312408 0.18482369626851308 0.58657855501511 0.18312274614521512 0.6014515570287713 0.5215385370496348 0.640154461844902
0 0.15113034375000006 0.5931980125 0.11099893249975641 0.5912573952961344 0.11070002987689713 0.597438616434362 0.1508314411271408 0.5993792336382275
1 0.1387719453149639 0.5681513551012559 0.06966722726398493 0.5468301097065922 0.04531824296406391 0.6257480933293913 0.11442296101504286 0.6470693387240551