1 0.39335721993068945 0.17515334860681012 0.32636181481807425 0.16562581540761112 0.3175467636136372 0.22761121227606368 0.3845421687262524 0.23713874547526265
1 0.48240682808856317 0.1725819877863845 0.4203507694573972 0.13381546841587216 0.38460665294515534 0.1910333725770111 0.4466627115763212 0.22979989194752343
1 0.5779401699363087 0.16486250414463516 0.48992672786385516 0.1510948381040048 0.48097896042919785 0.20829580509898418 0.5689924025016515 0.22206347113961455
1 0.6922400473275423 0.1482698254274934 0.6242773684118917 0.09094490779971331 0.5850269735972661 0.13747898216890525 0.6529896525129166 0.19480389979668536
1 0.6867379846341785 0.253783632274727 0.6066511665637222 0.24884944024846245 0.602916295529665 0.3094700921057446 0.6830031136001212 0.31440428413200916
1 0.8074551420566743 0.26479749384022633 0.7926388699799751 0.22817631650371042 0.7315875756225707 0.2528765761245829 0.7464038476992699 0.28949775346109885
1 0.9214710113527925 0.27181237726229385 0.859520466841842 0.21375022261461057 0.8122361178069575 0.26420117792847464 0.874186662317908 0.32226333257615786
1 0.9032997799461724 0.3971071947966629 0.8913199346908065 0.3376800511028758 0.8215336594477878 0.35174818102457567 0.8335135047031536 0.41117532471836277
1 1 0.40969284531250016 0.92517506484375 0.40969284531250016 0.92517506484375 0.49218240234375016 1 0.49218240234375016
0 0.3513110734375 0.22223041406250008 0.3464045557548451 0.22063476375456662 0.34001852968750007 0.24027136562500004 0.34492504737015506 0.24186701593293353
0 0.2723342568330649 0.4821233921009961 0.26268427734125743 0.47976959285628007 0.22748227528187753 0.624088866773188 0.237132254773685 0.626442666017904
0 0.23659483527354008 0.6455363978283915 0.23098630168186324 0.6398327672345019 0.10738789161887455 0.761370413003281 0.1129964252105514 0.7670740435971706
0 0.18415195721596672 0.708132535367084 0.17924782679368284 0.7046838724591249 0.1437756937163622 0.7551266010210584 0.14867982413864608 0.7585752639290175
0 0.18523061953125008 0.7089751023437499 0.1794039970397388 0.7072723387294408 0.1696664210937501 0.7405929820312501 0.17549304358526138 0.7422957456455592
0 0.17216207968750008 0.7472356000000001 0.16638360017195644 0.7450657576156205 0.1561163971318428 0.7724082147804021 0.16189487664738644 0.7745780571647817
0 0.1596354690800743 0.775407945916329 0.1537935285626657 0.7731295691272935 0.14213932573754295 0.8030118783264679 0.14798126625495156 0.8052902551155036
0 0.19421337769497676 0.8149075520302735 0.1882098072484651 0.8132033430977088 0.17661156080433543 0.8540615314646411 0.1826151312508471 0.8557657403972057
0 0.20661222187500003 0.76059955625 0.20088551547604813 0.759287396534251 0.19348639110895408 0.7915796642750659 0.19921309750790597 0.7928918239908149
0 0.20191997601357176 0.6813113701758674 0.19875172102557528 0.6793409268129942 0.1867759868526872 0.6985965827953351 0.18994424184068368 0.7005670261582083
0 0.29511987734375006 0.506763378125 0.29067080921512256 0.5043230786558572 0.2839654117187501 0.5165481234375 0.28841447984737767 0.5189884229066428
0 0.3094223625991737 0.47525061782393124 0.3045561194294417 0.47318763403821185 0.29973189979901804 0.4845671834017806 0.30459814296875 0.4866301671875
0 0.27806626562500003 0.5402083062500002 0.2711842968880106 0.5366341416029489 0.23922004923176052 0.5981805376966988 0.24610201796875 0.6017547023437502
0 0.3090652675447202 0.5300215777790557 0.3006587269128029 0.5245478570115907 0.2316606025257253 0.630515179940024 0.24006714315764258 0.635988900707489
0 0.34316362444580506 0.4722349868844319 0.33926138906250003 0.46953347187500005 0.3271472551540121 0.4870318762187685 0.33104949053731714 0.48973339122820025
0 0.3858146585937501 0.39905902578125 0.3812380671309169 0.396567342117421 0.3688994804121669 0.419230199148671 0.37347607187500004 0.42172188281250006
0 0.39782128828125 0.37935334921875 0.39470018476865765 0.3771176823163398 0.3881718339874077 0.38623158856633977 0.3912929375 0.38846725546874994
0 0.4609093722515678 0.2986484777350146 0.45361738359375015 0.2929429882812501 0.4021572941546824 0.35871234804623564 0.40944928281250004 0.3644178375000001
0 0.48288373984375 0.2641644414062501 0.47894211099570827 0.260686943209289 0.45944878990195825 0.28278197602178895 0.46339041875 0.28625947421875003
0 0.4266590845476525 0.20645667579828797 0.4199915552497213 0.20297134441148282 0.3934134355458189 0.2538159764256949 0.4000809648437501 0.25730130781250005
0 0.28558579736690004 0.6284744481738183 0.27950218107432917 0.6233355381348215 0.26585010625 0.6394973281250002 0.27193372254257087 0.6446362381639968
0 0.3561153835759697 0.5505192116580101 0.35101114815140083 0.5440551479105679 0.24273410560478692 0.6295542298855358 0.24783834102935579 0.636018293632978
0 0.38751519531250006 0.619878653125 0.3834408054687501 0.6145378453125001 0.37257673394697033 0.622825816762533 0.3766511237907203 0.628166624575033
0 0.33960153359375 0.658534475 0.3351981499996846 0.6534892443709278 0.29318632499968456 0.6901563849959278 0.29758970859375 0.695201615625
1 0.8336774522855919 0.29724408726570467 0.8320562918832671 0.2817758889648033 0.8226616808433513 0.28276050081919535 0.824282841245676 0.2982286991200967
0 0.7529591964587313 0.29982613381771356 0.748865742431659 0.2956598735921749 0.7342478546875 0.31002231093750005 0.7383413087145723 0.31418857116303867
0 0.7167538554687499 0.33418207265625005 0.7109328052656174 0.32835674687171224 0.6623243230833714 0.37692955216132595 0.6681453732865039 0.3827548779458638
0 0.6198570420214097 0.16591446125375686 0.6156682042484455 0.16291071223143536 0.6039826304687501 0.17920667187500008 0.6081714682417142 0.1822104208973216
0 0.5839159618774222 0.21664564149679139 0.57806618359375 0.2115160078125001 0.5398007639038278 0.25515347490945883 0.5456505421875001 0.2602831085937501
0 0.5315564550637364 0.2769279833168067 0.5270402783287222 0.27377250379694906 0.5047733332603538 0.30564133978360825 0.5092895099953678 0.30879681930346586
0 0.5068252476562499 0.3123493328125 0.499709800167603 0.30850072036236487 0.4820262828101029 0.341194617397243 0.4891417302987498 0.3450432298473781
0 0.4303319090903 0.4330592508149483 0.42530996368432505 0.4296515031864381 0.3935352495597079 0.47647741197418714 0.39855719496568287 0.47988515960269734
0 0.3952799651467077 0.4830591561930374 0.3939043869147102 0.4791247685323191 0.3919360507812499 0.47981295703125004 0.3933116290132474 0.48374734469196834
0 0.39365776206850606 0.48560191839151334 0.3893775296875 0.4827433640625001 0.36430235325499616 0.5202894694614806 0.3685825856360022 0.5231480237904937
0 0.24222256451621874 0.6824907672470559 0.23812487754119221 0.6796141648138374 0.2285448903687235 0.6932607460042816 0.23264257734375002 0.6961373484375002
0 0.2802801828125 0.71141104453125 0.27564222885689016 0.7065733217055518 0.24919480698189017 0.7319286240493017 0.2538327609375 0.7367663468749999
0 0.49178936877252627 0.4322084602852133 0.48631533450092623 0.4257147642113098 0.37132261572840003 0.5226509429885967 0.37679665000000007 0.5291446390625001
0 0.5758935022776954 0.3476913128044881 0.5706627293218606 0.34177234005016616 0.5045147118903135 0.4002293181483303 0.5097454848461485 0.40614829090265225
0 0.5738032607186139 0.456159610056455 0.5704658132373148 0.45249307997470034 0.558531842362451 0.4633559394494954 0.56186928984375 0.4670224695312501
0 0.5515650875348587 0.4811002595250047 0.5469218994845271 0.4751952025030451 0.4639339541371685 0.5404492101655406 0.4685771421875001 0.5463542671875002
0 0.7526138185883584 0.37202279242775943 0.7468079904309572 0.36590667952166234 0.6562286414062499 0.45189072578125 0.6620344695636511 0.4580068386873471
0 0.6353331900234038 0.4739154379066388 0.6278098775883841 0.4651478659645778 0.5507741881300386 0.5312509517758179 0.5582975005650583 0.540018523717879
0 0.53694876796875 0.5602052375000001 0.5326465937199908 0.5553652987467979 0.48321632575124074 0.5993033807780478 0.4875185 0.60414331953125
0 0.48219780546875 0.60842376796875 0.4752415291726625 0.6011330935573735 0.3597040031928729 0.7113713113040997 0.3666602794889604 0.7186619857154761
0 0.33805300868365257 0.7396091414190259 0.33388219918986184 0.7352875869730532 0.33077701686839034 0.7382844539727074 0.33494782636218107 0.7426060084186801
0 0.6997700535736687 0.4310036384078447 0.6958803266937205 0.4267905668518022 0.6841415259975362 0.43762843846136806 0.6880312528774845 0.44184151001741057
0 0.6889200967985374 0.44313312763776 0.6863493347609348 0.43977669390188545 0.6711323849372185 0.4514316705864525 0.673703146974821 0.4547881043223271
0 0.6206842058891355 0.506287507188096 0.6161217952557264 0.5015681823948733 0.575313706554091 0.5410194314567776 0.5798761171875002 0.5457387562500002
0 0.5474000790458554 0.5803967948501778 0.5416476699242041 0.5744753332784952 0.37863638307939074 0.7328327931769925 0.3843887922010421 0.7387542547486753
0 0.3643506804687501 0.7529096898437501 0.3601814466970862 0.7482369350773109 0.3240822182203388 0.780446227030152 0.3282514519920027 0.7851189817965911
0 0.8430378445312501 0.38267986484374994 0.8391763202188562 0.3787473466886482 0.8254640655313562 0.3922120537198982 0.82932558984375 0.39614457187499996
0 0.7617245354298368 0.47264265454740606 0.7554898944368313 0.46558091195131823 0.6778931718028325 0.5340891733717792 0.6841278127958378 0.541150915967867
0 0.6800159671654658 0.5518536349270521 0.6741662578739855 0.5439917506249937 0.6339411309026538 0.5739216363819705 0.6397908401941341 0.5817835206840288
0 0.6292817437034305 0.5916122912214308 0.6203894710167442 0.5825044127767629 0.3470650125432215 0.8493586128468451 0.35595728522990777 0.858466491291513
0 0.4594071515625001 0.84389412265625 0.45430789242595326 0.8383338390013482 0.4173315510197032 0.8722443296263481 0.4224308101562501 0.8778046132812503
0 0.5022369807733846 0.8046524113106853 0.4978928392536406 0.8000906973090359 0.48546357644900606 0.8119271422483507 0.4898077179687501 0.81648885625
0 0.6509803574247546 0.694568158387722 0.6451413243292085 0.687229026432088 0.5623909034520822 0.7530654835353012 0.5682299365476283 0.7604046154909352
0 0.6728901200440636 0.6765535196547617 0.6691716362561662 0.6718720579093382 0.6557889865246027 0.6825018929420765 0.6595074703125 0.6871833546875
0 0.7974787811011634 0.587708128668296 0.790680963233809 0.5789412226798059 0.7072452956932755 0.6436368487451833 0.71404311356063 0.6524037547336736
0 0.8497323734375 0.5401458445312499 0.8460544427719798 0.5350627258349526 0.8239888007812499 0.5510284953125 0.8276667314467702 0.5561116140087974
0 0.9457105710937499 0.46616324687500005 0.9392312814677073 0.4653128473057631 0.9378186972311335 0.47607548491875795 0.9442979868571761 0.4769258844879949