1 0.29504300555046525 0.2985323789905078 0.2707185377866391 0.23772999740362172 0.20903223125319292 0.26240808624785766 0.23335669901701905 0.3232104678347437
1 0.3565922242763153 0.20591243111379187 0.28423994497971744 0.19369194033441275 0.2729584702602332 0.26048470868697 0.3453107495568311 0.27270519946634914
1 0.4544888340885024 0.21348114026284387 0.4380084694607774 0.15907853993798934 0.35259431576834144 0.18495333983384604 0.3690746803960664 0.23935594015870057
1 0.5389035756757787 0.09663638703436962 0.45297962583694257 0.076839541721909 0.43939887682909495 0.13578386229957423 0.5253228266679312 0.15558070761203485
1 0.7107437866449133 0.16394045918142847 0.6461306876469134 0.13946735021751708 0.6215183511861576 0.20444803308277817 0.6861314501841574 0.22892114204668954
1 0.7521978016145476 0.16219853517630078 0.7082272655647226 0.14525941163251538 0.6852516333212688 0.20489950240916888 0.7292221693710939 0.22183862595295428
1 0.8182741948797382 0.19665171758091055 0.7535227854915837 0.15345256743375355 0.7187624366964506 0.20555501777459276 0.783513846084605 0.24875416792174976
1 0.8278207277121279 0.22090222889586736 0.7863522386924717 0.21064707144119832 0.7726844638062635 0.26591506467262443 0.8141529528259197 0.2761702221272935
1 0.9459000689590882 0.2875397044842868 0.9452667220164359 0.22145937935292773 0.8549542856094788 0.22232497899046155 0.8555876325521311 0.2884053041218206
0 0.25577525605217877 0.3247911344554737 0.25555226484375004 0.30024838203125 0.25030264886505094 0.30029607913508916 0.2505256400734797 0.32483883155931287
0 0.30517395 0.71924794140625 0.28516908849515754 0.5701604341183415 0.2744953003292513 0.5715926644767084 0.2945001618340937 0.7206801717646169
0 0.33871903515624996 0.8864243992187498 0.3326249921875 0.8573297242187501 0.32645578340284115 0.858621899622562 0.3325498263715911 0.8877165746225618
0 0.347160425961076 0.951689229394708 0.34091368984375003 0.90028090078125 0.33382980629364223 0.9011416786438433 0.34007654241096813 0.9525500072573013
0 0.31786269062500006 0.26032913046875006 0.31042249811901484 0.2592729671468659 0.30296134968151484 0.31183338042811587 0.31040154218750005 0.31288954375000005
0 0.3139131257812501 0.56318585859375 0.31387988984375004 0.5526625546874999 0.3092591576056223 0.5526771484281388 0.3092923935431223 0.5632004523343889
0 0.3147266679687501 0.5866556429687501 0.31028686803173217 0.5860346692044589 0.3082050698112009 0.6009189817791618 0.3126448697482188 0.6015399555434529
0 0.3119626609375001 0.6234569593750001 0.3044385091760292 0.6228288366088729 0.2978479000116526 0.7017763707972332 0.30537205177312343 0.7024044935633603
0 0.28952179453125015 0.8196120562500001 0.2851050040714763 0.8185731279808488 0.27235144609375006 0.8727922640625001 0.27676823655352395 0.8738311923316514
0 0.3918114047068766 0.29017930500244116 0.3871287491597898 0.2887914534074084 0.37861159757791324 0.3175285944987173 0.383294253125 0.31891644609375003
0 0.38654944901715205 0.3295712433091326 0.37720230192129955 0.32696107337640007 0.3545482396228975 0.40808638631726757 0.36389538671875 0.4106965562500001
0 0.3591135835937501 0.4287549515625001 0.354716759473351 0.42795488740155063 0.35250651953125 0.44010145859375005 0.35690334365164905 0.44090152275469946
0 0.3555366140625001 0.4523023078125001 0.350825532834917 0.4517751114302282 0.34788521252241705 0.47805011689897814 0.3525962937500001 0.47857731328125
0 0.34972143984375015 0.5114960570312501 0.3444267622774186 0.5104553538007952 0.3353705671887387 0.5565296154819038 0.3406652447550702 0.5575703187123587
0 0.3366292242361418 0.5880359888179332 0.32549563588653124 0.5864647300438792 0.30548078974448983 0.7282854546157738 0.3166143780941003 0.7298567133898278
0 0.29528638689708575 0.8519850431899748 0.29507051015845426 0.8113063111434793 0.2892845670113685 0.8113370163910046 0.28950044375 0.8520157484375002
0 0.2971388096093211 0.8777107458643958 0.2959433828125 0.8569196343749999 0.2892792825781789 0.8573028002293542 0.29047470937500003 0.8780939117187501
0 0.295954108059988 0.8868132880311725 0.29015819218750016 0.8866430468750002 0.28925570053376226 0.9173686705625779 0.2950516164062501 0.9175389117187501
0 0.4797741304494171 0.14581574321083032 0.4738282941759647 0.1447292337591955 0.4704207328125 0.16337684140625003 0.4763665690859524 0.1644633508578849
0 0.4673601928798054 0.20828410638099779 0.4588566625000001 0.20534730468750012 0.43498288758894477 0.2744739912752524 0.44348641796875005 0.2774107929687501
0 0.4423898138187189 0.28232000975527766 0.4342525374048557 0.28057483918738246 0.4258855371303564 0.3195879850889802 0.43402281354421957 0.32133315565687537
0 0.43329752734375004 0.3238254234375 0.4239362143640859 0.3236857646487978 0.4233912535254539 0.36021442868420384 0.43275256650511806 0.36035408747290604
0 0.4150776541237013 0.4466092076746774 0.4012215779183119 0.4440168690450485 0.36234112430798726 0.6518332869957802 0.37619720051337674 0.6544256256254091
0 0.65558007578125 0.2177203867187501 0.6510878357865006 0.21529955914659826 0.6414720897014486 0.2331431427374071 0.645964329696198 0.2355639703095589
0 0.63559424609375 0.2619904890625001 0.624349697369052 0.258045224184699 0.600813142962398 0.3251276485679851 0.612057691687096 0.3290729134457862
0 0.584916825697379 0.36271072072406113 0.572224284656834 0.35689358427113027 0.4844058040084418 0.5485067050509327 0.49709834504898687 0.5543238415038636
0 0.44297043962576577 0.651678603183478 0.436861154124629 0.6488706987397825 0.4289502504363633 0.6660828119625546 0.43505953593750013 0.6688907164062501
0 0.4148626875 0.7081550882812501 0.40836530143704425 0.7049229719361063 0.3876813889370443 0.7465029617798564 0.394178775 0.7497350781250001
0 0.37916870390625007 0.7850831523437503 0.3735822960897811 0.7825434557964082 0.36056870155853116 0.8111686261089084 0.36615510937500007 0.8137083226562503
0 0.7005912733603898 0.3249023055451824 0.6873863903400205 0.31612646669085426 0.5302862313267704 0.5525128972858415 0.5434911143471399 0.5612887361401695
0 0.5291212165187235 0.5879632597600926 0.5182876575562709 0.5817979461041463 0.3913534522684521 0.8048440511488305 0.40218701123090456 0.8110093648047769
0 0.6155038460183065 0.46033484882799164 0.6077936223790779 0.45695426958964724 0.5661792472495372 0.5518658561059986 0.5738894708887659 0.5552464353443431
0 0.5565896312499999 0.60244781796875 0.5456489026962487 0.5980182131596018 0.4518417384831942 0.8297135368445918 0.4627824670369455 0.8341431416537401
0 0.7295735304687501 0.38474848359375013 0.7227615215608 0.3813925074684853 0.6793417855987572 0.46952651591019834 0.6861537945067073 0.4728824920354631
0 0.6900277496090444 0.48407097896786144 0.6819652087368724 0.4783156460075412 0.6525725943017477 0.5194912229649508 0.6606351351739198 0.525246555925271
0 0.6563729518346132 0.5375947454819316 0.647350104045886 0.5338512317013684 0.5617401102086879 0.7401937186978175 0.5707629579974149 0.7439372324783807
0 0.5648671171874999 0.74971426875 0.5564036266091857 0.746379150700064 0.5020755049825564 0.8842469978466756 0.5105389955608706 0.8875821158966117
0 0.7923031377609703 0.4640229256106519 0.7853450882711823 0.4610990614974253 0.77587258125 0.4836412078125001 0.7828306307397879 0.48656507192572657
0 0.7669263554687501 0.5153750648437502 0.7611132377721398 0.5116050113641051 0.7292396588658898 0.5607514933953551 0.7350527765625001 0.5645215468750001
0 0.7218998746923388 0.5907316769103138 0.7162020473880992 0.5875693682524745 0.6920537797270103 0.6310795608734109 0.6977516070312499 0.6342418695312502
0 0.6882236831858348 0.656040956320252 0.6822664971212936 0.6524657157357492 0.6525711343467361 0.7019451275741819 0.6585283204112773 0.7055203681586846
0 0.6186040466086811 0.7733081496696758 0.6118438062500001 0.7707626640625002 0.6068279510475693 0.7840836534553246 0.6135881914062502 0.7866291390625002
0 0.5938002704410035 0.8289028143275521 0.5868847128614351 0.8260008782609232 0.5691478963266816 0.8682692029958712 0.57606345390625 0.8711711390625002
1 0.961934697900684 0.3495895672221828 0.9178042477535744 0.2959894207672721 0.8711091340607954 0.33443477070052785 0.9152395842079051 0.3880349171554386
0 0.9031881798699422 0.36795332916106016 0.8965825330521714 0.36452417229528483 0.8887778062931483 0.3795585584424626 0.895383453110919 0.38298771530823794
0 0.8784817956622222 0.4165139150216765 0.8723290255729215 0.41389763257426104 0.8342535836703731 0.5034405029575151 0.8404063537596738 0.5060567854049307
0 0.8340808435517972 0.5317016992648249 0.8240777812466004 0.5247648107824073 0.7721321369135531 0.5996709474550825 0.78213519921875 0.6066078359375001
0 0.7718867812500001 0.62455809609375 0.7648237048507692 0.6209559064714442 0.7460775043490295 0.6577129515529094 0.7531405807482605 0.6613151411752154
0 0.7423636718750002 0.6895509945312501 0.7310698082098108 0.6859961556503393 0.638752357203786 0.9792923472663955 0.6500462208689753 0.9828471861473064