1 0.21787098009131842 0.32686796027409726 0.20267577817991328 0.2703080418401979 0.09827594310228785 0.29835575862352204 0.11347114501369304 0.35491567705742133
1 0.3600747128925808 0.23628637124275195 0.3308818633336054 0.15426835682024492 0.28035423305971297 0.17225276572776532 0.3095470826186883 0.2542707801502723
1 0.4563478362145834 0.23290479349338616 0.38515850012387515 0.21972157790617403 0.37378955259818186 0.28111387032907004 0.4449788886888902 0.2942970859162822
1 0.5933047578312728 0.29001304191162913 0.518614545450213 0.2518380448816034 0.48939429465019024 0.3090081014074743 0.56408450703125 0.34718309843750006
0 0.19488041469478168 0.3648105842112253 0.16816717663966102 0.3321184185741082 0.16265920684098964 0.3366190598000682 0.18937244489611033 0.3693112254371853
0 0.41265562327117256 0.5778206342516822 0.21374685037020083 0.387703824431071 0.20224289471757415 0.39973978119118225 0.4011516676185458 0.5898565910117934
0 0.6759668441449447 0.7875135024396085 0.43088056821112686 0.6000462688035215 0.4234330520535057 0.6097828183040683 0.6685193279873235 0.7972500519401552
0 0.3044640547559111 0.2101005826768169 0.29868767578125 0.20811936640625 0.29427103379157465 0.2209964047724183 0.30004741276623575 0.22297762104298516
0 0.28119119687500005 0.30684753515625 0.2762572684934638 0.30478123356832276 0.27246290286846386 0.31384144450582274 0.27739683125000003 0.31590774609375005
0 0.26789504431487987 0.34692228221652754 0.2619590183346033 0.3448864493676508 0.2587815794884734 0.35415113902612333 0.26471760546875 0.35618697187500004
0 0.2604373242187501 0.38955950703125 0.25440825591410055 0.3890424869803202 0.2523298800893061 0.41327881937764566 0.2583589483939557 0.41379583942857556
0 0.25722041461895645 0.43645865589883626 0.2483591546875 0.43458345078125005 0.22808445926750678 0.5303912877281367 0.23694571919896323 0.532266492845723
0 0.23697394375000008 0.55290528203125 0.22866144266776173 0.5518031636043645 0.2259591311648812 0.5721847911538818 0.23427163224711958 0.5732869095807672
0 0.23359344628345596 0.5978994579032622 0.22329251965543287 0.5970032805720982 0.211631819465727 0.7310348086063362 0.22193274609375008 0.7319309859375001
0 0.22569447482716792 0.8733133404473545 0.22492214844503594 0.7717688109802037 0.2121806352090295 0.7718657202560858 0.21295296159116148 0.8734102497232366
0 0.4101011762625867 0.28305200487205157 0.39852146058410626 0.280352331800737 0.3593175006477974 0.44850999294744137 0.3708972163262778 0.45120966601875595
0 0.36821846218553805 0.46279055968394334 0.3602535630740167 0.4607454916235197 0.34338567951345195 0.5264406112064625 0.3513505786249733 0.528485679266886
0 0.34778519210053566 0.5329259609293088 0.339617092830821 0.5324308539573804 0.3387795773437501 0.5462478875000001 0.3469476766134648 0.5467429944719284
0 0.34127678586580545 0.5845038184108386 0.33040446895408715 0.5820948439565871 0.30713895105703176 0.6870980677332484 0.31801126796875 0.6895070421875
0 0.3128382002234117 0.7247314506603767 0.29663298380712705 0.724123113527334 0.2882909410759166 0.9463429986377413 0.3044961574922012 0.9469513357707842
0 0.5199624264321925 0.3689391185061628 0.5145612679687501 0.3667971828125 0.5066368696615576 0.3867795432125873 0.512038028125 0.38892147890625006
0 0.5140757051720208 0.3937422629736089 0.5086253545188532 0.3903121401427361 0.47000915637808244 0.45167198966912725 0.47545950703125006 0.4551021125000001
0 0.4538468312500001 0.5022975351562501 0.4484344675973608 0.5004676160169262 0.4431753523437501 0.5160225351562501 0.4485877159963894 0.5178524542955738
0 0.4349461265625001 0.5474338031250001 0.4292943196876262 0.5446664162398838 0.42065583253968136 0.5623087131351415 0.4263076394145552 0.5650761000202579
0 0.4090669015625001 0.6015707750000001 0.40081915232125337 0.5987446945706205 0.34997812331853134 0.747121242535129 0.35822587255977806 0.7499473229645086
0 0.35557752687566946 0.7549620104192849 0.34431089747244437 0.7525322513554638 0.313222102628025 0.8966889026549291 0.3244887320312501 0.89911866171875
0 0.3238389821225633 0.9506240898980207 0.32327003272624355 0.9202174690338742 0.31408206526480015 0.92038938845116 0.3146510146611199 0.9507960093153066