1 0.9384945174847538 0.40305172271160394 0.8453097049915603 0.3487728896561289 0.8157027875323217 0.3996014520373593 0.9088876000255152 0.45388028509283435
1 0.7918096918825471 0.23425979563700167 0.7468735758696585 0.2053907305796452 0.699718336370553 0.27879017418952357 0.7446544523834415 0.30765923924688005
1 0.6813672213833087 0.25708969780142743 0.6093831501680835 0.24804543809708562 0.6016516823077133 0.30958088171022546 0.6736357535229385 0.31862514141456727
1 0.5562831286545432 0.3153569939983997 0.5405914591531211 0.2540597465308242 0.45909716174857795 0.27492172050117447 0.4747888312499999 0.33621896796875006
0 0.8668261914547392 0.4231720752778614 0.8627275443223106 0.41740693809074864 0.8283352035167073 0.4418577125381454 0.8324338506491362 0.44762284972525823
0 0.8085974159267814 0.4665475103131892 0.797284801773543 0.4488551785822259 0.5656921149285955 0.5969373390813716 0.5770047290818339 0.6146296708123349
0 0.5469734687214849 0.6231624769242265 0.5421582450685223 0.6123312728874937 0.2601577824832678 0.7377000955023922 0.2649730061362305 0.7485312995391251
0 0.7659448039062501 0.26549132734375 0.759896470664686 0.26538380837893216 0.7596531980084359 0.27906878103518223 0.7657015312500001 0.2791763000000001
0 0.766190948952447 0.37384272011807446 0.7638653173746046 0.3643382149810936 0.7582012184221577 0.36572414798801905 0.7605268500000001 0.3752286531249999
0 0.7686891625314032 0.4077729028640267 0.7629791386797936 0.4066756550823186 0.7609994183403155 0.4169780230126867 0.766709442191925 0.41807527079439477
0 0.7649799337131982 0.45167821961687915 0.7590451651350855 0.45077738693358277 0.7553931989062158 0.47483687636519994 0.7613279674843285 0.4757377090484963
0 0.75999173203125 0.49740403203124994 0.7521495263573719 0.49689955774604283 0.7458603521386219 0.5946666772772928 0.7537025578125001 0.5951711515625
0 0.7508523303771619 0.6163244848837706 0.7424141125 0.61496553125 0.7392055813415881 0.6348884221474795 0.74764379921875 0.63624737578125
0 0.7453224917271976 0.6611339955830261 0.734855804032543 0.659397022312773 0.7128223184962662 0.7921668328115254 0.7232890061909207 0.7939038060817786
0 0.7166092400452302 0.8349355943378448 0.7018642315631174 0.8298111231634039 0.6684819359504109 0.9258643968000648 0.6832269444325239 0.9309888679745058
0 0.6514242426314685 0.4839216505582044 0.6487816543352133 0.31120912178340404 0.6345307543118266 0.3114271676998182 0.6371733426080819 0.4841396964746186
0 0.645444207478753 0.49573128761226426 0.6368784532521344 0.4957043610762657 0.636665076275932 0.5635829302270677 0.6452308305025507 0.5636098567630663
0 0.6459629203125 0.56993113359375 0.6382801557360788 0.5695345873958907 0.6375603455798288 0.5834803319271407 0.64524311015625 0.5838768781250001
0 0.6438484859375001 0.62066282109375 0.6323344579351133 0.6204915822547062 0.6307369859375 0.7279049320312501 0.6422510139398868 0.7280761708702939
0 0.6429201947960902 0.7666143603242207 0.6268803139391155 0.7632761613927658 0.5815719907939612 0.9809804144945511 0.5976118716509359 0.9843186134260062
0 0.5206774049911687 0.3886475138402682 0.5180959421875 0.3672311859374999 0.5123857090295035 0.3679194810814932 0.5149671718331721 0.38933580898426146
0 0.5387367172771056 0.4612039637611403 0.5186873174070871 0.39149452574690474 0.5121038387633307 0.39338802538805007 0.5321532386333492 0.46309746340228564
0 0.5512605109375001 0.52929372421875 0.549376726328648 0.5128062958567543 0.543732792752109 0.5134511481024433 0.545616577360961 0.5299385764644389
0 0.56160008984375 0.57972008515625 0.5578245840777593 0.5605461986967155 0.5516462195312501 0.56176277265625 0.5554217252972409 0.5809366591157843
0 0.5853980430303297 0.776114494480051 0.5727171549990067 0.6198175431493792 0.56365980234375 0.6205523960937499 0.576340690375073 0.7768493474244217
0 0.5876889420203422 0.7825841047631502 0.57586913484412 0.7824134513843548 0.5737422898437501 0.92972315 0.5855620970199723 0.9298938033787953
0 0.5776605609375002 0.9526013507812502 0.5687114486906248 0.9505471203225445 0.5619340991360934 0.9800721727054336 0.5708832113829686 0.9821264031641395