1 0.3245613005687736 0.2740475652472872 0.31881782563732436 0.21086931551466748 0.250718656430563 0.21706014658148015 0.25646213136201224 0.28023839631409986
1 0.41056338171875006 0.1947183122235581 0.3404225369735579 0.15964788685817313 0.31211267668990395 0.21626760259374977 0.3822535214350962 0.25133802795913474
1 0.49987057680995006 0.20988914782700493 0.4921035541859715 0.15357823660353587 0.4036932799270092 0.1657727577974198 0.41146030255098776 0.22208366902088886
1 0.6015245788169948 0.10768832102752916 0.5197554038706093 0.07469374244496314 0.49712093428220355 0.13078786405835247 0.5788901092285891 0.1637824426409185
1 0.7607204765201553 0.20104550284303366 0.7007313104788047 0.1667659804094629 0.6662567717423724 0.2270964249909624 0.726245937783723 0.2613759474245332
1 0.8019366196344441 0.20580985940390528 0.761157296581329 0.1822007776780848 0.7291347672018366 0.2375124194314367 0.7699140902549517 0.2611215011572572
1 0.8618098366364058 0.2501754950035938 0.80461346438864 0.19737884144522097 0.762130450173293 0.2434021048814463 0.8193268224210586 0.2961987584398192
1 0.8674452204075414 0.2756208450669634 0.8280915374117492 0.25900484601104123 0.8059462180973005 0.3114542878537088 0.8452999010930924 0.32807028690963097
1 0.9843681035221243 0.29577390436999157 0.8946811983807479 0.2805848735100379 0.8837908238441387 0.3448894362582832 0.9734777289855151 0.36007846711823693
0 0.2898098593750001 0.2644676054687501 0.28461741386230555 0.2636934946508892 0.2809983278734116 0.28796896835505104 0.2861907733861061 0.28874307917291187
0 0.27683850359268936 0.5356896841281888 0.2660720774178242 0.5354345330190067 0.26250822148138486 0.6858159754533178 0.27327464765625004 0.6860711265625
0 0.28025457734375003 0.8564369718749999 0.27878697187500007 0.8267471828124998 0.2724915754919068 0.8270583725666718 0.2739591809606568 0.8567481616291719
0 0.28025457734375014 0.8704661968750003 0.27312325294557727 0.8702082136671081 0.27125104744622447 0.9219608252615454 0.27838237184439735 0.9222188084694377
0 0.3575978875 0.23478732421875007 0.35041451622929565 0.23258026144745064 0.33482296701054565 0.2833263880099507 0.34200633828125004 0.28553345078125003
0 0.30793309843750016 0.5228985914062501 0.3033669719687496 0.5221901637582474 0.3017535914999996 0.5325891075082476 0.3063197179687501 0.5332975351562502
0 0.3034517609375001 0.5566056335937499 0.29916376404371375 0.5552977674277545 0.2947791770663325 0.5696731644128409 0.29906717396011884 0.5709810305788363
0 0.2949647890625002 0.5925214789062501 0.2876315325273853 0.5907240528453674 0.2687719497468978 0.6676686135616126 0.2761052062820127 0.6694660396224952
0 0.24211478906250009 0.7827510562500002 0.23791490134473206 0.7810339808832026 0.21683661953125005 0.8325904929687502 0.22103650724901808 0.8343075683355478
0 0.4259665740688744 0.27583812131054897 0.4215586771629335 0.27373482748435357 0.4086509062190591 0.3007857905488047 0.41305880312500004 0.3028890843750001
0 0.4146071453770416 0.3139219278363107 0.40578339715482664 0.3098816771692831 0.370717448652785 0.3864643266767225 0.379541196875 0.39050457734375005
0 0.37199331015625 0.40759260546875 0.3677757760560686 0.4061145766248121 0.36369260546875 0.4177658453125 0.36791013956893137 0.419243874156438
0 0.36477676093750006 0.4302904929687501 0.36020615317307497 0.42903281189747944 0.35319171645432496 0.45452436111622935 0.3577623242187501 0.4557820421875001
0 0.3497732390625001 0.48784577500000015 0.3447065495897627 0.48598961446297795 0.32855424838018704 0.5300799250081697 0.3336209378529244 0.531936085545192
0 0.32486872706762265 0.5613952995901117 0.3141180114161707 0.5581017088161861 0.27216393092782576 0.6950453732565476 0.28291464657927773 0.6983389640304731
0 0.24848415468750013 0.7753528171875 0.2426895405379305 0.7745365759127077 0.23702464765625003 0.81475246484375 0.24281926180581967 0.8155687061185424
0 0.24262112656250007 0.8206038734375 0.23597913280795005 0.8199398267094713 0.23390739453125003 0.8406619718749999 0.24054938828580008 0.8413260186030286
0 0.2379553217140426 0.8501311645599678 0.23225739453125005 0.8490563382812499 0.22655946734845758 0.8792624979400323 0.23225739453125005 0.8803373242187501
0 0.5354297690383858 0.1470123161057922 0.5297271032359859 0.1450090496905358 0.52344436640625 0.1628940140625001 0.52914703220865 0.16489728047775648
0 0.5133964634105888 0.20676962239334204 0.5054570421875 0.20253873203125008 0.4710633959644113 0.26707967291915813 0.4790028171875001 0.27131056328125014
0 0.47715174382994874 0.27598779276706864 0.4693876552328959 0.2729911575532523 0.4550206660214037 0.31021510012611886 0.46278475461845653 0.3132117353399352
0 0.46167852109375007 0.3155598593750001 0.4524543089502835 0.3139574879864525 0.44620171532189784 0.34995117240152035 0.4554259274653643 0.3515535437900679
0 0.4244753498058248 0.4339817550825645 0.4111953956628508 0.4292537644156905 0.34028397417818557 0.6284293744961743 0.3535639283211596 0.6331573651630482
0 0.6978228875000001 0.24553380312500012 0.6937646549984466 0.2424400386096539 0.68147594304774 0.25855970447084375 0.6855341755492934 0.26165346898618996
0 0.67115774609375 0.28613239453125006 0.6606688120417569 0.28047666769817176 0.6269280294438443 0.34305126756432464 0.6374169634958374 0.348706994397403
0 0.6053481334943008 0.3776848977031751 0.593721858428779 0.36995382845483926 0.47700967369524916 0.545470037095978 0.48863594876077093 0.5532011063443137
0 0.41994480693073155 0.6408897993434955 0.4143499896041559 0.6371607618985932 0.4038439147046745 0.6529234273988479 0.40943873203125014 0.6566524648437502
0 0.3833482390625001 0.6922739437500001 0.3774364607630427 0.6880652049114862 0.35050265841929273 0.7258975994427361 0.3564144367187501 0.73010633828125
0 0.33605950703125004 0.7626711265625001 0.3309391729779626 0.7592887910546786 0.31360783469671266 0.7855257629296786 0.31872816875000004 0.7889080984375001
0 0.7255129759740805 0.3584374371120195 0.7138435108830081 0.347703944801117 0.5216985306670888 0.5566041865963198 0.5333679957581612 0.5673376789072223
0 0.5150022003949133 0.5914358478747406 0.5052664883633908 0.5836516976924456 0.3450029557864388 0.7840948502247014 0.35473866781796126 0.7918790004069962
0 0.6202867991128493 0.47889197526239113 0.6132003396981196 0.4743468714689013 0.5572508627301668 0.561580016370159 0.5643373221448965 0.5661251201636488
0 0.53986654921875 0.6100390843750001 0.5297534615613203 0.6039525080571732 0.40085608572227127 0.8181206039791814 0.41096917337970096 0.8242071802970085
0 0.7447764085937499 0.42208063359375 0.7385732572201691 0.4177003421786605 0.6819008939313644 0.49795693126494533 0.6881040453049454 0.5023372226800349
0 0.6901800405000721 0.513993980627611 0.6831170954922458 0.5070482462979206 0.6476450735824318 0.5431188657851179 0.6547080185902582 0.5500646001148084
0 0.6485666274294267 0.5615940109028884 0.6402404808287288 0.5564851018445011 0.5234054113602451 0.746894816595699 0.5317315579609432 0.7520037256540862
0 0.5250045773437502 0.7567873242187503 0.5171670139472262 0.7521692854653252 0.44194047827046495 0.8798409603793177 0.4497780416669889 0.8844589991327426
0 0.794332455237031 0.5101921479421418 0.7879174635163819 0.5062158026738964 0.7750352109375 0.52699859140625 0.7814502026581491 0.5309749366744955
0 0.761234859375 0.5569422539062501 0.7560830771031677 0.5523092440470698 0.7169137106969177 0.5958645252970698 0.72206549296875 0.6004975351562502
0 0.7049743579560996 0.6243274077772085 0.6998413743004047 0.6203126956571365 0.6691839179068049 0.659509583973678 0.6743169015624999 0.66352429609375
0 0.6614961539718528 0.6835645040652283 0.6561716018252998 0.6791013716966938 0.6191015534069336 0.7233262320818327 0.6244261055534867 0.7277893644503671
0 0.5743890200516397 0.7884970338366358 0.5681102109374999 0.78492535234375 0.5610722471358605 0.7972976849133644 0.56735105625 0.8008693664062502
0 0.5411936977145595 0.8395270696350842 0.534817244757299 0.8355790296248232 0.5106865751677395 0.8745523123334891 0.517063028125 0.8785003523437499
1 0.979776890380817 0.42370387795249814 0.9445746708434644 0.36386011333054 0.8924402727074039 0.39452741075453857 0.9276424922447564 0.4543711753764966
0 0.9180087592784274 0.4311123502138118 0.9118166187041561 0.428164265270959 0.9043059720447927 0.4439395841033451 0.9104981126190639 0.4468876690461979
0 0.8868821583248752 0.47674936480605545 0.8812144152333083 0.4732027874151449 0.8296001532701748 0.5556869247746172 0.8352678963617416 0.5592335021655279
0 0.8250085154811057 0.5835731563841818 0.8162137760051656 0.5751568490323404 0.75318976755531 0.6410146785856585 0.7619845070312499 0.6494309859375
0 0.7490542250000001 0.6655570421875001 0.7426416134810813 0.6608942929545961 0.7183761405689042 0.6942662465674064 0.724788752087823 0.6989289958003104
0 0.7097274648437499 0.7251313382812501 0.6991287468364511 0.7198535158811973 0.5620662430034897 0.995097113976757 0.5726649610107886 1.00037493637681