1 0.9086489120772295 0.31328068234356166 0.8057622278621892 0.2805366944025861 0.7879597636902738 0.3364747955528538 0.8908464479053141 0.3692187834938293
1 0.7301824550902661 0.17939621005112016 0.6802260853428252 0.1605007470456879 0.6493619027604027 0.24210036260402346 0.6993182725078435 0.2609958256094557
1 0.6314682923236694 0.2867643621167094 0.6278520137246814 0.22509233103329368 0.555418273782894 0.22933964669639956 0.559034552381882 0.29101167777981524
1 0.5166637671175259 0.30768996599904824 0.4885705836718202 0.2509946930100802 0.4131945813980444 0.288344400448532 0.4412877648437501 0.3450396734375
0 0.8428367356483468 0.3485834962871452 0.8376290143911742 0.34379649770897436 0.8090718297899944 0.3748635337366709 0.814279551047167 0.3796505323148417
0 0.7948986579954498 0.4031175163962907 0.7801548083529739 0.38816382874226224 0.584410990417161 0.5811608664537152 0.5991548400596368 0.5961145541077435
0 0.5715539038793299 0.6107047473852955 0.5645919704243914 0.6011113725325438 0.3148195402917109 0.7823717802777115 0.3217814737466494 0.7919651551304632
0 0.7139834859375 0.22875937343750002 0.71137617734375 0.21532287109374998 0.7054376596970242 0.2164752206932458 0.7080449682907741 0.22991172303699575
0 0.7341444654668529 0.3212553477804748 0.7298935545712963 0.31244206591002366 0.7246413812919436 0.3149753470357991 0.7288922921875001 0.3237886289062502
0 0.7438480913725614 0.36441351258363464 0.7436425686001698 0.35392466854221316 0.7378291914058747 0.3540385782727051 0.7380347141782663 0.3645274223141265
0 0.7505729102363959 0.4219347593536731 0.7491428233934722 0.39764174119498324 0.7431504503880955 0.3979945015534081 0.7445805372310192 0.42228751971209794
0 0.76794574296875 0.5403437054687501 0.7537705570312501 0.44340543984375 0.7459948362245166 0.44454247574513417 0.7601700221620166 0.5414807413701342
0 0.7705596109375001 0.5817820023437501 0.7695558246563359 0.5616273829913222 0.7610194601562501 0.56205253046875 0.7620232464374144 0.5822071498211779
0 0.7795156427129447 0.7410569080536006 0.7734632487069836 0.6066074170140775 0.7628641460097525 0.6070845474601454 0.7689165400157136 0.7415340384996685
0 0.7815128338981456 0.7825808542240283 0.7660246019664664 0.780634024774814 0.7533423885243902 0.8815288737186767 0.7688306204560694 0.883475703167891
0 0.6413501928670822 0.4536923454900334 0.6103046936524856 0.2839191324664464 0.5974347539357487 0.2862725879748389 0.6284802531503453 0.45604580099842595
0 0.6552824208396942 0.5320246415253861 0.6413783869542387 0.4655850180634576 0.6329942170708038 0.4673396002854277 0.6468982509562594 0.5337792237473563
0 0.65950818359375 0.55184622578125 0.65731278046875 0.5380555734375001 0.6497154554357641 0.5392650297201549 0.6519108585607641 0.5530556820639049
0 0.6865621908247166 0.6935165104809216 0.6657922625 0.5881182671875 0.6544942404252835 0.5903446715503284 0.6752641687500001 0.69574291484375
0 0.696174318687348 0.9534404401145803 0.6952292893257662 0.7310734171364462 0.6788458689187304 0.7311430444270419 0.6797908982803123 0.9535100674051759
0 0.49707407006688414 0.3867817579920273 0.49009631328124986 0.3663701453125 0.4846539674817224 0.36823062375330984 0.4916317242673567 0.38864223643283713
0 0.5298240775915157 0.45399793428834834 0.49571939780628044 0.38998031904768693 0.4896734649357585 0.393201223228154 0.5237781447209937 0.4572188384688154
0 0.556230853125 0.5179959265625 0.5509603048026518 0.5022604486503321 0.5455737775388677 0.5040646488399856 0.550844325861216 0.5198001267521535
0 0.5768287179687501 0.56517063125 0.5691492405465857 0.5472007125310514 0.56335882890625 0.5496752554687501 0.5710383063284145 0.5676451741876989
0 0.6425458657022644 0.7517745937805222 0.5944356305924592 0.6023948784821596 0.5851335848779436 0.6053907578452554 0.6332438199877488 0.754770473143618
0 0.6730723075764408 0.9027102324956384 0.64452526700871 0.7581774076779133 0.6329282703697692 0.760467959557275 0.6614753109375 0.9050007843750001
0 0.6700646039062501 0.92656438671875 0.6608839528617068 0.9264156711117988 0.6603933079754132 0.9567046204708939 0.6695739590199565 0.9568533360778451