1 0.2825748576429682 0.3109857152005319 0.2503165004675282 0.2527594612405083 0.19321596213984432 0.2843941523808479 0.2254743193152843 0.3426204063408716
1 0.3364270466038608 0.21663243461291937 0.26339855554123137 0.20948875234760939 0.2568037900812593 0.27690577238955705 0.32983228114388874 0.284049454654867
1 0.4346131519444046 0.21735378336048297 0.41437799831692707 0.16423331718389944 0.33097684408203465 0.19600327874714968 0.35121199770951217 0.2491237449237332
1 0.5106715849296328 0.09490518365047819 0.42357598342770253 0.08115031511939327 0.4141400650643571 0.14089839513349256 0.5012356665662874 0.15465326366457746
1 0.6867880978999845 0.15005834103446442 0.6206252351705961 0.13015202728373895 0.6006056744004422 0.19669129054085896 0.6667685371298305 0.21659760429158442
1 0.7280196211733239 0.14542897295136997 0.6829745818619728 0.1315983421497215 0.6642151999957241 0.19269585142031115 0.7092602393070752 0.2065264822219596
1 0.796494322950785 0.17145117944773314 0.726207873906793 0.13837618525751433 0.699696278384675 0.19471499810880555 0.769982727428667 0.22778999229902439
1 0.8075532951833037 0.19871447790283 0.765470458047145 0.1913769994435737 0.7556912805608252 0.24746377854181034 0.7977741176969839 0.25480125700106665
1 0.929871706909287 0.257104779041159 0.9259454655556171 0.19199503952901678 0.8351805444063393 0.19746833721917928 0.8391067857600092 0.2625780767313215
0 0.24414822278294945 0.34225419141147095 0.24221375859375005 0.31778677890624996 0.23698025843590242 0.3182005545205437 0.23891472262510183 0.3426679670257647
0 0.32094249999999996 0.7323042429687499 0.2905865499889303 0.5849753736296621 0.28003867038004504 0.58714868092216 0.31039462039111476 0.7344775502612477
0 0.3660675109374999 0.8967334796875001 0.35795877109375 0.86813477734375 0.35189472774544217 0.8698541473110168 0.3600034675891921 0.898452849654767
0 0.37904098350231663 0.9612504865432726 0.36922340000000003 0.9104031367187501 0.36221681757197954 0.9117559645119458 0.3720344010742961 0.9626033143364683
0 0.30158777343750004 0.27361821328125 0.29409203008524176 0.27308362425079935 0.2903154855539917 0.32603646643829937 0.29781122890625006 0.32657105546875004
0 0.31877404687500005 0.5760127054687499 0.3180068226562501 0.56551735390625 0.31339836416944145 0.5658542383775446 0.3141655883881914 0.5763495899400446
0 0.32122277656250003 0.59936856875 0.3167504746255109 0.599058812598219 0.31571202534371656 0.6140520862030525 0.32018432728070567 0.6143618423548335
0 0.32103263281250005 0.63627304609375 0.31348299382596595 0.6361713117188357 0.3124155408705126 0.7153862718103692 0.3199651798570467 0.7154880061852835
0 0.3123295187500001 0.83351571484375 0.30785101621674754 0.8327874172025252 0.2989106609375001 0.8877641210937499 0.3033891634707526 0.8884924187349746
0 0.3774385949960136 0.29823727250557164 0.37267053395265065 0.2971794470406802 0.36617873114413707 0.3264407128163586 0.37094679218750004 0.32749853828125003
0 0.37493729987130775 0.337900309814991 0.36543084540957405 0.33594852207626447 0.34849098303826626 0.4184564849175235 0.35799743749999996 0.42040827265625
0 0.35448697265625007 0.43875624062500007 0.35004504925855345 0.43826483232016367 0.34868749531250004 0.4505359937500001 0.35312941871019665 0.4510274020548365
0 0.35256129687500015 0.46249575312499996 0.34782491651746883 0.4622984693712101 0.3467246102674688 0.48871457718371014 0.35146099062500014 0.4889118609375
0 0.35088943515625004 0.52195095546875 0.3455350596041016 0.5212821254405383 0.33971490324035436 0.5678758811471232 0.3450692787925028 0.568544711175335
0 0.3431682672522616 0.5992177066187969 0.33195219470498605 0.5984269152092592 0.32187901691812926 0.7412983367703798 0.3330950894654048 0.7420891281799177
0 0.32039830071882414 0.8653337789679647 0.31687139609375004 0.8248742968749999 0.31104168287492595 0.8253824804070353 0.3145685875 0.8658419625
0 0.3239807385682349 0.8909415437058236 0.32133791015625 0.8702844656250003 0.31471677236926504 0.8711315617629266 0.31735960078125 0.8917886398437499
0 0.32467690234375 0.930818284375 0.32343388405147644 0.9001045518792354 0.31764021171875 0.9003390281249999 0.31888323001102364 0.9310527606207645
0 0.4551167545426538 0.14808940328153364 0.4491096111066321 0.14742030123753386 0.4470111421875 0.16626018359375005 0.4530182856235217 0.16692928563774984
0 0.4470906302806467 0.21127154916289914 0.43840295234375004 0.20893507734375003 0.4194093658131032 0.27955872505585094 0.4280970437499999 0.28189519687500003
0 0.4273455613660519 0.286868950862433 0.419106368947768 0.28569565888546034 0.41348116914398664 0.3251974235648983 0.42172036156227055 0.3263707155418709
0 0.423175171713461 0.36538520100393646 0.42117069375 0.3289075054687499 0.41182244211454055 0.3294211992239405 0.4138269200780015 0.36589889475912696
0 0.4115601680134766 0.4526631480272208 0.39755701183534825 0.4510436751238542 0.37326780858557485 0.6610660261257235 0.38727096476370326 0.6626854990290901
0 0.63551026015625 0.20755528828125008 0.6308600945958142 0.20545372058910677 0.6225124776637813 0.22392459874076964 0.6271626432242171 0.22602616643291298
0 0.618661240625 0.25311169218750007 0.6071688760083751 0.24996041815431233 0.5883690897807563 0.31852125918781915 0.5998614543973814 0.32167253322100686
0 0.5751331562909628 0.3571216518302578 0.5620657490077886 0.3522040720216553 0.48782744699595704 0.5494763413405712 0.5008948542791313 0.5543939211491737
0 0.45368992547658554 0.6552873032808526 0.4473996525959877 0.6529124009090655 0.44070867555690213 0.6706344226282132 0.4469989484375 0.6730093250000001
0 0.42959024218749986 0.71358691171875 0.42288322182084476 0.7108159032948835 0.40515016869584475 0.7537374431386336 0.4118571890624999 0.7565084515625001
0 0.39934943828125014 0.7928174695312501 0.39359947811658597 0.7906736475159052 0.38261437499158596 0.8201368701721552 0.38836433515625013 0.8222806921875001
0 0.6878884454074903 0.3113362952435008 0.6741035577312944 0.30350296019695144 0.5338755704533936 0.5502723173351225 0.5476604581295895 0.5581056523816719
0 0.5351862856356837 0.5857175921173455 0.5239490465818502 0.580323007898546 0.4128829558236715 0.8116802658453193 0.42412019487750496 0.8170748500641188
0 0.6124555832004995 0.4523743300078714 0.6045283242161952 0.4495398238233417 0.5696360175980961 0.54712308281606 0.5775632765824005 0.5499575890005899
0 0.56359818046875 0.5982507671875001 0.552375108676854 0.5945951390911993 0.4749587028763041 0.8322697212100287 0.4861817746682001 0.8359253493063296
0 0.7209747617187501 0.3690149906250001 0.7139452449683941 0.36614237101923514 0.676779195254068 0.4570904967255084 0.683808712004424 0.45996311633127335
0 0.6884536993704339 0.4708541154333054 0.6800093268667202 0.46567521662878225 0.6535605743210902 0.5088008167194389 0.6620049468248037 0.513979715523962
0 0.6586145120385349 0.5265951410908489 0.6493525093448238 0.5234901484539642 0.5783447819393532 0.7353018463920442 0.5876067846330645 0.738406839028929
0 0.5821282906250002 0.74458107578125 0.573452770512755 0.7418444651782565 0.5288741648360051 0.883166211758291 0.5375496849482502 0.8859028223612846
0 0.7890814682800346 0.4437205280244399 0.781936409835081 0.4412891553669409 0.7740594382812501 0.46443715859375007 0.7812044967262037 0.4668685312512489
0 0.767348646875 0.49671777031250014 0.7612867036660627 0.49336240291831157 0.7329190521035627 0.5446125560433115 0.7389809953124999 0.5479679234375001
0 0.7276884600818092 0.5750317065437225 0.7217839202022748 0.5722745610308271 0.7007295937142155 0.6173632622996048 0.7066341335937499 0.6201204078125
0 0.6986500465231228 0.6425310277955466 0.6924579758747439 0.63938004881261 0.6662864594874265 0.6908103754898276 0.6724785301358054 0.6939613544727642
0 0.6373801459927003 0.7643689846416487 0.6304588093750001 0.7623012703125003 0.6263843977572996 0.7759396989521015 0.6333057343749999 0.77800741328125
0 0.6165148784335006 0.821558447446588 0.6094137379012528 0.8191459852092343 0.5946686164990023 0.8625486041688966 0.6017697570312501 0.8649610664062501
1 0.9503173464784173 0.3177330268988555 0.9025554410391059 0.2673418288369155 0.8586558836706377 0.30895081192326984 0.9064177891099489 0.3593420099852099
0 0.8933888489822884 0.3409571602115021 0.8865189695320168 0.33715198024735765 0.8785568932059782 0.35152672862960566 0.8854267726562497 0.3553319085937501
0 0.871736138823217 0.39031572759903516 0.8654158535538233 0.38813501362055913 0.8336793552875363 0.4801157705993953 0.8399996405569301 0.48229648457787133
0 0.8354784379647386 0.5083201732947171 0.8250158499097395 0.5020979612774105 0.7784219306950011 0.5804451762639433 0.7888845187500001 0.5866673882812499
0 0.7799132125 0.605288815625 0.7726160651193228 0.6021880959707089 0.7564795710489568 0.6401632722417798 0.763776718429634 0.643263991896071
0 0.7549956953125001 0.6721828226562501 0.7434813705374304 0.6694244633913451 0.67184810705521 0.9684459400084723 0.6833624318302798 0.9712042992733775