1 1.02280072481496 0.417709377107658 0.9829375854946598 0.39138957936914365 0.9331969138126416 0.4667252390442217 0.9730600531329419 0.49304503678273603
1 0.9196298265905772 0.3203223294215836 0.8480940230500404 0.30229416746249416 0.833570302831369 0.35992433511898014 0.9051061063719057 0.37795249707806955
1 0.7034293738637262 0.2924026810553634 0.6173275385269945 0.25784246968303953 0.5928649398311223 0.31878754383577623 0.678966775167854 0.3533477552081001
0 0.9674258070303274 0.4407395022988892 0.961202545376843 0.43066523769563386 0.8459158711590158 0.5018822611779947 0.8521391328125001 0.5119565257812501
0 0.7689954924478742 0.5733984005660433 0.7633452948329265 0.5628270670595245 0.565901686213472 0.6683573112638517 0.5715518838284199 0.6789286447703705
0 0.5724423898073978 0.6862355527519873 0.5659798374891543 0.6699412017162502 0.37727104338543394 0.7447855727582876 0.3837335957036773 0.7610799237940248
0 0.8694199521523505 0.368927901107219 0.8588759508039848 0.36222868338519965 0.7780703290978614 0.4894098886510684 0.7886143304462271 0.4961091063730878
0 0.7548568345287221 0.5393589588581662 0.7479321827231435 0.5341683807163324 0.7188349036631716 0.5729865085769165 0.72575955546875 0.5781770867187502
0 0.7703219421875 0.5175348398437503 0.7638112609194625 0.5130835822888072 0.75717209765625 0.5227944281250002 0.7636827789242876 0.5272456856799431
0 0.7457166448650813 0.5106994431735424 0.7401005234374999 0.5101030375 0.7380533343861744 0.5293806245644692 0.7436694558137558 0.5299770302380118
0 0.74385085078125 0.53297778046875 0.7382414856372014 0.5328665479001338 0.7379853109443318 0.5457852228066447 0.7435946760883805 0.5458964553752609
0 0.7417108156250002 0.55839197890625 0.735589769664218 0.5576475902445257 0.7329764367187501 0.5791368093750001 0.7390974826795323 0.5798811980367244
0 0.7388837718750001 0.58788568203125 0.7318769062076785 0.5875841383604101 0.7303770577701785 0.6224355961729101 0.7373839234375 0.62273713984375
0 0.7334848363816249 0.6742633787131309 0.7237254344172235 0.6728778231503294 0.7021899713257549 0.8245666088199586 0.7119493732901562 0.8259521643827602
0 0.7029398476357643 0.8682209354077131 0.69136496640625 0.8649308695312501 0.6629629308460437 0.9648529381553772 0.6745378120755581 0.96814300403184
0 0.7537463742187499 0.30854873828125007 0.7487025069015348 0.30792365844945785 0.7469327632713573 0.32220399769909924 0.7519766305885723 0.3228290775308915
0 0.7511001872994301 0.4488231044456808 0.7507466004475879 0.4311829506629179 0.7439036264294079 0.4313201141859871 0.7442572132812499 0.4489602679687499
0 0.6898360743213241 0.6298781570012976 0.6793645658283994 0.6226707093445285 0.6228775257812501 0.7047392234375001 0.6333490342741748 0.711946671094269
0 0.6087095918296725 0.7437205519585837 0.5984244643171337 0.7342409608796716 0.5010413443789872 0.8398992954845068 0.511326471891526 0.8493788865634189
0 0.4838983961372728 0.8706308832101666 0.47769012252924303 0.8624660912789143 0.4352581062323776 0.8947301794674922 0.4414663798404074 0.9028949713987446
0 0.64613265546875 0.33194742265625005 0.6405774160608759 0.3301274006746938 0.6309547519983759 0.3594985858309438 0.63650999140625 0.3613186078125
0 0.6272600470037344 0.3998883390191109 0.6190714273437499 0.3960579015625001 0.5770672920330691 0.48585336020184544 0.5852559116930535 0.4896837976584562
0 0.5815377197394874 0.493487537940168 0.5754576096519294 0.49096835402642347 0.5551510180374419 0.5399787942112556 0.561231128125 0.542497978125
0 0.542947434433018 0.5881164127495676 0.5374009525173363 0.585329342550636 0.5300282141780684 0.6000016532385685 0.53557469609375 0.6027887234375001
0 0.5296722846454093 0.6099535702577186 0.5214344941107176 0.6058236482230734 0.4654175750980534 0.7175583592791298 0.4736553656327451 0.721688281313775
0 0.468827115625 0.72859025390625 0.4618838631772785 0.7240331577648409 0.4299335795835285 0.7727130358898409 0.43687683203125005 0.77727013203125
0 0.42610824296875 0.7930415406250001 0.41611808779493914 0.787321039681524 0.34011355638300017 0.9200536570205706 0.35010371155681114 0.9257741579640466
1 0.7897773851636352 0.3236671638857829 0.7833702481541654 0.2560113097508352 0.7009149138960444 0.2638199854450277 0.7073220509055141 0.33147583957997545