1 0.07519676198254538 0.40714867340803185 0.03674365473484063 0.3248191233766898 -0.007589237641341362 0.34552538819282563 0.030863869606363382 0.42785493822416776
1 0.18900408736151378 0.3149692875863287 0.1830649008136041 0.25603500658362205 0.10958740591913094 0.263439806333895 0.11552659246704064 0.3223740873366016
1 0.4330881623096893 0.3085433635291763 0.4198310464083274 0.24544018033096865 0.3276381608310518 0.26480864492236594 0.3408952767324137 0.32791182812057357
0 0.15750612999115324 0.4530577591082411 0.052070230930675 0.3680293773809063 0.04418793531452181 0.3778034893664153 0.14962383437500004 0.4628318710937501
0 0.4086074241116015 0.6615078803124075 0.2305692989372882 0.5256163535806608 0.22442696125518324 0.5336637301273106 0.4024650864294966 0.6695552568590573
0 0.5874645115923878 0.7591904092401691 0.40824334531250006 0.6639700242187503 0.4009816016707838 0.6776378765846194 0.5802027679506715 0.7728582616060382
0 0.22619102891192563 0.45063390497338823 0.16000774027938108 0.31521015750260695 0.14981109012098806 0.3201933886797209 0.2159943787535326 0.45561713615050226
0 0.27212733675296985 0.5426119246629693 0.2498706758551553 0.4994099167798757 0.24216146360348012 0.5033815220658873 0.26441812450129465 0.546583529948981
0 0.24215831249999997 0.48678115546875 0.23742750290339054 0.4763231952240224 0.22986843437500007 0.4797426492187501 0.2345992439716095 0.49020060946347777
0 0.26083004765625006 0.4765891812499999 0.25520346111830416 0.47636148115476445 0.25441956189955417 0.4957320342797645 0.26004614843750007 0.49595973437499985
0 0.2595106132661352 0.49948300428255055 0.2539326687500001 0.49871936406250006 0.2521922422026148 0.5114321605611998 0.25777018671875 0.5121958007812502
0 0.25827715937500006 0.5459426023437499 0.25761096886890067 0.5240291426568807 0.2516138742512153 0.5242114601711194 0.2522800647573146 0.5461249198579887
0 0.2580309051816515 0.5544040995054089 0.25100173131687625 0.553765289182349 0.24784457187500006 0.5885052140625 0.2548737457397753 0.5891440243855599
0 0.2544907578125 0.79326870625 0.2544133031109267 0.6400655308970802 0.2445924846836581 0.6400704959936504 0.24466993938523146 0.7932736713465702
0 0.26982565859375 0.9382158289062502 0.2597088234375 0.8347465320312502 0.24946457808207967 0.8357481754625974 0.2595814132383296 0.9392174723375974
0 0.2804625136629698 0.2755404426580862 0.27536793359375 0.27509725937499996 0.2741490488370302 0.28910885734191377 0.27924362890625 0.289552040625
0 0.2673298203125001 0.3979311757812501 0.2606976744114186 0.39713427069725193 0.25859109238016864 0.414666044134752 0.2652232382812501 0.41546294921875004
0 0.34982411718750006 0.6856454687500002 0.30343818608544165 0.5973955275270584 0.2927707229489056 0.6030025591378225 0.33915665405096407 0.6912525003607644
0 0.4506825491901541 0.8372184493840626 0.3699852661552995 0.7183311854321499 0.35878365157674824 0.7259345218371187 0.43948093461160276 0.8448217857890313
0 0.5091506238347637 0.8999315797875594 0.47164980852635335 0.8620441002232045 0.4643658273091196 0.8692537440812351 0.5018666426175301 0.90714122364559
0 0.3893680821125101 0.34284060655445414 0.3845466805753385 0.31231811756473915 0.37867789609375 0.3132451640625 0.3834992976309216 0.343767653052215
0 0.42512501640625 0.47542701249999997 0.39655331171874997 0.38049791953125 0.38799373809089416 0.3830741751584529 0.41656544277839425 0.47800326812720295
0 0.4392437663962513 0.5322048295136999 0.4271166970775976 0.4804613997112483 0.4201835319713578 0.4820863204820986 0.4323106012900116 0.5338297502845502
0 0.4563211193021308 0.5943800992450073 0.45012605078125 0.5796187546875001 0.44427102054161927 0.5820760046612428 0.4504660890625001 0.59683734921875
0 0.5020820179687501 0.7208895742187502 0.4651627632283931 0.6016147580756054 0.45546637630304376 0.6046160905490792 0.4923856310434006 0.723890906692224
0 0.5303401121090704 0.780534959540254 0.5069177828865014 0.7272483359973421 0.49905589765625 0.73070405625 0.522478226878819 0.7839906797929119
0 0.600438317806628 0.9378965668732565 0.5396650080631498 0.7973277896262092 0.5285419180621866 0.8021367308944759 0.5893152278056649 0.9427055081415231
1 0.33462129571293336 0.23928258297060667 0.2540693637456778 0.21844829087386558 0.23713295592933922 0.2839297751430047 0.31768488789659477 0.3047640672397458