1 0.08967891144150603 0.35607028140448915 0.061545875611735065 0.2696681484606248 0.015019974738009034 0.28481725174888867 0.043153010567779995 0.371219384692753
1 0.21629553085469308 0.22086328212835354 0.1422146664995448 0.21650558621571242 0.1387323951306574 0.2757042265288254 0.21281325948580565 0.28006192244146655
1 0.45691960766851974 0.30181595143542483 0.4514516536907129 0.23756749447094938 0.3575855359386503 0.24555610051992366 0.3630534899164571 0.3098045574843991
0 0.16577984890712608 0.4116681537053351 0.07149220141654242 0.31442416233516884 0.06247749313441635 0.3231648117548338 0.156765140625 0.42040880312500006
0 0.3896057906576383 0.6491660718031739 0.22945574662312068 0.4925900708672645 0.2223784649164282 0.49982890038262184 0.38252850895094576 0.6564049013185312
0 0.5552251996053854 0.7679176858109706 0.3889443664062501 0.65156549296875 0.3800710583047905 0.6642464835740938 0.5463518915039258 0.7805986764163142
0 0.23424817344579849 0.4176329530905364 0.18506220799887638 0.2751529198352728 0.17433425844007838 0.278856347917508 0.22352022388700052 0.4213363811727717
0 0.26863277802199775 0.5145236095570792 0.2518070147928394 0.4689312184589767 0.2436712490768736 0.4719337033984086 0.260497012306032 0.5175260944965111
0 0.24569119687500002 0.45545668984375 0.2422701550145175 0.44450014055709025 0.23435070390625 0.44697288749999997 0.2377717457667325 0.45792943678665965
0 0.2654658453125001 0.447616196875 0.25990894788145014 0.4467044855349241 0.25677021506895004 0.46583511990992416 0.26232711250000007 0.46674683125000005
0 0.2613661908856851 0.47017857411275366 0.25592288750000003 0.4687408453125001 0.25264613333306507 0.48114677823099655 0.25808943671875006 0.4825845070312501
0 0.2564892842412156 0.4943102414422584 0.2505146722009986 0.4937603378802454 0.24850531764728306 0.5155916456567371 0.2544799296875001 0.51614154921875
0 0.2532043150804183 0.5245099649460239 0.24630538785362352 0.5230192753007303 0.23893802812500003 0.5571154929687501 0.2458369553517948 0.5586061826140436
0 0.23917417459004495 0.6090920142719252 0.22942595385369474 0.6079000856828592 0.21083206129489981 0.7599707471921842 0.22058028203125005 0.76116267578125
0 0.2207045773437501 0.8029672539062499 0.21041462155094742 0.8027129717988375 0.20784631217594743 0.9066439569550873 0.2181362679687501 0.9068982390624998
0 0.3094536518769696 0.250458640620881 0.30445105625 0.24939788749999997 0.30153367234178047 0.263156500785369 0.30653626796875005 0.26421725390625006
0 0.2815031687500001 0.37033661953125 0.2750175758697065 0.3687373994001216 0.27079011102595646 0.3858817658063717 0.27727570390625006 0.38748098593750013
0 0.32831901406249997 0.6659598593750001 0.29303379868027996 0.5727146968531738 0.28176252399143625 0.5769798977952056 0.3170477393736563 0.670225060317032
0 0.4099535630453457 0.828694588664724 0.34434649815353296 0.7008589676607502 0.3323017652918935 0.7070404964416332 0.3979088301837062 0.8348761174456071
0 0.4603430171226691 0.8980657313144839 0.4277390498191546 0.8558904591970506 0.41963072798290735 0.8621586691400542 0.45223469528642185 0.9043339412574873
0 0.4093456279528839 0.33052940964996336 0.40827992018265186 0.29964684941027675 0.4023419015624999 0.2998517609375 0.4034076093327319 0.3307343211771866
0 0.42867781718750003 0.46648521093750006 0.411888028125 0.36878168984375004 0.40307828937935797 0.37029559285951885 0.4198680784418579 0.4679991139532689
0 0.4357718529806839 0.5245604571485817 0.4300411149939068 0.4717247971417571 0.4229615999573542 0.4724926657695493 0.42869233794413136 0.5253283257763739
0 0.445144654764731 0.5883534877232456 0.44079471796874986 0.5729471828125 0.4346838663290188 0.5746725685267544 0.43903380312499996 0.5900788734375
0 0.47514683125 0.71949683125 0.4530387108337239 0.5966117462033654 0.44304882901869636 0.5984090148468886 0.4651569494349725 0.7212940998935231
0 0.4959253496298798 0.78214142401298 0.47917161385994655 0.7263975272863089 0.4709471828125002 0.7288693664062502 0.4877009185824335 0.7846132631329213
0 0.5463234987770681 0.9468729043221165 0.5031342082022354 0.7999455021242379 0.49150796546175235 0.8033630346505124 0.534697256036585 0.9502904368483909
1 0.367627465876159 0.2210713401662984 0.29021501744233474 0.19057552793552107 0.26542466228111267 0.2535048926644099 0.3428371107149369 0.28400070489518725