1 0.6808711205425764 0.22929284270320852 0.6740710989020207 0.16615042271868935 0.6067191840879026 0.17340377915294006 0.6135192057284583 0.2365461991374592
1 0.612037594242592 0.17484940735343657 0.568098856706753 0.1309803864820252 0.5111533530691963 0.18801638793532754 0.5550920906050353 0.23188540880673894
1 0.5325057830244541 0.2135687326455648 0.509507593560301 0.14930219082068277 0.43625090532225574 0.17551756117942624 0.45924909478640885 0.23978410300430833
1 0.43800511621375077 0.2094109967872758 0.4225271228169564 0.15388733080157807 0.34911768154539075 0.17435123258278135 0.3645956749421851 0.2298748985684791
1 0.3138545257099689 0.26945628002131206 0.2912563041667214 0.2392855784438798 0.2615230574062929 0.2615561410215431 0.2841212789495404 0.2917268425989754
1 0.3352869754759654 0.2728506284050927 0.32282859780683165 0.22640066887589927 0.2969856168245758 0.23333203373469608 0.3094439944937095 0.27978199326388953
1 0.3286597803807827 0.2092784632212926 0.2758611773307741 0.15509135911396837 0.21889664337246542 0.21059622260393196 0.271695246422474 0.26478332671125615
1 0.2647916425034152 0.25891451394948184 0.2117637398348467 0.22659649661429873 0.1739711031089095 0.28860723944875577 0.226999005777478 0.32092525678393885
1 0.18062155715324124 0.3171473212653499 0.12076321336486454 0.2957266439182642 0.09651276989693343 0.3634925393940909 0.15637111368531015 0.3849132167411765
1 0.2118100240477312 0.2953638086112128 0.16876753391891294 0.2556363885161036 0.1309171400846752 0.29664522319708087 0.17395963021349345 0.33637264329219
1 0.09389884504519883 0.4416712985622164 0.06655425356286508 0.38039642573510546 -0.020210069252680273 0.41911596692985587 0.007134522229653472 0.4803908397569668
0 0.6606692710937498 0.24271705625 0.6530501286013201 0.2209596315415936 0.6482344210937498 0.2226460242187501 0.6558535635861797 0.24440344892715654
0 0.7881680517032729 0.7031233140297329 0.7409213809129871 0.47841700638981893 0.7267266665073528 0.4814015821479673 0.7739733372976386 0.7061078897878813
0 0.8058216171874999 0.79266406171875 0.7994297380257949 0.7578713969083861 0.7927601740114634 0.7590966852694019 0.7991520531731684 0.7938893500797658
0 0.8230409742187501 0.8535385984375002 0.81055287890625 0.8082881453124999 0.8041038705283986 0.8100679248667785 0.8165919658408989 0.8553183779917788
0 0.6047747229878209 0.2526719165159352 0.5792828763364781 0.20570380975540853 0.5735326976562499 0.20882470781250007 0.5990245443075926 0.2557928145730267
0 0.6184530421875 0.28779515468750005 0.607570596269029 0.264837746873589 0.6031799752790618 0.2669190225933534 0.6140624211975327 0.28987643040726446
0 0.71484394375 0.5177620132812502 0.686103823571645 0.4505539417435983 0.6798334246426062 0.45323534614434574 0.7085735448209614 0.5204434176819974
0 0.7375621555425775 0.5538602511454664 0.7219966238915319 0.5315991646930918 0.7170736436515979 0.5350414407430998 0.7326391753026436 0.5573025271954745
0 0.760177986410406 0.606470543811537 0.7452497585703117 0.573002704324479 0.740443279565986 0.5751466196409412 0.7553715074060803 0.6086144591279992
0 0.7914851603026982 0.65559348770443 0.7784943122747492 0.635403220411765 0.7736128941595511 0.638544028801085 0.7866037421875001 0.65873429609375
0 0.8285327210937499 0.7415863242187501 0.8036418713348237 0.6716207218090576 0.7946505543844001 0.674819458211517 0.8195414041433263 0.7447850606212094
0 0.83975613359375 0.7679300656249999 0.8317493711643275 0.7480245193920753 0.8271390437499999 0.7498789671875 0.8351458061794226 0.7697845134204246
0 0.8556518028739717 0.8042593573216322 0.8446848679399128 0.778788327280953 0.8398969271138942 0.7808498471889902 0.8508638620479532 0.8063208772296694
0 0.49870216875000006 0.23054341249999996 0.49391270700864814 0.21686454615883247 0.4882096286875129 0.21886139843779687 0.49299909042886486 0.23254026477896445
0 0.5329676613975095 0.3410014450182647 0.5244691903198062 0.3005979971178835 0.5149542406675515 0.30259937394653597 0.5234527117452548 0.34300282184691716
0 0.5527125249999999 0.39516715312499995 0.5457699121517233 0.3815669988995835 0.54154544453125 0.38372350703124986 0.5484880573795266 0.3973236612566663
0 0.584796487693804 0.46053005057036556 0.55755066171875 0.40559882031250005 0.5500978391733102 0.409295411580214 0.5773436651483642 0.4642266418380795
0 0.6382103078024401 0.6716808065726816 0.6258944377959446 0.6066380156803373 0.6179078643685043 0.6081502755139058 0.6302237343749999 0.6731930664062501
0 0.6752280769601156 0.8704609257515209 0.643329887119714 0.7129001011160598 0.6352946796875 0.7145268289062499 0.6671928695279017 0.8720876535417108
0 0.42787559106518575 0.2506990010560683 0.40465982192895866 0.20803625514596344 0.40030870625 0.21040400000000004 0.423524475386227 0.253066745910105
0 0.525091770750838 0.42387567580745955 0.4891296390550036 0.3445090205394576 0.47734513437499987 0.34984874296875007 0.5133072660708343 0.42921539823675203
0 0.5305955835937499 0.43457818984375 0.5262081724845533 0.4257477880063857 0.521980259375 0.4278484390625 0.5263676704841966 0.43667884089986425
0 0.65308622109375 0.6491656671875 0.64550132511911 0.6388382901229102 0.6412046303808763 0.6419939783892008 0.6487895263555163 0.6523213554537908
0 0.7499867558269622 0.7830433674964828 0.6641560066158175 0.6576012312512373 0.6566279146219115 0.6627521462093828 0.7424586638330561 0.7881942824546284
0 0.3339630671875001 0.28709664765625004 0.2906873814764256 0.22880083995186568 0.28521243203125 0.23286514921875004 0.3284881177423245 0.2911609569231344
0 0.3705581263287988 0.3371637733284056 0.35630690107638324 0.32250537137188917 0.35095971249999997 0.32770402734375004 0.36521093775241553 0.3423624293002665
0 0.39604657455819653 0.37126833585570707 0.37849527457352705 0.3431185031466742 0.3736635087985807 0.3461310883882387 0.39121480878325016 0.3742809210972716
0 0.49097543809557403 0.5015834541826238 0.41069700078125004 0.3941532062500001 0.4028841979286423 0.3999914093270851 0.4831626352429662 0.5074216572597089
0 0.55747940859375 0.59100764765625 0.5016120161046096 0.5199252333989086 0.4916006359103978 0.5277937014653301 0.5474680283995382 0.5988761157226716
0 0.5879471646404121 0.6253432290417258 0.5623660671369106 0.5955214703392238 0.5559105742187499 0.6010589906250001 0.5814916717222514 0.630880749327502
0 0.6063304351562498 0.6469211593749999 0.5988072881694065 0.637140107346957 0.5924036749999999 0.6420654796874998 0.5999268219868432 0.6518465317155427
0 0.62938987734375 0.6733476250000001 0.6187582718749998 0.660932553125 0.611479696104233 0.6671655372549605 0.6221113015729831 0.6795806091299607
0 0.7229700820601368 0.7673364907018798 0.6542786644085848 0.7017881548890685 0.64778220396203 0.7085961244928349 0.716473621613582 0.7741444603056461
0 0.29974554687500005 0.34124466171875006 0.288205069447433 0.3303644267402105 0.2840235765625001 0.3347996640625001 0.29556405399006713 0.34567989904103974
0 0.405271749601706 0.42964496881607517 0.39477557094600996 0.419468955339889 0.3917530531571682 0.42258656979430603 0.4022492318128642 0.4327625832704922
0 0.5350773174922157 0.5390032142114969 0.5034816512885247 0.5142188900750941 0.49943613780515667 0.519376210199684 0.5310318040088475 0.5441605343360868
0 0.6990315930073413 0.6798604121491899 0.6478032781876931 0.6372236497909547 0.644069608605479 0.6417096752349871 0.6952979234251272 0.6843464375932224
0 0.7530269661834129 0.7300322538112276 0.7289959884856065 0.7082669618034638 0.72460754296875 0.7131122281250001 0.7486385206665563 0.7348775201327638
0 0.5568617328125001 0.64659523828125 0.4920885631042813 0.5429596615494392 0.48503778203125003 0.5473664632812498 0.5498109517394688 0.6510020400130607
0 0.6193765609374999 0.7380305085937502 0.5917095484678838 0.6941902488609483 0.5862366245467927 0.6976441393098862 0.6139036370164088 0.7414843990426881
0 0.6581277307187762 0.803853420773331 0.6365953657691499 0.7681265479644714 0.6317072148437498 0.7710726062500001 0.6532395797933763 0.8067994790588596
0 0.6951881859375 0.8580298617187501 0.6647462703125 0.81350530859375 0.6600458896871606 0.8167190093579162 0.6904878053121606 0.8612435624829162
0 0.39137702257672613 0.5033741596067187 0.2578613604053463 0.40739804019985043 0.2482453420324346 0.42077521223437203 0.38176100420381437 0.5167513316412402
0 0.5202366921875001 0.60315288984375 0.5070700622790609 0.5801422464694042 0.5022435666592322 0.5829039546297173 0.5154101965676714 0.6059145980040632
0 0.5798715908915015 0.6370993777157231 0.5282580094309082 0.6009301453073298 0.5242056021331567 0.6067129402478566 0.5758191835937501 0.64288217265625
0 0.718616363915569 0.7410642080934847 0.6579441195312501 0.6970737203125001 0.6543409233996138 0.7020432945839128 0.7150131677839328 0.7460337823648973
0 0.27740972918786755 0.4048450959952229 0.26862427704563563 0.3959600650215588 0.26467512656250003 0.39986495546875006 0.2734605787047319 0.4087499864424142
0 0.3642077609263985 0.4968847233841731 0.3504657436872217 0.48349721525635025 0.3469062944795732 0.48715092077842737 0.36064831171875006 0.5005384289062502
0 0.531160268880069 0.6719370441206756 0.4823084973954785 0.6243963803838245 0.47576804726540944 0.6311172073568989 0.52461981875 0.67865787109375
0 0.5996725489774594 0.7460122498243063 0.5625166474601581 0.7089520020993485 0.5577855584214448 0.7136953022439297 0.5949414599387463 0.7507555499688875
0 0.6551054012666617 0.8024815791472548 0.6261840089690116 0.7733777124197507 0.6221282724414742 0.7774080204288913 0.6510496647391244 0.8065118871563953
0 0.08524327343750002 0.46580032187500003 0.06490194473450442 0.45091508832065746 0.059872742544924626 0.45778771510737126 0.08021407124792024 0.47267294866171394
0 0.207949964463599 0.5564375410142254 0.16142099041231253 0.517143274720973 0.1544554431362135 0.5253912915192476 0.20098441718750001 0.5646855578125
0 0.320618425 0.6530481484374999 0.22621332500000008 0.5814465562500001 0.2201378815962809 0.5894568926761861 0.3145429815962808 0.661058484863686
0 0.34571310625 0.6744988812500001 0.338188915625 0.6680715382812501 0.3338299875276243 0.6731743320927498 0.3413541781526243 0.6796016750614997
0 0.45000545772362577 0.7580785739634532 0.3524159828125001 0.6797483828125002 0.3472199294534174 0.6862220057090134 0.4448094043645431 0.7645521968599664
0 0.5791157883923772 0.869614219438556 0.496983218437305 0.791748578706062 0.48985268920956104 0.799269851055523 0.5719852591646333 0.8771354917880169