1 0.7073760964510246 0.24078184615309017 0.7017698633860305 0.1920085623318118 0.6168017652532621 0.20177519939006458 0.6224079983182562 0.250548483211343
1 0.5656983194698457 0.1978581051916228 0.4891232688312995 0.19321419565461967 0.48457427095368866 0.2682242147036732 0.561149321592235 0.2728681242406764
1 0.4184329398289224 0.15280639722184067 0.35313945735548014 0.14513705411774813 0.34598887798836625 0.20601400566950062 0.4112823604618085 0.21368334877359313
1 0.3617595767233331 0.22041424420203698 0.34825925575804695 0.16454345060451125 0.26270021386829956 0.18521748175063593 0.27620053483358564 0.24108827534816163
0 0.443455617511958 0.6633416361003222 0.42510338758517285 0.6620263697072092 0.4086691564147641 0.8913371699288005 0.4270213863415492 0.8926524363219134
0 0.43386770251368895 0.6222414656666666 0.4207041317499562 0.5184073357924797 0.4087229383047373 0.519926251470217 0.4218865090684701 0.6237603813444038
0 0.4048534390625001 0.38454078984375006 0.39694410859375 0.38368355078125005 0.39514473033414976 0.40028554422279605 0.4030540608028998 0.4011427832852961
0 0.40281104843750004 0.3796666609375 0.4018961660318364 0.35139623052054 0.39388638984375 0.35165544140625 0.3948012722494136 0.37992587182321
0 0.40414999137621105 0.34795477799966484 0.3872295036120073 0.20570698114706412 0.3773029645795463 0.20688775080364935 0.39422345234375 0.34913554765625004
0 0.666831002995439 0.2428249651433724 0.6633629698054929 0.23833193899289595 0.6459740789213038 0.25175390643822726 0.6494421121112497 0.2562469325887037
0 0.6264447172946677 0.27915547692715414 0.6222511903973059 0.2742205318127923 0.5826799983361591 0.3078466116218987 0.586873525233521 0.3127815567362605
0 0.5679287495384321 0.328265753562083 0.5629894984701653 0.3245178791313822 0.5550327656250001 0.335003903125 0.5599720166932668 0.33875177755570085
0 0.531580429136822 0.3660930445122642 0.5272563229522366 0.3606307334825168 0.4930284799673014 0.3877263761015751 0.49735258615188693 0.3931886871313226
0 0.46321422343749996 0.41366395859375 0.45826286862524973 0.4078198639970035 0.4157241142193241 0.4438604281679133 0.4206754690315743 0.44970452276465983
0 0.37236652317660407 0.5222571631079231 0.36597248346266864 0.5201415942806614 0.35398158841106475 0.5563825608602384 0.3603756281250001 0.5584981296875001
0 0.35844874606102844 0.564506619205663 0.3521008208566476 0.5615853778474386 0.3348978116620077 0.5989679157025857 0.34124573686638854 0.6018891570608101
0 0.3273539439530479 0.6350927350561617 0.3184855228972725 0.6320507796215453 0.2579564578303411 0.8085153093176146 0.2668248788861165 0.8115572647522308
0 0.3034268337109175 0.5452996346306315 0.2886059625570809 0.5428435933105392 0.2301206280876605 0.8957707201748933 0.24494149924149716 0.8982267614949857
0 0.35754369863527186 0.498911418329291 0.3521295030865149 0.49164959899520255 0.24071328174189488 0.5747182050718758 0.2461274772906518 0.5819800244059642
0 0.20640914579996278 0.6033221241348514 0.20141549998845054 0.5953266190906914 0.09615271430860046 0.6610691914379154 0.10114636012011272 0.6690646964820756
0 0.3210576235168567 0.3010567112559214 0.30971331967532467 0.30016845199405295 0.2911878150471108 0.5367648629091332 0.3025321188886428 0.5376531221710017
0 0.3257831668620895 0.22888502226047228 0.31736490703125 0.22756087109375 0.3123357213342316 0.2595338006194947 0.3207539811650711 0.26085795178621696
0 0.46754268828125 0.3391647648437501 0.46184023309287203 0.33617877715692923 0.44637322918662203 0.3657167076256792 0.452075684375 0.36870269531250005
0 0.4449796638326891 0.38239717686203695 0.4394503557576762 0.3802401818847194 0.43608169426873716 0.3888755136164326 0.44161100234374995 0.3910325085937501