1 0.4363041449450001 0.18472295838226138 0.3537542391153908 0.16257542572268913 0.3408792657850191 0.21056396929174248 0.42342917161462845 0.23271150195131476
1 0.5640474737977181 0.19992148526884285 0.4878230451425418 0.19089490848405913 0.47897718388636185 0.2655932948481913 0.5552016125415381 0.2746198716329751
1 0.7074040359321738 0.17723780234688974 0.6416874191923301 0.17143928036760386 0.6363400701178695 0.23204260151665346 0.7020566868577132 0.2378411234959393
1 0.7882689050695286 0.23102340059170898 0.707582447844953 0.19613196185280724 0.6847483756062912 0.2489357572690592 0.7654348328308668 0.2838271960079609
0 0.545675124212046 0.6727231131321803 0.5286777004950178 0.6706846079994423 0.5013064167377228 0.8989113120827896 0.5183038404547509 0.9009498172155276
0 0.5867263305825275 0.5356821589166421 0.5749858163390078 0.5319218529672434 0.5430925128997675 0.6314998629324104 0.5548330271432872 0.6352601688818093
0 0.6216883804687501 0.40334612656250013 0.6137503523437501 0.4028169015625001 0.6126394884288506 0.4194791321818375 0.6205775165538506 0.4200083571818375
0 0.6302612679687499 0.37233556328125 0.6230459788487999 0.3704367962589103 0.6157538775190761 0.3981466831312323 0.6229691666390261 0.400045450153572
0 0.6713260562500001 0.23252464765625006 0.6618470135549588 0.22969627012260813 0.6208878588674588 0.36696704512260814 0.6303669015625 0.36979542265625004
0 0.39816971796875 0.23125352109375003 0.3853325579534608 0.2138201079564471 0.3803155809743798 0.21751437802084875 0.39315274098966907 0.23494779115815173
0 0.45226139420391787 0.29611680328386186 0.41796584531250003 0.2571232390625 0.413294980629178 0.26123134949843474 0.44759052952059586 0.30022491371979665
0 0.47445457734374996 0.32795422499999993 0.4675397890625 0.31670809843750003 0.4623867449947343 0.31987649677754415 0.46930153327598434 0.33112262334004405
0 0.5258035351395994 0.39118632731822356 0.4978728282791379 0.3577688587350307 0.49249921023986154 0.3622601908615642 0.520429917100323 0.39567765944475697
0 0.5932395072418848 0.4588445695924051 0.5557484905155332 0.4172780125756647 0.5495805593360672 0.42284118709895324 0.5870715760624188 0.46440774411569363
0 0.6340257690967084 0.580741306421199 0.6277677937912867 0.5431993034120469 0.6210870950070783 0.544312926678348 0.6273450703125001 0.5818549296875
0 0.6453373583770152 0.6261533527209723 0.6350896805227865 0.5862993476116769 0.6282663894635795 0.5880538234413616 0.6385140673178082 0.6279078285506571
0 0.6849518841930452 0.8457650923554715 0.6545986899612007 0.6617496201472735 0.6452413864686859 0.6632930993285961 0.6755945807005304 0.8473085715367942
0 0.7013484676169239 0.5790687503118244 0.6881420598415233 0.5787021928433995 0.6782155900768109 0.9363350847506299 0.6914219978522114 0.9367016422190548
0 0.7423758811046987 0.6185801011927534 0.6468375378671272 0.5176504641355718 0.6402896987683111 0.5238485415043893 0.7358280420058826 0.6247781785615709
0 0.8694464789062504 0.7290785210937502 0.778025180859013 0.6452758143284076 0.7712038734375002 0.6527172539062501 0.8626251714847376 0.7365199606715928
0 0.7222520677856286 0.3362752619089792 0.7107854844093598 0.33515128605307176 0.6876349772704223 0.5713282634465915 0.699101560646691 0.5724522393024991
0 0.7271690140625 0.2634140843750001 0.7188189815486095 0.26238998162217786 0.7148577135798594 0.29468822146592794 0.72320774609375 0.29571232421875016
0 0.5761034968858387 0.3769726245400326 0.5655105087735536 0.34536188436916576 0.5594027868877148 0.34740862623538316 0.569995775 0.37901936640625
0 0.5822190140625 0.40153908437499997 0.580221783581136 0.3925531850416506 0.5744267132686359 0.3938412131666506 0.57642394375 0.4028271125