1 0.7290106240448255 0.2007719506263871 0.6608032574183466 0.1988458017175025 0.6590308371722289 0.2616094421533558 0.7272382037987078 0.26353559106224045
1 0.6667972995531876 0.19924429942739624 0.6311438657287247 0.14841186537288809 0.5651592942169057 0.1946928786194598 0.6008127280413684 0.24552531267396796
1 0.5821747666408955 0.2220209463564416 0.5693304750417059 0.15539179433961292 0.4923626762637084 0.1702290963512408 0.505206967862898 0.2368582483680695
1 0.4894072087530693 0.20306039795358158 0.483805944447666 0.14569253560587792 0.4079582380099538 0.15309812879569068 0.4135595023153571 0.21046599114339432
1 0.35671598866828075 0.24063493624936552 0.339700174624887 0.2069984544316444 0.3065513995123235 0.22376755044288332 0.32356721355571716 0.25740403226060443
1 0.3772334100000952 0.2476994212670663 0.37303025569655135 0.1997917667758044 0.3463762680380839 0.20213024116205774 0.35057942234162776 0.2500378956533197
1 0.3817460880903214 0.18394225980067316 0.3391591067204224 0.1214099978250057 0.27342167292561753 0.1661798299064629 0.3160086542955166 0.22871209188213037
1 0.3102290410863227 0.22173364258731212 0.26361871626444133 0.18069840916364546 0.21563218216369712 0.2352044459252641 0.26224250698557844 0.2762396793489308
1 0.21722566777366828 0.2644657799672164 0.1619963692953258 0.23297623822596508 0.12634691983513519 0.2955015712715775 0.1815762183134777 0.3269911130128288
1 0.2517229789499149 0.2484290286834697 0.2162329952010229 0.20183090660676273 0.17183652465697866 0.2356440722000582 0.2073265084058707 0.2822421942767652
1 0.11019710637466329 0.37203871596774823 0.0939082099307669 0.30694640818745755 0.0017384552022624456 0.3300112470482873 0.01802735164615883 0.395103554828578
0 0.7029050578125001 0.27452568828125 0.6991798046599518 0.25177575771077854 0.6941444195312501 0.25260029140625007 0.6978696726837984 0.27535022197672154
0 0.7485181378924389 0.7500772713471668 0.7410090916813512 0.5205804596880121 0.7265117601925482 0.5210548067227262 0.734020806403636 0.750551618381881
0 0.7503549187499999 0.8413232031250001 0.7501018294391927 0.8059491793315521 0.7433208221486706 0.8059976951710777 0.7435739114594778 0.8413717189645256
0 0.7567419226562502 0.9042630289062501 0.7523012085937502 0.8575314968750002 0.745641119218092 0.8581643790267819 0.750081833280592 0.9048959110580318
0 0.6461310301183067 0.27462332563336345 0.6291823883952812 0.22394215712021576 0.6229776296874999 0.22601713359375006 0.6399262714105255 0.2766983021068977
0 0.6535024585937499 0.31158817734375005 0.6467718546698988 0.2870898279135736 0.6420865272655097 0.2883770608801205 0.6488171311893609 0.312875410310297
0 0.7084956406249999 0.55479942734375 0.691862706472928 0.4836217281363167 0.68522194745766 0.4851735527759251 0.7018548816097319 0.5563512519833584
0 0.7246003181087701 0.5942942274281144 0.713136858647047 0.5696684118816457 0.7076909243025007 0.5722035257937966 0.7191543837642238 0.5968293413402653
0 0.7378621356172349 0.6499745701626437 0.7285230608550909 0.6145338241925362 0.7233997735355046 0.6158838737469648 0.7327388482976487 0.6513246197170723
0 0.7600383200335357 0.7038455400037918 0.7507508355515753 0.6817061707408903 0.7453981819242896 0.6839516135495989 0.7546856664062501 0.7060909828125003
0 0.7815905453125002 0.7949651937500002 0.7692272442006196 0.7217402754456008 0.7598170702213058 0.7233290899791699 0.7721803713331863 0.7965540082835693
0 0.7880689070312501 0.8228576390625001 0.7836403467565898 0.8018641432524181 0.7787780390625001 0.8028898429687501 0.7832065993371604 0.8238833387788322
0 0.7974145702938277 0.8613952611420717 0.7910372447462698 0.8344068048313813 0.7859640643978717 0.8356055885732434 0.7923413899454296 0.8625940448839338
0 0.54551253125 0.23441169765625003 0.5431711417756853 0.220108962375222 0.537207956392221 0.2210851490427296 0.5395493458665357 0.23538788432375762
0 0.5600766185320861 0.3491417644567116 0.5587232429415987 0.3078763916869148 0.5490053109522396 0.30819510956249985 0.550358686542727 0.34946048233229665
0 0.5701157359375 0.40591323359375 0.5656402399680351 0.39131412453320574 0.5611054773437499 0.39270429921875 0.5655809733132148 0.40730340827929423
0 0.5903621228014562 0.47585444337439065 0.57306893046875 0.41702655390625 0.5650874268263752 0.4193728165180769 0.5823806191590813 0.4782007059862175
0 0.6061939260303334 0.6931072772281544 0.6056352220290482 0.6269058793129467 0.5976119788112146 0.6269735911472923 0.5981706828125 0.6931749890625001
0 0.6082361044351878 0.8952608283411188 0.6041826696892865 0.7345546443607471 0.5959870570312499 0.7347613593750001 0.6000404917771512 0.8954675433553716
0 0.47226198775339806 0.24196217097931916 0.45680722512406824 0.19591619245011493 0.45211105937499996 0.19749240234374998 0.4675658220043298 0.24353838087295418
0 0.5379294203878988 0.4293893150839878 0.516295509700799 0.3449836594218857 0.50376280546875 0.3481959015625 0.5253967161558497 0.4326015572246022
0 0.5414911460937499 0.44088496171875 0.5387037730464617 0.43142684768084916 0.5341753171874999 0.4327614156249999 0.5369626902347884 0.4422195296629008
0 0.62485815078125 0.6734826484375 0.6191818164249052 0.6619950639959751 0.6144024191679336 0.6643566968519043 0.6200787535242783 0.6758442812934293
0 0.6970389306677026 0.8221530473672723 0.6342949419153466 0.6837123061727884 0.6259867710314962 0.6874777279409127 0.6887307597838521 0.8259184691353966
0 0.3734558203125 0.26149911640625 0.34096055079059734 0.19657421017433446 0.33486301796875007 0.19962605859375002 0.36735828749065275 0.2645509648256656
0 0.4004626276309349 0.31768537021918836 0.38965625006479004 0.3003749063181833 0.38314285078125004 0.30444101640625 0.3939492283473949 0.32175148030725503
0 0.41997987969071515 0.3551727360476181 0.4075833909463008 0.3244028110071776 0.402301900630653 0.32653060089180075 0.4146983893750672 0.35730052593224126
0 0.49083757714700377 0.4999922988086502 0.43043381640625 0.38025395390624994 0.4217259148468141 0.3846467823087048 0.48212967558756786 0.5043851272111051
0 0.54080285546875 0.5996062320312502 0.4981275452647072 0.5199024479075934 0.4869019159644788 0.5259129180237877 0.5295772261685215 0.6056167021474445
0 0.564845426322116 0.6387108495233886 0.5448314577344162 0.604900037563059 0.53751245703125 0.6092324460937499 0.5575264256189497 0.6430432580540796
0 0.5792024453125001 0.6631531835937501 0.5734920530279746 0.6522143465174669 0.56633044375 0.6559529156250001 0.5720408360345256 0.6668917527012834
0 0.5973226554687499 0.6931824015625001 0.5890084218749999 0.6791097835937502 0.5807580776013528 0.6839841637319934 0.5890723111951026 0.6980567817007433
0 0.673160171056671 0.8019933970109312 0.6168946799336552 0.7255127479734212 0.6093147235812897 0.7310891908020863 0.6655802147043055 0.8075698398395963
0 0.3303554375 0.30888269140625 0.3208796184121727 0.29616376850216214 0.31599148046875003 0.29980551640625 0.3254672995565773 0.31252443931033796
0 0.41892790716914946 0.41426443161695997 0.4103582357218844 0.40242037243102347 0.40684026857044275 0.40496576858084377 0.41540994001770776 0.4168098277667802
0 0.5277715775073892 0.5445017799418583 0.5009596724509335 0.5146074555784426 0.49608006020987505 0.518983928467714 0.5228919652663306 0.5488782528311299
0 0.6647754225855179 0.7116894025172102 0.6217291774335509 0.660804684416285 0.617273240711383 0.6645742119224344 0.66031948586335 0.7154589300233595
0 0.7092382359692846 0.7704752186726452 0.689351846379281 0.744867654965145 0.6841886999999999 0.7488772648437501 0.7040750895900034 0.7744848285512503
0 0.5305418796874999 0.65424206328125 0.4847488880580727 0.5409332012596899 0.47703999140625 0.5440486984375 0.5228329830356773 0.65735756045906
0 0.5762293984375 0.7551438124999998 0.5565954924245938 0.7071652590632567 0.5506059522972566 0.7096163139512645 0.5702398583101628 0.7575948673880076
0 0.6029618225341201 0.8266957968878094 0.5879604889718747 0.7877726401919076 0.5826350226562499 0.78982512265625 0.5976363562184953 0.8287482793521518
0 0.6300516062500001 0.8864846562500001 0.6078037781250001 0.8373503484375 0.6026167538747244 0.8396990133345555 0.6248645819997243 0.8888333211470556
0 0.392441332929543 0.48446071635098775 0.27762015253970057 0.3667579383101468 0.2658273010907135 0.3782620773463972 0.3806484814805559 0.4959648553872381
0 0.502016940625 0.60509983046875 0.4930460969588445 0.5801524091799808 0.4878133608357896 0.5820340488557939 0.49678420450194494 0.606981470144563
0 0.5548511050318001 0.6488860865933186 0.51030237134925 0.6043037413605243 0.5053073577237 0.6092949891422058 0.54985609140625 0.6538773343750001
0 0.6734347287326881 0.7753642340866176 0.62132310078125 0.72150643671875 0.6169116881269054 0.7257748232146415 0.6690233160783436 0.779632620582509
0 0.29649280409759016 0.36873161848657937 0.29051581328125003 0.35781087890624996 0.2856207197509452 0.36048999499179946 0.2915977105672854 0.37141073457212886
0 0.36680156971392275 0.4732716294796915 0.355390778366671 0.4578742271683508 0.3512610883402482 0.4609346805011594 0.36267187968750003 0.47633208281250006
0 0.49831446748291774 0.6772721533814778 0.46425118906487406 0.6184060420666746 0.45487259375000005 0.6238330304687499 0.4889358721680438 0.6826991417835532
0 0.5557114403586983 0.7593584103732107 0.5246648393572989 0.7170260611647333 0.5190213633774917 0.7211649939261349 0.5500679643788912 0.7634973431346123
0 0.6002236278266772 0.8248199748278052 0.5767954489461871 0.7911361138654219 0.5721014723595583 0.7944009214020396 0.5955296512400484 0.828084782364423
0 0.09748307187500008 0.39429814218750003 0.08003556751216925 0.37610681432659415 0.07388935118185273 0.3820017185940586 0.09133685554468356 0.40019304645496445
0 0.20292731395787317 0.5033655198462579 0.16055241831621384 0.4598881736788961 0.15191971138959065 0.46830198195763817 0.19429460703124998 0.511779328125
0 0.2967671023437501 0.61957371953125 0.21622971328125 0.53266664296875 0.20885558921727482 0.5395002947520823 0.2893929782797749 0.6264073713145822
0 0.3177556578125 0.6450562132812501 0.31146187265624997 0.6374199539062501 0.30628307609869443 0.6416883045869367 0.3125768612549445 0.6493245639619367
0 0.40595011327652325 0.7454763191439453 0.3234451359375001 0.6513899046875002 0.3172038889817384 0.6568628939774761 0.3997088663207616 0.7509493084339213
0 0.5137310057288513 0.8777372607428815 0.44636744132136236 0.7867924040244068 0.4380391857152876 0.7929612078816554 0.5054027501227767 0.8839060646001299