1 0.3261175570358272 0.2718346836672734 0.3174400542596644 0.20892278974341863 0.25033403443904567 0.21817879265433807 0.2590115372152085 0.2810906865781929
1 0.4033848419826553 0.18639760159560917 0.33503307467481014 0.16469862968116677 0.3138966442316856 0.23127839120458393 0.38224841153953076 0.2529773631190263
1 0.47876503492588746 0.16732704156249387 0.4030157996692235 0.165974377290316 0.40177481915434454 0.23546931916466485 0.4775240544110084 0.23682198343684271
1 0.5679571358203791 0.14825408172527788 0.49212048631906874 0.14509422308212427 0.48970879046981475 0.20297495556992579 0.5655454399711252 0.2061348142130794
1 0.6736886840382544 0.21115832943157337 0.6395216127559267 0.19651529888200434 0.6246782421336207 0.23114983033405173 0.6588453134159484 0.24579286088362076
1 0.6325615740809649 0.19246588701838935 0.6058473895408678 0.19135279661330293 0.6038347951831204 0.23965508799191698 0.6305489797232176 0.2407681783970034
1 0.7026752559498497 0.15164621097741565 0.6344266892443391 0.11098749216919346 0.5956554734447266 0.1760677501142249 0.6639040401502372 0.21672646892244707
1 0.7644153265277469 0.2138437108844661 0.7112398932307871 0.16522617292954198 0.6689450399961288 0.21148616966301467 0.7221204732930885 0.2601037076179388
1 0.8584777904447114 0.2699349946514424 0.8185536297475962 0.21004875360576936 0.7656554709735577 0.2453141927884616 0.8055796316706729 0.30520043383413464
1 0.8088838980503017 0.21330531268858843 0.7622365062432951 0.18277247381615744 0.7301371289146156 0.2318131882177214 0.7767845207216221 0.2623460270901524
1 0.986323012961887 0.2973627443529624 0.8925169138060433 0.27832961989984817 0.8792318151063115 0.3438061678514006 0.9730379142621552 0.36283929230451484
0 0.289070775 0.2667457750000001 0.2840084758323967 0.2662489697258722 0.2817542947538902 0.28921840984984043 0.2868165939214935 0.28971521512396825
0 0.2769042232474409 0.7667147926849431 0.27624391887711847 0.5369054142918177 0.2634811777881453 0.5369420850916662 0.2641414821584677 0.7667514634847915
0 0.2796239831043974 0.8578099067980162 0.27869532664835817 0.8223812224734406 0.27197132509811817 0.8225574719608006 0.2728999815541574 0.8579861562853763
0 0.28000385642945425 0.8745094796215225 0.27325352109375 0.8742602109375 0.2715214035997999 0.9211669211439896 0.27827173893550416 0.9214161898280121
0 0.35820985937500005 0.23526302812500005 0.3519134380039576 0.23356274077875291 0.3379806911289576 0.2851578110912529 0.34427711250000004 0.2868580984375
0 0.34319190156250007 0.29874260546875 0.3383265908612142 0.29784454475606037 0.33372852109375006 0.32275492968749997 0.33859383179503594 0.3236529904001897
0 0.3122271125000001 0.4978130281250001 0.3042431528423354 0.49688483656385396 0.2958348593750001 0.5692098593750001 0.30381881903266483 0.5701380509361462
0 0.2961616195312501 0.5858679578125001 0.29005700895399866 0.5841241694392473 0.28263723482860076 0.6100991285004942 0.28874184540585224 0.611842916873747
0 0.28447297731030696 0.6309761962118722 0.2793188941842473 0.6301408573032627 0.2734579731395719 0.6663030352506742 0.2786120562656315 0.6671383741592836
0 0.2672637320312501 0.700360915625 0.26184609680451915 0.698722757842496 0.2548932803982692 0.721716771904996 0.26031091562500014 0.7233549296875001
0 0.25644309652627423 0.7412535500080487 0.24818106222142503 0.7399324012913304 0.23643757152947803 0.813372371922758 0.2446996058343273 0.8146935206394765
0 0.24302957734375008 0.82159859140625 0.238259757623341 0.8205635238456986 0.23364313626734567 0.8418379337728684 0.23841295598775475 0.8428730013334198
0 0.23814488907589154 0.8547437998943949 0.23301015399065603 0.853882563214081 0.2284208799916727 0.8812440385866219 0.2335556150769082 0.8821052752669359
0 0.443131571095697 0.22424857045964003 0.4370440461904292 0.22383745727994872 0.43607183125000015 0.23823345078124997 0.44215935615526797 0.2386445639609413
0 0.43786340445730765 0.3124660048952427 0.4287063062311268 0.31218332863335163 0.4274309417605545 0.35349786156611795 0.4365880399867354 0.35378053782800906
0 0.431558803125 0.39722816875 0.426974758653471 0.39610367297416077 0.42332257670329615 0.4109919142974524 0.42790662117482514 0.41211641007329175
0 0.4270373469433665 0.4233195753631918 0.4193824747657023 0.4219886331571524 0.40887101366360995 0.4824449706088343 0.41652588584127415 0.4837759128148737
0 0.41554366171875 0.6995524648437501 0.41036760546875 0.6335419015625001 0.4027943113451021 0.6341357428271894 0.4079703675951021 0.7001463061084394
0 0.42703979032896566 0.9015204996500825 0.4206228874999999 0.7408852109375001 0.4124381014040881 0.7412121688399278 0.4188550042330538 0.9018474575525103
0 0.52667042265625 0.19488873203125007 0.5220968482279231 0.19363793766948106 0.5092831154154231 0.2404918111069811 0.51385668984375 0.2417426054687501
0 0.4856570421875001 0.34882816875000006 0.47681872944633347 0.3462959377051952 0.45270429272758345 0.43046319161144525 0.4615426054687501 0.43299542265625013
0 0.46121760546874996 0.43530915468750014 0.45701826761094677 0.4337097794580046 0.45330035677914954 0.4434715685741386 0.4574996946369527 0.4450709438036341
0 0.3972690140625002 0.6719070421875001 0.3922883426581714 0.6699151945577334 0.38754753515624996 0.6817697179687501 0.39252820656057874 0.6837615655985168
0 0.38747395478635793 0.6959440826919889 0.3800161054622258 0.6930111050365537 0.3243824737569578 0.834473908833661 0.3318403230810899 0.8374068864890963
0 0.6437816898437501 0.18883838046875004 0.6376096188018727 0.186117180457858 0.6082687945592786 0.25266636865706027 0.614440865601156 0.2553875686679523
0 0.6029309859374999 0.29676584531250005 0.5967355583887366 0.29292348040410865 0.5859559810449866 0.3103044663416086 0.5921514085937499 0.31414683125000004
0 0.5855342594897268 0.32025386167088293 0.5802265278158566 0.31839651512521333 0.5692852261386298 0.34966342845433057 0.5745929578125001 0.3515207750000002
0 0.5701014360686429 0.3795123465849657 0.56104366171875 0.3756929578125 0.508942225650107 0.4992527940400344 0.518 0.5030721828125001
0 0.5167382011819066 0.5265468746108195 0.5035373814124099 0.519268578120647 0.4597744434368421 0.5986424614983277 0.47297526320633887 0.6059207579885001
0 0.4701985914062501 0.6115830984375001 0.46288697497926223 0.6076802928126273 0.44437922888551223 0.6423531803126273 0.45169084531250003 0.6462559859375002
0 0.4447098593749999 0.6602 0.43667684467354884 0.6571052466274271 0.43237147890625005 0.6682806335937501 0.4404044936077011 0.671375386966323
0 0.43161755821113185 0.6912668622450399 0.4237024648437502 0.6848823945312501 0.4136765861960289 0.6973118983120201 0.42159167956341054 0.7036963660258099
0 0.40715171651395554 0.7382209390406075 0.39915790854942246 0.7330823055946522 0.347823093597967 0.8129402399915447 0.3558169015625001 0.8180788734375
0 0.6695954226562499 0.2874573945312501 0.664882139877735 0.28388241535440356 0.6550380612787634 0.2968609318255979 0.6597513440572782 0.30043591100244443
0 0.58603838046875 0.39853380312500014 0.5821911931845476 0.3963004568135481 0.5748802861087253 0.40889430694501366 0.5787274733929277 0.4111276532564657
0 0.5036701712376195 0.5173639231334869 0.4981331726736581 0.5135460942972954 0.47539996594699774 0.5465160723661189 0.4809369645109591 0.5503339012023103
0 0.3947470043473499 0.6726915805289362 0.389854377284486 0.6688893894222794 0.34894261063252685 0.7215343015521573 0.3538352376953907 0.7253364926588141
0 0.3336207750000001 0.7611193664062501 0.3284355258614501 0.757369710796578 0.30942461023645007 0.7836591475153281 0.3146098593750001 0.7874088031250002
0 0.5259767609375 0.5423397890625001 0.5181251233580656 0.5397293891539878 0.479551977274598 0.6557508318296364 0.48740361485403244 0.6583612317381486
0 0.4641397819045466 0.7126511013157575 0.45800311647910946 0.7106059663559814 0.441611108609019 0.7597920933981253 0.4477477740344562 0.7618372283579014
0 0.43778345078124997 0.7948834507812501 0.43243607320877436 0.7931013720453286 0.4192438193025244 0.8326865829828286 0.4245911968750001 0.8344686617187499
0 0.421431451647413 0.8461303869866125 0.415991196875 0.8440485914062499 0.39671571909556935 0.8944202566020341 0.4021559738679823 0.8965020521823966
0 0.7294486623049701 0.36844710770725075 0.7145407114447426 0.35267621753644096 0.5957353592960225 0.4649808707666902 0.61064331015625 0.4807517609375
0 0.5170595070312501 0.5807524648437501 0.5110288969127617 0.5794063197080783 0.5053193664062501 0.6049845070312502 0.5113499765247387 0.6063306521669218
0 0.5017543133262758 0.6087919225332566 0.496404583949252 0.6042674208647774 0.45564956671672635 0.6524557803627709 0.46099929609375023 0.65698028203125
0 0.3991535864048165 0.7334548459285217 0.39442394375 0.7294299296875002 0.3458771414847982 0.7864768377469231 0.35060678413961466 0.7905017539879446
0 0.7041098593750001 0.3459091546875001 0.6993711232861447 0.34302536574945075 0.6928749959423947 0.35370001418695074 0.6976137320312501 0.35658380312500015
0 0.6443262017733998 0.449734983945243 0.6399999456942431 0.44745885970143034 0.6310163493895933 0.4645340866936875 0.6353426054687501 0.4668102109375002
0 0.5536556335937501 0.6203834507812502 0.5463677390650932 0.6161382651425414 0.5120448515650932 0.6750618565487914 0.5193327460937501 0.6793070421875003
0 0.49552593040981235 0.721247849358688 0.4898111950282088 0.7178241067985981 0.4628404206833789 0.7628423392481772 0.4685551560649824 0.7662660818082672
0 0.4485715341723699 0.7988881719416805 0.4437147949925871 0.7957694839858224 0.4216249506639672 0.8301700440753921 0.42648168984375 0.83328873203125
0 0.9167371850395647 0.35312165302258325 0.910539160314576 0.34709214570853625 0.8928877656947402 0.36523687538311433 0.8990857904197288 0.3712663826971613
0 0.84135528203125 0.44099331015625004 0.8326111783568904 0.43470081665756466 0.7970382908568903 0.48413321040756463 0.8057823945312499 0.49042570390625
0 0.7933505943759139 0.5196059178539167 0.7853577460937501 0.5127922539062502 0.7085216791463431 0.6029257019931821 0.716514527428507 0.6097393659408488
0 0.703108900114214 0.6277666023806074 0.697615897546134 0.6238990266865956 0.6919190140625 0.6319901406250001 0.6974120166305802 0.635857716319012
0 0.6924273065878226 0.6429196411816934 0.6851306462081029 0.6375643233131691 0.6110978874999999 0.73843450703125 0.6183945478797196 0.7437898248997743
0 0.582145628486128 0.7880915676354343 0.5737236696142668 0.7824306513188921 0.5106411081436836 0.8762809590304592 0.5190630670155448 0.8819418753470014