1 0.2905224830315947 0.29360154050668885 0.2711159253299088 0.23986381979296692 0.2080528533865464 0.2626380857696392 0.22745941108823234 0.31637580648336117
1 0.36064280570294194 0.2649325813245783 0.3194954063594834 0.1874823465627257 0.26582544462893 0.21599587340826254 0.30697284397238844 0.2934461081701152
1 0.40956965930575995 0.16518065036267834 0.3801527308639569 0.11378431220703863 0.30858784004713 0.1547448037060432 0.33800476848893307 0.20614114186168292
1 0.5313797981000483 0.1674241404324271 0.4572583645204326 0.1268535230201316 0.4270493074024966 0.18204466290136276 0.5011707409821122 0.22261528031365824
1 0.6013171375771618 0.2715180297364803 0.5645019487001546 0.1977012943561135 0.5141949991476029 0.22279126670533583 0.5510101880246101 0.2966080020857027
1 0.6649237790966154 0.13411338987380678 0.5905741325485641 0.10902553425575756 0.5670533776799634 0.1787309661447109 0.6414030242280147 0.20381882176276006
1 0.7302283638885287 0.17386398270011413 0.65942134122189 0.14131125973831632 0.6328651727280994 0.19907488297455397 0.7036721953947381 0.2316276059363518
1 0.767033024359376 0.1729777113889148 0.7159855999213356 0.14705416367937996 0.6887366931434674 0.20071142252944157 0.7397841175815079 0.2266349702389764
1 0.8230307020406464 0.22556428923575078 0.7795575596409628 0.17098692964270282 0.7317294851745724 0.2090839850422995 0.7752026275742558 0.26366134463534746
1 0.9544947712140145 0.23334981548402314 0.8571291690116197 0.21555190574448996 0.8455760267269843 0.27875475778361836 0.942941628929379 0.29655266752315146
0 0.28252784238204176 0.5915201446832085 0.2803074088035068 0.5775008824786042 0.27446717985159746 0.5784258841143459 0.27668761343013243 0.5924451463189502
0 0.2989514529392879 0.6932716471950747 0.2890271515624999 0.62272564921875 0.2814850933284663 0.62378665425182 0.2914093947052542 0.6943326522281448
0 0.3191578961489505 0.7985322681008081 0.3058014932180702 0.7290266188583663 0.2999646088905178 0.7301482511255191 0.3133210118213981 0.799653900367961
0 0.3467414618071625 0.951873032319569 0.33037762812499993 0.8532265476562498 0.32324906800855996 0.8544090588479751 0.3396129016907225 0.9530555435112943
0 0.31614582734375 0.26168446406250007 0.3101109648568897 0.2610046475105231 0.3045840226693897 0.31006837797927317 0.31061888515625 0.31074819453125013
0 0.31528202991038806 0.5827033172031145 0.313088025 0.5252150546875001 0.307636650558362 0.5254231031093857 0.30983065546875005 0.582911365625
0 0.31338220778266335 0.5978482387339865 0.31215427031249987 0.5921282484375 0.3079192937798365 0.5930373909535135 0.30914723125 0.5987573812499999
0 0.3120933664062501 0.61748909453125 0.3031938766885581 0.616369769705462 0.2988650887751577 0.6507869492746307 0.30776457849284966 0.6519062741004187
0 0.30759798356336754 0.662327370355227 0.30196068666540127 0.6622218522189794 0.3014621289062501 0.6888572554687502 0.30709942580421645 0.6889627736049978
0 0.30050477261976327 0.7335802098770375 0.2952425885398716 0.7327360606849095 0.29137797295135837 0.756826966432872 0.2966401570312501 0.7576711156249999
0 0.29692181198219336 0.77548284446249 0.2887249654252977 0.7753389289045316 0.28742672807822534 0.8492812634189184 0.29562357463512096 0.8494251789768767
0 0.29582685234375006 0.8565395210937498 0.29145025734210067 0.8564537934792741 0.2910372273437501 0.8775399398437502 0.2954138223453995 0.8776256674582259
0 0.29749587734375005 0.8917242874999998 0.29180747112976846 0.8914431396857851 0.2905124836297685 0.9176443568732852 0.29620088984375015 0.9179255046874998
0 0.39234607109374997 0.32317433046875 0.38218152104708575 0.2629198219435679 0.3763255339479212 0.26390768949736604 0.38649008399458545 0.3241621980225481
0 0.4143579984392992 0.5011666259117847 0.3923243203530125 0.3683208598579463 0.3798989720040441 0.3703817168484521 0.40193265009033075 0.5032274829022905
0 0.41813452734374995 0.5748805984375001 0.41429903026394255 0.555102772467297 0.40567251264605525 0.5567757057402545 0.40950800972586265 0.5765535317104574
0 0.45293760695182234 0.8594362915164828 0.4304787461626092 0.6295723855882206 0.42017090326769335 0.6305795137307583 0.44262976405690646 0.8604434196590205
0 0.4745943828125 0.19185304921875007 0.4702327508408315 0.18912540837275543 0.46152376802833145 0.20305150056025542 0.4658854 0.20577914140625006
0 0.365165334375 0.37752612890625004 0.3608371706412078 0.3751542988957374 0.33056684140625 0.4303922125 0.3348950051400421 0.4327640425105126
0 0.2899197332985529 0.5115804891337777 0.28495145156250007 0.5085337453125 0.2777497491391951 0.5202774588365295 0.28271803087524794 0.5233242026578073
0 0.2716449382591648 0.5556002678710675 0.26136113281250006 0.5476004828125001 0.10337709161591553 0.7506905822900561 0.11366089706258027 0.7586903673486237
0 0.5561901710897557 0.26344767950049297 0.546751608766729 0.2573755655275696 0.4919744127358043 0.3425218557526885 0.501412975058831 0.34859396972561185
0 0.4905540454700129 0.35817687459160125 0.48364130643987735 0.3535563304706381 0.4305898028169479 0.4329260302507503 0.4375025418470835 0.4375465743717134
0 0.3791421828991871 0.5074001037439609 0.3720452430880084 0.5017037268794684 0.29215640711341545 0.6012347575651138 0.29925334692459415 0.6069311344296062
0 0.293421178125 0.6164803960937502 0.2831976167265031 0.6097765293809427 0.14860674081687467 0.8150309209861332 0.15883030221537156 0.8217347876989406
0 0.6250103046875 0.19652113203125005 0.6231042773437501 0.17972412031249999 0.6157779346981711 0.1805554711292984 0.617683962041921 0.19735248284804846
0 0.6492208996877613 0.4068402979190246 0.6411470549714084 0.291881985504453 0.6320288657692107 0.2925223815068524 0.6401027104855637 0.40748069392142405
0 0.6588718821094302 0.4237262043597879 0.6491945324090113 0.42022650759905267 0.6431889717557447 0.436833063698652 0.6528663214561636 0.4403327604593873
0 0.6542188793360307 0.4648626774808518 0.6520612242187501 0.44276512187500006 0.6458223394139694 0.44337430064414846 0.64797999453125 0.4654718562500001
0 0.690697300290384 0.8607797624458271 0.6539790021869771 0.47981474183797346 0.6407877669352496 0.4810861438883567 0.6775060650386564 0.8620511644962103
0 0.5754950229841171 0.38656384778450975 0.5603906186954808 0.38001438158707457 0.4919525513175292 0.5378465174051558 0.5070569556061655 0.5443959836025909
0 0.4452718 0.6509012640625003 0.4386091619680744 0.645519512077618 0.4267869775930745 0.6601554402026181 0.433449615625 0.6655371921875002
0 0.4229150923665383 0.6833012959740461 0.41739774629827864 0.6803982359665606 0.3848168000000001 0.7423192281250002 0.3903341460682598 0.7452222881324856
0 0.3743398203125 0.78130578359375 0.36865502849863296 0.778566261923842 0.3550903572403546 0.8067143627305967 0.3607751490542216 0.8094538844005047
0 0.6717188167612649 0.3919122744752018 0.6650921599986649 0.38516662825119286 0.64774176276865 0.40221097408849105 0.6543684195312499 0.4089566203125
0 0.61312908828125 0.46473580468750014 0.6045843862193511 0.4594174273451427 0.5364555750852177 0.5688756992011428 0.5450002771471166 0.5741940765435002
0 0.5387913583770774 0.5868624928116726 0.5306656582697408 0.5819076516110309 0.4354038217676635 0.7381324595806084 0.4435295218750001 0.7430873007812502
0 0.4393803855062334 0.7495473043093304 0.43406770781250004 0.7460928375 0.39394607021286804 0.807796521708487 0.39925874790660143 0.8112509885178174
0 0.6295913135498792 0.4711381404011633 0.6228105342534712 0.4688266176876869 0.5855270378910921 0.5781965835365236 0.5923078171875 0.5805081062500002
0 0.584400828125 0.6077562054687501 0.572570291629433 0.6036996658068314 0.4899101390624999 0.8447706359374999 0.5017406755580671 0.8488271755994183
0 0.8875972807382373 0.28651901288060305 0.8829059235155604 0.2833325669464663 0.867750411097292 0.3056458037364308 0.872441768319969 0.30883224967056755
0 0.8273158117187499 0.3881461812500001 0.8188145180923014 0.38384597434729356 0.7904345852798015 0.43995167981604355 0.79893587890625 0.4442518867187501
0 0.7908173728830843 0.47653907446595734 0.78352820625 0.4719621398437501 0.7224647128571496 0.569211066314997 0.7297538794902341 0.5737880009372043
0 0.697338655343372 0.6400695103240475 0.6914721640625 0.6369832937500001 0.6668053399691283 0.6838716779572028 0.6726718312500002 0.6869578945312502
0 0.6584414765625002 0.7145565437500002 0.6514422737055606 0.7097942708762494 0.6445440518305606 0.7199327185324994 0.6515432546875001 0.7246949914062502
0 0.6246928244284805 0.7713838518285808 0.6159773340855972 0.7674447300322834 0.5697763221571168 0.8696666196099528 0.5784918125000001 0.8736057414062502