1 0.6497420705517112 0.24020518711857206 0.5538426006164258 0.22855334730217852 0.5463773678551778 0.28999530634283993 0.6422768377904632 0.3016471461592335
1 0.3181257952614698 0.2611004692530573 0.302148356438986 0.2015926562911164 0.2350062641339757 0.2196198466518672 0.25098370295645955 0.2791276596138081
1 0.4799369207248211 0.23619911901656893 0.44606485625695136 0.18443439037376377 0.38308057031447945 0.2256479319075641 0.41695263478234923 0.2774126605503693
1 0.5106018527010535 0.22419610193848172 0.46739488230442455 0.1983225303699599 0.4275410152114426 0.2648755708389698 0.4707479856080716 0.2907491424074916
0 0.579514309129483 0.36149679750204744 0.5629686666843298 0.3522459037625631 0.26346014694363723 0.8879304566782953 0.2800057893887905 0.8971813504177796
0 0.4912918515625 0.27265546249999995 0.4879571336622878 0.253743339838146 0.48235135901193543 0.2547317892790325 0.4856860769121477 0.27364391194088644
0 0.512258746375354 0.36382910407895697 0.5043830255519659 0.31711969614241686 0.4985896062500001 0.3180965304687501 0.5064653270733882 0.36480593840529013
0 0.5412713825952545 0.47222533898258384 0.5331788106445026 0.4370499950047756 0.5272395973920359 0.43841639274652244 0.5353321693427878 0.47359173672433075
0 0.5560690866803186 0.5708312126649495 0.5448423716934133 0.5065745829351217 0.5370922747661873 0.5079286553427267 0.5483189897530926 0.5721852850725545
0 0.5660934617107259 0.6044653022581398 0.55842334296875 0.6022416234375001 0.557183857629194 0.606516970958505 0.56485397637117 0.6087406497791445
0 0.5876766643483814 0.7702439817353994 0.5662230474714348 0.6147740112216263 0.5572986671829765 0.6160055045765171 0.5787522840599231 0.7714754750902901
0 0.5966298633951933 0.9329158121550618 0.589474960419222 0.8096984338465505 0.5806218168949785 0.8102125121674648 0.5877767198709499 0.9334298904759761
0 0.3548014400147092 0.38960572578670744 0.2937125881338932 0.26257877447211275 0.2842871203124999 0.26711160000000006 0.34537597219331595 0.39413855131459474
0 0.3676662491155541 0.42206374086175147 0.3566920516729035 0.3994346395298078 0.35056774921875 0.4024046781250001 0.3615419466614006 0.42503377945694376
0 0.3739957651556901 0.4400691241154037 0.36828754921874995 0.42614681406250005 0.362876998381778 0.4283651666489508 0.36858521431871816 0.4422874767018545
0 0.4147252860045236 0.5099271432379326 0.3777340507062619 0.44159892831630004 0.36969564114209225 0.44595072793455487 0.406686876440354 0.5142789428561875
0 0.4422668638483846 0.5767549985577415 0.42953355343495564 0.5450008349579217 0.42088969374999996 0.54846699296875 0.43362300416342886 0.5802211565685698
0 0.4751314732008021 0.6404563900587456 0.46133604016366847 0.6043588318316883 0.44996830402134835 0.6087032487517677 0.46376373705848206 0.644800806978825
0 0.5621103742586613 0.892075980039945 0.5012321695913938 0.674040564130363 0.481871827020459 0.6794462129904112 0.5427500316877263 0.8974816288999932
0 0.41427623828125004 0.36016560156250005 0.4081646964095514 0.35951957156748465 0.40448844697220004 0.3942974495925524 0.4105999888438987 0.3949434795875678
0 0.4083103698942664 0.4118687414059378 0.40241612109374997 0.41026687421875 0.4004174242091675 0.4176213021068878 0.4063116730096839 0.4192231692940755
0 0.39231997422639864 0.5687260834486649 0.38076471484374996 0.5672484765625 0.3710496488165143 0.6432227488235238 0.382604908199163 0.6447003557096889
0 0.38159703092439123 0.7092076558425177 0.3810846722621707 0.6724376104016703 0.3744675078125 0.6725298148437501 0.3749798664747205 0.7092998602845976
0 0.3894163980487713 0.9096103410457042 0.3826091796080833 0.7185743298002276 0.3727665437738315 0.7189250541046093 0.3795737622145195 0.9099610653500857