1 0.4178138821348373 0.30145107682720906 0.40026241938807167 0.24221489042195934 0.3075417826037354 0.26968767186071246 0.325093245350501 0.3289238582659622
1 0.7129680531528851 0.17906217930314927 0.6438294412686831 0.17138010942217258 0.6369933007440698 0.23290535897600956 0.7061319126282719 0.24058742885698625
1 0.5657393421132113 0.20837046398590187 0.49680266569422454 0.18156175682682782 0.4743222067518043 0.23936865197728663 0.5432588831707911 0.26617735913636065
1 0.5286305676961589 0.2621954691327308 0.483022458432535 0.19834411886213713 0.44255329286869205 0.22725066691509926 0.4881614021323159 0.29110201718569295
0 0.7970100641531025 0.8437317591163147 0.41235985100171196 0.3654346548892729 0.39885594590200196 0.37629459932354636 0.7835061590533925 0.8545917035505883
0 0.47479014062499997 0.2553933101562501 0.4690978875 0.2553933101562501 0.4690978875 0.2745971828125001 0.47479014062499997 0.2745971828125001
0 0.46980176093750015 0.3206151406250001 0.46441239581146193 0.3205219885779297 0.46359260792350393 0.3679512871607881 0.46898197304954214 0.36804443920785856
0 0.46308968693486047 0.4442260090061524 0.4565025023110635 0.44344152911025986 0.45221035996128806 0.4794821392490608 0.45879754458508504 0.4802666191449533
0 0.4649160374514434 0.5142558290050283 0.4569814510500806 0.5142434349555673 0.45687955393811286 0.5794772749129347 0.46481414033947566 0.5794896689623956
0 0.46193585751827515 0.6150919642597124 0.4602183101562499 0.6108334507812501 0.4531049877942249 0.6137024021465377 0.45482253515625004 0.617960915625
0 0.46830926696787323 0.7811830332909617 0.4651407248452504 0.6241988986706484 0.4547786968281097 0.6244080441510341 0.4579472389507325 0.7813921787713476
0 0.4890008098865685 0.9420594458253498 0.4741870809144679 0.8195258053039798 0.46521389121781354 0.8206106208665949 0.4800276201899142 0.943144261387965
0 0.6719950703124999 0.23319154921875004 0.6620589804933641 0.23019536122225284 0.6213521756050382 0.3651890499004315 0.631288265424174 0.3681852378969287
0 0.6302147890625001 0.37793873203125006 0.6237131248539736 0.3760573708180847 0.6167155728032179 0.4002397199583402 0.6232172370117443 0.4021210811715055
0 0.62265113100006 0.4059428073754944 0.616886971875 0.40439718281250003 0.613023720217756 0.4188045607913831 0.618787879342816 0.42035018535437746
0 0.6190208802539653 0.4241941616154348 0.6106579621145297 0.42127488502663357 0.5850550396730644 0.49462016012994897 0.5934179578125 0.4975394367187501
0 0.58632464765625 0.5339933101562501 0.5772816923326365 0.5318950778119934 0.5695471853013865 0.5652292324994933 0.578590140625 0.5673274648437501
0 0.5686542098882684 0.5998600756662095 0.5569307698868968 0.5959838649988474 0.5451328982798784 0.631666043238888 0.5568563382812501 0.6355422539062502
0 0.5490595514890118 0.6738372678551501 0.530930704575291 0.6715922645108151 0.5031161787252098 0.8962000729518493 0.5212450256389304 0.8984450762961842
0 0.5757180821529426 0.3793045838558057 0.5659967892286941 0.345709312665828 0.5600891199164849 0.34741878491740824 0.5698104128407333 0.3810140561073859
0 0.582701640501041 0.40226793041474096 0.58051936640625 0.394684859375 0.5755034575016574 0.39612834948698206 0.5776857315964484 0.40371142052672304
0 0.6456447230563412 0.620855242257071 0.62910140859375 0.5455218312500001 0.6206511435920927 0.5473775203704825 0.637194458054684 0.6227109313775533
0 0.6592482390625001 0.684445775 0.653584859375 0.6481102109375 0.6470477930140406 0.6491290994507157 0.6527111727015407 0.6854646635132158
0 0.6895083816200479 0.8828864281146878 0.6639144202585625 0.6934702172051274 0.6535647890624999 0.69486866171875 0.6791587504239853 0.8842848726283103