1 0.32538933155652866 0.26337314428012115 0.3146281313315009 0.2072611693636408 0.2487787909256917 0.2198898094684965 0.2595399911507194 0.2760017843849768
1 0.39913117002790055 0.24602638349053912 0.3706062494083529 0.1630928178553323 0.3131365558690014 0.1828594640098034 0.34166147648854905 0.2657930296450102
1 0.46306029280256134 0.1551564099452351 0.4420456937644083 0.09979102456958214 0.36495425310235147 0.1290520096380453 0.38596885214050447 0.18441739501369828
1 0.5830197875593002 0.1764275826393285 0.5161575541064313 0.1247613104153104 0.47768662467124373 0.17454721821007851 0.5445488581241127 0.2262134904340966
1 0.6358122103075153 0.29018051396348243 0.6109977585968169 0.2115134208496295 0.5573852349792091 0.2284247534759972 0.5821996866899075 0.3070918465898501
1 0.7201305696838668 0.16441782338928576 0.6506208954906734 0.1280079947494253 0.6164853890492618 0.19317578102580907 0.6859950632424552 0.22958560966566952
1 0.7784127838965416 0.21389491299232657 0.7135698828910875 0.17066630432923469 0.6783044399986135 0.22356445888729617 0.7431473410040675 0.26679306755038806
1 0.814902961710539 0.21877706633652144 0.7685393520893341 0.18518710419974949 0.7332320797992045 0.23392108557739158 0.7795956894204092 0.2675110477141635
1 0.8636731265410835 0.27716715815876214 0.8233932211491662 0.2184735834085266 0.7740680888310714 0.2523241653788929 0.8143479942229884 0.3110177401291285
1 0.9906124653499291 0.3077313681551359 0.8972298022235226 0.27492124418096175 0.8759317936235966 0.3355386549507503 0.9693144567500032 0.3683487789249244
0 0.2708883804687501 0.542179225 0.2649753523437501 0.542179225 0.2649753523437501 0.5563732390625 0.2708883804687501 0.5563732390625
0 0.2724260562500001 0.58821126796875 0.26481087511431517 0.5880793723948529 0.2635771662049303 0.65930933513031 0.2711923473406152 0.6594412307042072
0 0.27468362677195485 0.7665669026613539 0.27236474231090935 0.6958275815197165 0.26642425756958543 0.6960223147675823 0.26874314203063093 0.7667616359092196
0 0.2777334815363629 0.8223437648549506 0.270575104165336 0.8223327467000958 0.2704211773311165 0.9223373646602695 0.2775795547021434 0.9223483828151243
0 0.35569014062500004 0.23585739453125004 0.34983592421145354 0.23424188722251457 0.3367017695239535 0.2818369575350146 0.34255598593750003 0.2834524648437501
0 0.31144471796875006 0.49566514062500006 0.30602791346222424 0.4950178448280528 0.29920176093750006 0.55214154921875 0.3046185654440258 0.5527888450156972
0 0.30037294579019547 0.5674501099375014 0.30005492968749997 0.56160845078125 0.2957298713973045 0.5618439041249986 0.2960478875 0.56768556328125
0 0.2960274648437501 0.5866475351562501 0.2874126435074655 0.5841498041627398 0.27775311721389845 0.6174660793855056 0.28636793855018305 0.6199638103790159
0 0.2845731760248019 0.6302305445030909 0.2790217903428137 0.629244458000488 0.27436267578125006 0.6554739437500001 0.2799140614632383 0.6564600302526029
0 0.26642089518099965 0.6994965207706134 0.2613555512213865 0.6978395773147816 0.25376986697788695 0.7210293245129183 0.2588352109375001 0.72268626796875
0 0.2563270304829226 0.740322765618741 0.24825361361574014 0.7388983524644565 0.23540422974319294 0.8117272449648392 0.2434776466103754 0.8131516581191237
0 0.2425654929687501 0.8202102109375 0.23825619225634345 0.8194408886067899 0.23454964765625003 0.8402028171875001 0.23885894836865668 0.8409721395182101
0 0.2387098593750001 0.8552228875000001 0.2331354684504224 0.8540553384405903 0.22775765126292238 0.8797313946905903 0.2333320421875001 0.8808989437499999
0 0.4213330984375 0.30851056328125004 0.4207195725520216 0.24740780200711138 0.4147811458102293 0.24746742907549804 0.4153946716957077 0.30857019034963673
0 0.4152298939065666 0.487754901823268 0.41424914207425817 0.3530978612640925 0.4016543813005303 0.3531895930788942 0.4026351331328388 0.4878466336380696
0 0.408983984420982 0.5609147775884842 0.4058473781078331 0.5403578520990788 0.3977499122188363 0.5415933755065565 0.4008865185319852 0.5621503009959619
0 0.4110650811768196 0.6171016144832987 0.40072659444640657 0.6164838412942618 0.38695031297406784 0.8470310805136455 0.39728879970448094 0.8476488537026825
0 0.5231119718749999 0.19167253515625 0.5192307359983231 0.1882961665233188 0.5084504539670732 0.20068842042956878 0.51233168984375 0.20406478906249997
0 0.38598450703125 0.35794119687500003 0.3820806658932689 0.3549214938764448 0.34354190156250003 0.40474401406250005 0.3474457427004811 0.40776371706105535
0 0.290694582671711 0.4785741195141533 0.28626408437500006 0.47478767578125003 0.2773139252926847 0.4852602107947536 0.28174442358939566 0.4890466545276568
0 0.2639479591975186 0.5167259372711206 0.2555031429334582 0.5083433735615663 0.07407548490356927 0.6911183920842323 0.08252030116762969 0.6995009557937866
0 0.592503312236198 0.27515011036868675 0.5841308425230645 0.2676762380523027 0.5167082303317929 0.3432051947504656 0.5250807000449266 0.3506790670668497
0 0.5138662178267712 0.3596123733545797 0.5084807945836074 0.35431582289223973 0.441580584527001 0.42233857633773725 0.4469660077701649 0.4276351268000772
0 0.37947251204781896 0.4884026682943149 0.3733540570234517 0.481666217321266 0.27887870158148215 0.5674744886937494 0.28499715660584946 0.5742109396667983
0 0.2777429578125 0.5827302820312501 0.2686939808907824 0.5745096333424465 0.10365128071174498 0.7561823506125753 0.11270025763346259 0.764402999301379
0 0.6716908453125001 0.2029250000000001 0.6643246504241728 0.20260002312388478 0.6635795801116728 0.21948840359263477 0.6709457750000001 0.2198133804687501
0 0.6719661309801286 0.3165245275446537 0.6628600220200485 0.31573064013356117 0.6528510216282571 0.43053665276915937 0.6619571305883373 0.4313305401802519
0 0.6688477562908894 0.44951829988034164 0.6598370240944329 0.4445478186640054 0.6513075632875883 0.4600104436625765 0.6603182954840447 0.46498092487891274
0 0.65914260546875 0.4672573945312501 0.6528852353781105 0.4668830967490523 0.6515595070312501 0.4890461265625001 0.6578168771218896 0.4894204243446979
0 0.6552409350255455 0.5041508784115681 0.6420132144639971 0.5033430635597541 0.6186833904510078 0.8853617799784089 0.6319111110125563 0.8861695948302231
0 0.5989314168478501 0.4057048432777641 0.58757852109375 0.39676232421875 0.4813468735269553 0.5316277701465884 0.49269976928105547 0.5405702892056026
0 0.42233943671875007 0.6404820421875 0.41660071847290253 0.634124282184007 0.4026345208166525 0.6467306204652571 0.4083732390625 0.6530883804687502
0 0.3951894958293717 0.6689858164047605 0.39019421596482956 0.665255394659509 0.34832781718750006 0.72131725390625 0.3533230970520421 0.7250476756515016
0 0.3318809859375 0.7581848593750002 0.32669473905357305 0.7545897684820216 0.30889373798878306 0.7802693379425205 0.31407998487271 0.783864428835499
0 0.6865133186504717 0.42010575503265574 0.6810234984159365 0.412406521159669 0.6612203907029648 0.4265268223770133 0.6667102109375 0.43422605625
0 0.6172528171875 0.48286725390624996 0.6096452919910382 0.4762776686153557 0.5252322133287926 0.5737306333294371 0.5328397385252543 0.5803202186203313
0 0.5247254847428832 0.5918613764786912 0.5174749337716756 0.5856963983342502 0.3989469841850425 0.725095585136809 0.40619753515625 0.73126056328125
0 0.40108891430274607 0.7369919662327341 0.39638204218750006 0.7327489437500001 0.34710178578684936 0.7874165458257093 0.35180865790209537 0.7916595683084434
0 0.6325108192481824 0.4917660260929292 0.6261751237370016 0.4884222141140996 0.5722414169888193 0.5906132302086704 0.5785771125000002 0.5939570421875
0 0.5665049296875001 0.6196327460937501 0.5554546296116271 0.6137754456527533 0.43610035234375005 0.8389475351562499 0.4471506524196231 0.8448048355972467
0 0.9162210992465474 0.34978089123217615 0.912085970605656 0.34589978594222615 0.8936264879380419 0.36556746557785635 0.8977616165789332 0.3694485708678063
0 0.8407838031249998 0.4407267609375 0.8330598750739956 0.43514960142040027 0.7962524805427457 0.4861249529829002 0.8039764085937499 0.49170211249999995
0 0.7909070262255014 0.5223217777502643 0.78442359140625 0.516660915625 0.7088988066612699 0.6031601110296607 0.7153822414805213 0.608820973154925
0 0.6729973901291186 0.6692155893555641 0.667685915625 0.6652496476562499 0.6359878215896314 0.7077020161131857 0.6412992960937501 0.7116679578125
0 0.6229267609375001 0.7367007039062502 0.6167587133615103 0.7309021458291374 0.6083594172677602 0.7398366528603872 0.6145274648437501 0.7456352109375001
0 0.5807038612502675 0.7875489215610735 0.5727118873995087 0.7822948937515062 0.5110886597429914 0.8760308315654328 0.5190806335937502 0.8812848593750001