1 0.4572087934742061 0.2894171290676996 0.45128259785413627 0.22792030108094868 0.35502344591241475 0.23719639845545992 0.36094964153248466 0.29869322644221086
1 0.7702930528934189 0.22559492986140534 0.7038905197545259 0.20486173395183274 0.685440408980795 0.2639521943619075 0.7518429421196878 0.28468539027148004
1 0.6201770639388443 0.22627217771549962 0.5576222907018643 0.18680228418357286 0.5245247856921345 0.23925763015299467 0.5870795589291145 0.2787275236849215
1 0.5734797867913762 0.2720275783132454 0.5408930395327008 0.20064691919678915 0.4956517769013894 0.22130049131671964 0.5282385241600649 0.29268115043317594
0 0.7259660413104975 0.8940886303038773 0.43964632539983717 0.35118447024251986 0.42431834960973713 0.35926822055530244 0.7106380655203972 0.9021723806166599
0 0.5214438235172866 0.2548903614035647 0.5156830070395546 0.2539719122606687 0.5126745312499998 0.27284206640625003 0.5184353477277319 0.27376051554914604
0 0.5045848328125001 0.31814885000000004 0.4993122592451276 0.3170290699654449 0.4894575962945155 0.36343053613321763 0.49473016986188806 0.3645503161677729
0 0.4744100124346118 0.4382079148331394 0.4680935389378427 0.4361809539723538 0.457003382576017 0.47074041690512447 0.4633198560727861 0.4727673777659101
0 0.46337404176944713 0.5074751290076176 0.4550938019928051 0.5056301611287342 0.4409048182530452 0.5693105042375793 0.44918505802968733 0.5711554721164627
0 0.4406746208817241 0.605714419798029 0.4398011921874999 0.60120642421875 0.43227114005577577 0.6026653794207212 0.43314456874999985 0.6071733750000001
0 0.44208292044757524 0.6152655520963186 0.4318713657470779 0.6134936869191291 0.40502770791686854 0.768198166595963 0.4152392626173659 0.7699700317731525
0 0.41369293937065715 0.8087298791946917 0.40467761961328136 0.808082598295405 0.3958386576107739 0.9311915435210582 0.40485397736814976 0.9318388244203449
0 0.7197444890625 0.27091177812500017 0.710562653106475 0.26607474337464343 0.644845736683102 0.39082099335573395 0.6540275726391269 0.3956580281060907
0 0.65111276484375 0.4050274945312501 0.6450895347576108 0.40194012292441694 0.6336063373711378 0.4243429784246103 0.6396295674572771 0.4274303500314433
0 0.6383446429252451 0.4310738425851722 0.6329813062499999 0.42845676171875 0.6264399760578694 0.44186229174056624 0.6318033127331145 0.4444793726069884
0 0.6312985676273641 0.44829718292762283 0.623646323856586 0.4438358215552931 0.5845188609167219 0.5109482698776704 0.5921711046875 0.51540963125
0 0.57825239140625 0.5498402765625002 0.569775942208666 0.546055117550017 0.5558230836149161 0.5773010167687669 0.5642995328125 0.5810861757812501
0 0.5483386378909256 0.611125205540935 0.5375702065495724 0.6050832741765306 0.5191806147523967 0.6378587303543458 0.52994904609375 0.64390066171875
0 0.5149884751365847 0.680004391048844 0.49762107285085566 0.6743414876119272 0.42746038770677963 0.8895153568317393 0.4448277899925088 0.895178260268656
0 0.5973566980245713 0.39596979026722434 0.5942242969804761 0.3611368483453844 0.5880989852597353 0.36168767557302745 0.5912313863038303 0.39652061749486733
0 0.5998303367980069 0.4198437605446273 0.599135075 0.4119836148437499 0.59393589128106 0.4124435037514321 0.594631153079067 0.42030364945230947
0 0.6199085519958493 0.6464251145408284 0.6180434773437501 0.5693191773437499 0.6093943855078106 0.5695283856425306 0.6112594601599097 0.6466343228396091
0 0.6225023125000002 0.6746943820312501 0.6158909375528226 0.6744472196361191 0.6145171125528226 0.7111958204173693 0.6211284875 0.7114429828125002
0 0.6217661947094293 0.720922170030228 0.611151532061744 0.7204923695152218 0.6034163364972798 0.9115263226259318 0.614030999144965 0.911956123140938