1 0.7094493279479793 0.18746790189819348 0.6425474315002916 0.18477517490498901 0.6402486076862696 0.24189038678696137 0.7071505041339573 0.24458311378016587
1 0.6418956436876734 0.16144748062485936 0.5820132458625731 0.1477826673860438 0.5624607103820065 0.23346643690956811 0.6223431082071068 0.2471312501483837
1 0.583087663804869 0.1154112324950896 0.5027342644616274 0.09486936847015351 0.48793728438387723 0.15275056405289703 0.5682906837271189 0.17329242807783313
1 0.4737872219114395 0.1802117384048002 0.4348107476840141 0.13095204950794034 0.3689680153621991 0.18304977113135265 0.4079444895896245 0.2323094600282125
1 0.40566052003401876 0.24160314418872914 0.35278082446870485 0.22599571388959583 0.329064459989777 0.30634937298178955 0.38194415555509087 0.3219568032809228
1 0.3423018594885109 0.20968923628941413 0.296315065835094 0.15180449856460623 0.23552281210179812 0.20010118155987358 0.281509605755215 0.2579859192846815
1 0.2848019227287657 0.2516365739917553 0.24288979622230067 0.2037244934895354 0.18435618084811387 0.254928036869999 0.2262683073545789 0.30284011737221894
1 0.23170390628307375 0.2667820042259003 0.1888714343868741 0.22519001705135047 0.14820179064526973 0.2670726365395734 0.19103426254146938 0.3086646237141233
1 0.19413413579016975 0.2929102985804958 0.14061358108845287 0.2662159935318411 0.10883618853449065 0.32992784792784 0.16235674323620752 0.3566221529764947
1 0.10494977890627699 0.38432788341999213 0.07140671322279354 0.3304429953016214 -0.013658181082873599 0.3833954544546506 0.01988488460060984 0.4372803425730213
0 0.7392444374999999 0.52330363828125 0.7388384334723076 0.5092955888545395 0.7331505509979056 0.5094604442975282 0.7335565550255979 0.5234684937242388
0 0.7538938812499999 0.6252349882812499 0.7468134348146396 0.5547585992499433 0.7376358453124999 0.5556806304687499 0.7447162917478602 0.6261570195000565
0 0.7659394984375 0.7320014796875001 0.7586024766006187 0.6616093133027562 0.7526759016770578 0.662227044108119 0.760012923513939 0.7326192104928628
0 0.7858378095300187 0.8863339883720709 0.772072652495425 0.7872838277980455 0.765145512932937 0.7882465033083687 0.7789106699675308 0.8872966638823941
0 0.6303801418512496 0.2617781432193171 0.611813786090688 0.21604228578675727 0.6061439 0.21834396171874992 0.6247102557605615 0.2640798191513098
0 0.7061007851562501 0.5236883976562499 0.6909636505908732 0.46814465799399335 0.6857824376241707 0.4695566752324031 0.7009195721895475 0.5251004148946598
0 0.7113872742187499 0.5386422039062501 0.7105954580793498 0.5326503994636134 0.7063494972642411 0.5332115026058888 0.7071413134036414 0.5392033070485255
0 0.739677192800271 0.580877352772253 0.7170540297287978 0.554806943026138 0.7086551694037917 0.5620952360985341 0.731278332475265 0.5881656458446491
0 0.745079228125 0.6225582359375 0.7363746946952799 0.597325023090879 0.7310478744976306 0.5991625807878076 0.7397524079273506 0.6243957936344287
0 0.7743009757763636 0.6849565698110842 0.7643648492020715 0.6626312584544813 0.7590899013221486 0.6649789323108732 0.7690260278964407 0.6873042436674762
0 0.8020635617187499 0.7729549320312501 0.7839209875645787 0.7014014588443296 0.7753025101762654 0.7035866967950445 0.7934450843304366 0.775140169981965
0 0.8102140890625 0.7999484382812502 0.8033619138311007 0.7799412234490067 0.7993444658992717 0.7813171399592623 0.8061966411306709 0.8013243547915057
0 0.8224114942165833 0.8380446185847976 0.8130550250584762 0.8135416112326839 0.8077271816231425 0.8155760473353864 0.8170836507812499 0.8400790546875001
0 0.5571402858032892 0.2986566054775094 0.5492264687499999 0.23806714062500003 0.5433373251342107 0.23883634374124063 0.5512511421875 0.29942580859375
0 0.5937543530090889 0.4745758630114064 0.5770105914959489 0.3409739728491105 0.5644940884719893 0.34254261339272174 0.5812378499851294 0.47614450355501764
0 0.6070274729703915 0.5269559804418733 0.5988465942796481 0.5268666343623519 0.59861954164044 0.547656467645773 0.6068004203311833 0.5477458137252944
0 0.6602446522612545 0.8279024746182791 0.6139174444272522 0.6016355706796837 0.6040283785150776 0.6036603158095406 0.65035558634908 0.829927219748136
0 0.44978584042768704 0.20537518618103148 0.4380071536821638 0.1939625765164724 0.4342020625 0.19788972187499998 0.4459807492455233 0.20930233153955907
0 0.64167838828125 0.3838962796875001 0.5962819611864069 0.3401874879324108 0.5928873408449805 0.34371317758559794 0.6382837679398237 0.38742196934068723
0 0.7176350257812499 0.4553533210937501 0.7081469749999999 0.44528675 0.7039315701513968 0.4492598978469274 0.7134196209326469 0.45932646894067747
0 0.9483595753184169 0.6299627065686239 0.74212851796875 0.475749315625 0.7357729156270822 0.48424872402913366 0.942003972976749 0.6384621149727575
0 0.46302160785736957 0.3450819681842187 0.38105704699194504 0.2851821886628999 0.3743320163727566 0.2943844626263981 0.4562965772381812 0.3542842421477169
0 0.5466827313028876 0.41549234368238325 0.47139131758146285 0.3568551581585834 0.4669295849230061 0.3625841193374228 0.5422209986444309 0.4212213048612227
0 0.7265018859486702 0.5391208726524088 0.623624278775223 0.46357065039843404 0.6177458787126102 0.47157533541996643 0.7206234858860575 0.5471255576739412
0 0.9261362114339804 0.700961499700817 0.739799935923612 0.5414247704916134 0.7316078820312499 0.5509929546875001 0.9179441575416185 0.7105296838967037
0 0.2983102944937871 0.24550941840918447 0.29622120737008545 0.22876443689102635 0.2886351890625 0.22971086093749998 0.2907242761862017 0.24645584245565813
0 0.33958125549484436 0.45220898881511334 0.3112726290128631 0.34051896022016004 0.3017799550881693 0.3429249454619039 0.33008858157015053 0.45461497405685714
0 0.34434212063725245 0.4818800103246634 0.3345505636755796 0.46709669983443847 0.3258930705632276 0.47283089157795477 0.33568462752490036 0.4876142020681796
0 0.34839097499999994 0.5102457351562502 0.34354579408080455 0.488457635000625 0.33754248702753414 0.4897926347747593 0.3423876679467296 0.5115807349303845
0 0.4370718218084505 0.8978073539415921 0.3572061378929314 0.5235678576677703 0.3435655846513793 0.5264788601794493 0.42343126856689856 0.9007183564532711
0 0.5186011700151678 0.5334933466980577 0.3989058796875 0.40995560078125 0.3908589072335509 0.41775228427248684 0.5105541975612187 0.5412900301892946
0 0.6155513353150479 0.6357698571541596 0.6035564068186902 0.6220837077330023 0.5964560976562501 0.6283066195312501 0.6084510261526078 0.6419927689524074
0 0.6809975281250001 0.6980547218750001 0.6310452801400139 0.6490028755525024 0.6266792924731527 0.6534490058204759 0.6766315404581389 0.7025008521429736
0 0.7279531546875001 0.7512213296875003 0.7071545111913766 0.7280251819720369 0.70241527890625 0.7322745773437501 0.7232139224023735 0.7554707250592135
0 0.3289846890388959 0.45383005799920256 0.30868607135496423 0.4383752653573271 0.30304754292561753 0.44578101550483584 0.32334616060954924 0.46123580814671133
0 0.4839047116183378 0.5781571207728128 0.3888453153067158 0.49131619123186854 0.38150386171874995 0.4993524265625001 0.4765632580303721 0.5861933561034444
0 0.63279468590082 0.7066333876122275 0.4921078398437501 0.5901233382812501 0.48438798909918007 0.5994451217627725 0.6250748351562498 0.7159551710937501
0 0.6906506140943378 0.7643547026227242 0.6350019468750001 0.7160630148437502 0.6309417041707676 0.7207418137317021 0.6865903713901053 0.7690335015106761
0 0.4407559177335065 0.6000438599203676 0.37345438553639665 0.5061028580307207 0.36773132160257704 0.510202994966247 0.43503285379968687 0.6041439968558938
0 0.6104501601562501 0.82675580859375 0.4595758764665548 0.6212746021391605 0.4502315331088179 0.6281356729639548 0.6011058167985133 0.8336168794185443
0 0.09147841807092436 0.42156914915078686 0.07017608046874999 0.40512584374999994 0.0668259557832959 0.4094659375036261 0.08812829338547028 0.4259092429044129
0 0.20494457367519853 0.5266742971557314 0.15962562566186494 0.48316691886427227 0.15250807854916645 0.49058082795854085 0.1978270265625 0.5340882062500001
0 0.3055429070312502 0.6334805304687502 0.22066315078125004 0.5560828859375001 0.21535637467544982 0.5619026736721485 0.30023613092545 0.6393003182033986
0 0.39391130659951523 0.7250196321924975 0.3569442984375 0.6869788179687502 0.3521934517602482 0.6915955590001451 0.38916045992226345 0.7296363732238926
0 0.42583382513199847 0.7545242319314701 0.41762111881192904 0.7456042477022857 0.4112119250000001 0.75150524765625 0.4194246313200695 0.7604252318854343
0 0.53979526093513 0.8754971056356087 0.46750468651861654 0.7895663074779756 0.46002945185757593 0.7958549608959686 0.5323200262740894 0.8817857590536015