1 0.32462778298938244 0.2646714542274942 0.31495571369318554 0.2082510526821669 0.24904558160605195 0.21954993300573392 0.25871765090224885 0.27597033455106124
1 0.39895655712353106 0.24696097421937463 0.3699652879312896 0.16303887990193738 0.3126045103674719 0.1828544214104552 0.3415957795597134 0.2667765157278924
1 0.45872996601562505 0.153703254296875 0.43605512372036637 0.10079528894127152 0.36206896532866384 0.1325036425377155 0.3847438076239224 0.18541160789331898
1 0.5143451708154659 0.12083946395151826 0.44996085962396953 0.11617393433506158 0.44528429435342254 0.18071053755888128 0.5096686055449189 0.18537606717533794
1 0.5779355244665448 0.18048101023454724 0.5316210748087461 0.12622694172592808 0.4911677388559066 0.1607602779895515 0.5374821885137053 0.21501434649817064
1 0.6695115343476599 0.17293356755535466 0.582599820699405 0.14527984040577133 0.5609485243683465 0.2133267715358782 0.6478602380166014 0.2409804986854615
1 0.6045257111446328 0.22747558344106297 0.5713599359251341 0.21872350436607374 0.561396512983565 0.25647963555108405 0.5945622882030637 0.26523171462607326
1 0.7636202537661256 0.20032295091291133 0.6993540822804679 0.16526868380613874 0.6666412495353837 0.22524222461855087 0.7309074210210416 0.26029649172532343
1 0.8138623697454154 0.21188675748894684 0.764401173284116 0.17726391804555197 0.7302415161528917 0.22606342552616782 0.7797027126141911 0.26068626496956265
1 0.8721375301403546 0.2791135062084779 0.8225517834416098 0.22126346228114185 0.7762137521897708 0.26098177058628835 0.8257994988885156 0.3188318145136244
0 0.27290903181996684 0.5450842621045576 0.2655247467098438 0.5447149887623343 0.26485880318038635 0.5580317282246172 0.2722430882905094 0.5584010015668406
0 0.27184568232525874 0.6592156391510913 0.27132570390625005 0.59056161953125 0.2645282341602593 0.5906131028615975 0.26504821257926797 0.6592671224814388
0 0.270938883785956 0.7098180465816818 0.27032746484375003 0.69636338046875 0.26622273574529404 0.6965499112308183 0.2668341546875 0.7100045773437501
0 0.27395078943803525 0.7659163006475184 0.2726260487225301 0.7149011714215996 0.2664943405290962 0.7150603971968292 0.2678190812446014 0.766075526422748
0 0.2783553301596345 0.8538252283422381 0.277154900477954 0.8232174845104016 0.27082015537665927 0.8234659319649822 0.2720205850583398 0.8540736757968185
0 0.2783126757812501 0.86770950703125 0.2715033256707396 0.8674205940543251 0.26916453495026527 0.9225432300135206 0.2759738850607758 0.9228321429904455
0 0.35564084531249995 0.23558838046875005 0.3496477243920114 0.2341122592686707 0.33776145642326144 0.2823710616124206 0.3437545773437499 0.2838471828125
0 0.31198133828125 0.49576831015625 0.306785471351798 0.49507357648305383 0.3004937748339482 0.5421287562281909 0.3056896417634002 0.5428234899013871
0 0.305634859375 0.54273063359375 0.3023794413414427 0.5414828337391294 0.2971098417590517 0.5552308314221063 0.30036525979260903 0.5564786312767268
0 0.29624260546875014 0.5866464789062501 0.28982243664756746 0.5850822798595982 0.27264734674342705 0.6555764902604961 0.27906751556460974 0.6571406893071481
0 0.2664418227517819 0.6997840775378898 0.26153059887390173 0.6983179946186326 0.2552310300283699 0.7194208889557427 0.2601422539062501 0.720886971875
0 0.2565183468906388 0.7426178867134472 0.24960490604029636 0.7414792883968065 0.23816639754701496 0.8109326247742574 0.24507983839735736 0.812071223090898
0 0.25461549296875 0.7418640843750002 0.2517763618120036 0.7399172126551885 0.24574678446825357 0.7487101704676884 0.24858591562500001 0.7506570421875001
0 0.24117500000000008 0.82087394375 0.23775614072922274 0.8203805388268248 0.2350200703125001 0.8393390843749999 0.23843892958327748 0.8398324892981751
0 0.23740668984375005 0.8561711265625 0.23196223913790354 0.855314371440324 0.22806822507540353 0.8800597940965739 0.23351267578125007 0.88091654921875
0 0.48237605625 0.17632464765625006 0.4761799296875 0.17632464765625006 0.4761799296875 0.19568697187500003 0.48237605625 0.19568697187500003
0 0.4919936798093164 0.29619797812008536 0.4820898871148011 0.2956153898302434 0.47704374246173475 0.3813980453039081 0.48694753515625006 0.38198063359375006
0 0.4912327568385977 0.43294842097591946 0.4841481220212821 0.43174938240919225 0.47792653400645496 0.4685102342216143 0.4850111688237705 0.4697092727883415
0 0.4900026138656325 0.6602855159903587 0.4844749607071268 0.4799934149184475 0.4757018442251112 0.4802623936742744 0.48122949738361687 0.6605544947461858
0 0.5004162111175952 0.8709063318340498 0.48801398388654116 0.6717723037340002 0.4769832188226162 0.6724593086430077 0.48938544605367024 0.8715933367430573
0 0.3860272012223166 0.3581142707944762 0.38163326561547545 0.3546453504055418 0.3387648947180402 0.40894491343223116 0.3431588303248813 0.41241383382116564
0 0.2598074807251135 0.521287703150958 0.2518861260828169 0.513317994571112 0.07268184658136775 0.6914350031325045 0.08060320122366434 0.6994047117123505
0 0.37959569475885 0.4902515331397749 0.37602156558823185 0.4851354374083196 0.36259119687499997 0.4945179578125001 0.3661653260456181 0.4996340535439553
0 0.36438873203124994 0.5010172539062501 0.3596559431804095 0.49604245749188564 0.2804946919831027 0.5713527729056788 0.2852274808339431 0.5763275693200433
0 0.2745017609375001 0.58564964765625 0.26745995272172507 0.5793981459872309 0.10558900163566184 0.7617326079457141 0.11263080985143685 0.7679841096147332
0 0.4149338744813071 0.3649942672615107 0.40461267578125 0.36455528203125 0.39938856506987747 0.4873819307801256 0.40970976376993457 0.4878209160103862
0 0.6992809859374999 0.24541373203125008 0.694588374640284 0.24231056187011055 0.6848399929724691 0.2570520563961995 0.689532604269685 0.260155226557339
0 0.6714028171875002 0.28723098593750007 0.6683183879652366 0.2855174564516528 0.6633771125000001 0.2944119718750001 0.6664615417222637 0.2961255013608474
0 0.5945739576726272 0.34468139888695815 0.5859969188860236 0.3439769847102452 0.5808803557446465 0.40627692410453714 0.5894573945312501 0.40698133828125005
0 0.6069382767298872 0.3929967399707598 0.6027370555547031 0.38995966468902943 0.5892688491373159 0.40859038956201976 0.5934700703125 0.41162746484375007
0 0.5836551252028512 0.4261904184844395 0.5787972738285665 0.42355884281469525 0.5746731345632152 0.43117194542400583 0.5795309859375 0.4338035210937501
0 0.5615457032906928 0.47232563078056844 0.5551169790727827 0.46814698780070996 0.5362452645647139 0.49718058762636896 0.542673988782624 0.5013592306062274
0 0.5254640843750001 0.5248302820312502 0.52032976737668 0.5215852229358069 0.48690326164281605 0.5744724806208257 0.49203757864113606 0.5777175397162689
0 0.44978165911719925 0.6548445309344189 0.4431347237017452 0.6503296537797411 0.4018907403657961 0.7110502634703222 0.4085376757812501 0.715565140625
0 0.4026144051690144 0.7227592186444859 0.3970139033977373 0.7195588862386292 0.37901569510372296 0.7510553011878933 0.3846161968750001 0.7542556335937501
0 0.37400739453125004 0.7717285210937501 0.36729397478381914 0.7682812053735117 0.347572050718569 0.8066883503007046 0.3542854704659999 0.8101356660209429
0 0.5945548503231717 0.43371795201279484 0.583535915625 0.4320570421875001 0.5651873423099041 0.553786547356619 0.5762062770080758 0.5554474571819137
0 0.5699862679687502 0.6153538734375001 0.5634253760044956 0.6148983201888829 0.5619031924107456 0.6368208553451329 0.5684640843750002 0.6372764085937501
0 0.5680073945312503 0.6514348593750001 0.5602226334557756 0.6505215255884694 0.5518801819272385 0.721628050816322 0.5596649430027132 0.7225413846028526
0 0.5533197230608554 0.8910516458412294 0.5531607858709242 0.791950882717557 0.5439501240204607 0.7919656547199693 0.5441090612103918 0.8910664178436416
0 0.7119908453125 0.3476933101562501 0.7062378679135533 0.34543701754040435 0.7033748397885533 0.35273701754040426 0.7091278171875001 0.35499331015625
0 0.69824929609375 0.37746690156250007 0.6936602251313427 0.37568739497657266 0.690842933060528 0.38295275344000224 0.6954320040229353 0.38473226002592964
0 0.7456292249999998 0.36315246484375 0.7388436727681056 0.3567026308103688 0.7003383915181056 0.39721213784161885 0.7071239437499999 0.4036619718750001
0 0.6321172539062501 0.4911218312500002 0.626815266771209 0.48616495963432016 0.5967420899914301 0.5183319408996461 0.6020440771264711 0.5232888125153261
0 0.6450000000000002 0.4916943664062501 0.6389751841527576 0.48890906481916385 0.6248447329935294 0.5194742885161299 0.6308695488407722 0.5222595901032161
0 0.6064947179687501 0.5732859156250001 0.6012622111381404 0.5711840241328316 0.5945347470756405 0.5879315592890817 0.5997672539062501 0.59003345078125
0 0.5147819482469164 0.6346336123660583 0.5097855062354173 0.6303586634007765 0.4848940509572512 0.6594511072847183 0.4898904929687502 0.6637260562500001
0 0.4830839352693298 0.6732805162445682 0.4776151792403115 0.668927171402688 0.45291011740848175 0.6999621481268699 0.4583788734375 0.7043154929687501
0 0.4275975351562501 0.7443830984375 0.42293455816503744 0.7406060449651923 0.41170098209346906 0.7544745027815318 0.41636395908468166 0.7582515562538397
0 0.4085574461513091 0.763097479381315 0.4034067719241278 0.7630396700339794 0.4032859410991366 0.7738054068017581 0.4084366153263179 0.7738632161490937
0 0.39978546878200805 0.7783829907671252 0.3942795991957617 0.7736602761255833 0.3680420179137537 0.804248764264708 0.3735478875 0.80897147890625
0 0.40819436640625 0.5572739437500001 0.40758898569782415 0.5443164816107184 0.40104664385043354 0.5446221439001208 0.4016520245588594 0.5575796060394025
0 0.4085781687500001 0.594783803125 0.40819436640625006 0.58336760546875 0.40137691424940114 0.5835968021062812 0.4017607165931511 0.5950129997625311
0 0.4128887961263078 0.6134506870942849 0.40306604605558133 0.6128454686223004 0.38854399459472516 0.8485396660358113 0.39836674466545163 0.8491448845077958
0 0.49248932318539607 0.8112895061562613 0.4869626757812499 0.8082545773437501 0.4646068888496261 0.8489647749945048 0.4701335362537723 0.8519997038070161
0 0.5092732390625001 0.7761144367187501 0.5039528161558483 0.7735808668207373 0.49069894349959836 0.8014136129144873 0.4960193664062501 0.8039471828125002
0 0.7589940140625 0.24670598593750018 0.7557609759058095 0.24571519469739772 0.75350668984375 0.25307112656250014 0.7567397280004405 0.25406191780260257