1 0.7744904617103947 0.2426879325467229 0.7100912504699927 0.22506444646851378 0.6949200892361252 0.2805024462335014 0.7593193004765273 0.29812593231171053
1 0.7142315189625863 0.2001739417900657 0.6585485063184902 0.1756022745322898 0.6227095854005087 0.25681854145024596 0.6783925980446048 0.28139020870802184
1 0.6643307111908149 0.13631580596618192 0.5923407734894168 0.11172283816692115 0.5720219724942287 0.17120119107456272 0.6440119101956266 0.1957941588738235
1 0.5833013717200386 0.12199570678458005 0.51875543497384 0.12103202046055998 0.5177894691831116 0.18573063169253554 0.5823354059293102 0.18669431801655562
1 0.5329327211080409 0.1523690663675634 0.49032688050001133 0.12240992069638346 0.4484541559268983 0.18195843548271032 0.491059996534928 0.21191758115389026
1 0.46494402970517446 0.20786522514423197 0.4471100956533129 0.13784909920953456 0.3592195682273859 0.1602358543887517 0.37705350227924733 0.23025198032344912
1 0.4600762701822781 0.22995038857844255 0.4391157988955248 0.20643298293712994 0.407725982130395 0.234409935966598 0.4286864534171483 0.2579273416079106
1 0.3579395894189794 0.2117640135873325 0.3305782730888751 0.14916758288778778 0.2635014742171704 0.17848729795506948 0.2908627905472747 0.2410837286546142
1 0.2945173495948758 0.20631436065036932 0.2642981809412717 0.15520572479870315 0.21201690103762277 0.1861182464989501 0.24223606969122685 0.23722688235061629
1 0.24563265551957678 0.23789020938058605 0.20305257644751565 0.19424025246279014 0.1485079029390693 0.2474480142785304 0.19108798201113045 0.2910979711963263
0 0.7296966296749916 0.5652618120849578 0.7231222422723621 0.5640874235119594 0.7208044250973706 0.5770628801770016 0.7273788125000001 0.57823726875
0 0.7267228986670313 0.6108121458966961 0.71991115625 0.61014728359375 0.7132432739892188 0.6784620251970541 0.7200550164062501 0.6791268875
0 0.7156809392648701 0.7161426859574772 0.7116196016044144 0.7156251867745752 0.7099141365582944 0.7290096898795981 0.7139754742187501 0.7295271890625001
0 0.7142223412158 0.7346726538051468 0.707888648193171 0.733864019609252 0.701430087446121 0.7844512212728553 0.70776378046875 0.7852598554687501
0 0.699944278125 0.8421875734375 0.6936086731684957 0.8414469050029435 0.6900520632597394 0.8718697964277139 0.6963876682162438 0.8726104648622706
0 0.6949625246322848 0.8857964471619567 0.6877996742583271 0.8856049554909309 0.6863228914062871 0.9408448233521323 0.6934857417802448 0.9410363150231582
0 0.6803591749627608 0.29740398862666195 0.6729619872495493 0.24825707473031788 0.666854815625 0.24917627578125004 0.6742520033382117 0.2983231896775941
0 0.6950956816043606 0.5593132803864008 0.6921697092762793 0.511893792698855 0.6869391837290386 0.5122165370758798 0.68986515605712 0.5596360247634256
0 0.6961065804687501 0.57304653984375 0.6938986052535473 0.5588848422143503 0.6899013023437501 0.55950806875 0.6921092775589528 0.5736697663793997
0 0.7132871510506444 0.674722099864615 0.7011653880754161 0.6031046845151177 0.6943002323200218 0.6042666615349361 0.7064219952952504 0.6758840768844334
0 0.7253317890047555 0.7392597766218018 0.71912845625 0.71858360078125 0.7134901141202447 0.7202752343156985 0.7196934468750001 0.7409514101562501
0 0.7338576005850991 0.8325506990658476 0.7278231928969839 0.762379185498741 0.7209785946047693 0.7629677875461672 0.7270130022928843 0.8331393011132737
0 0.72861117734375 0.7716153976562501 0.7266308218749999 0.7611024414062502 0.7232592278333551 0.7617375581650379 0.725239583302105 0.7722505144150377
0 0.73439625078125 0.8611423195312501 0.7326999450048424 0.8419610992581095 0.7294799782238246 0.8422458594648482 0.7311762840002323 0.8614270797379888
0 0.7377683119684304 0.9022032448697935 0.7355448210082971 0.8772572556017291 0.7300507035711167 0.8777469583881855 0.73227419453125 0.9026929476562499
0 0.5519863120993539 0.17972644709755745 0.5458123909386996 0.17900140902721012 0.5435635507143457 0.19815097208590277 0.549737471875 0.19887601015625006
0 0.5359592715875693 0.29816591290973615 0.527235066062306 0.2975534386904458 0.5212068074902761 0.3834211619111191 0.5299310130155395 0.3840336361304094
0 0.52291690078125 0.47070028203125 0.5221084670575598 0.4336626644875162 0.5157671779065145 0.433801078142102 0.5165756116302048 0.4708386956858357
0 0.5263448699877962 0.48253575164816975 0.5172474747839816 0.48137853212551296 0.49448229487951395 0.6603453006789812 0.5035796900833286 0.661502520201638
0 0.5079088499673687 0.6738123682867422 0.49696994286449747 0.6721627087638748 0.46721739621971503 0.8694521126133512 0.47815630332258624 0.8711017721362186
0 0.6685621613692061 0.42334091641748695 0.6305771085937499 0.3655198632812501 0.6258952966727991 0.3685955401023392 0.6638803494482552 0.426416593238576
0 0.909006444118386 0.7279452237989208 0.7458027108039424 0.5350610937472114 0.7373417457969283 0.5422201123570753 0.9005454791113721 0.7351042424087846
0 0.6373637125 0.50651478515625 0.6246554836653707 0.4961441103631758 0.6207195840848665 0.5009671632056555 0.6334278129194958 0.5113378379987297
0 0.7118215612109782 0.5908527580747427 0.6404224344547096 0.5081566675129393 0.6350065664062501 0.5128326835937501 0.7064056931625187 0.5955287741555535
0 0.8700992719713098 0.7951096539942093 0.7244850849386513 0.5995347266832304 0.7170233296604246 0.6050903336499043 0.8626375166930831 0.8006652609608832
0 0.6068291320312501 0.3733842429687501 0.5978433787320752 0.37273937703414783 0.5890277507261475 0.49557895373999117 0.5980135040253225 0.49622381967459345
0 0.33606348124999996 0.24239510703125 0.32880477710543793 0.22664563615558836 0.32366599375 0.22901402734374993 0.330924697894562 0.24476349821941157
0 0.3551627640625 0.28095504296875 0.3498807437552799 0.2718861905924727 0.34718819701290315 0.2734544250262558 0.35247021732012335 0.2825232774025331
0 0.4278044615817178 0.39949166206194686 0.42747177853309104 0.33698690785122737 0.41865744507637326 0.3370338223517805 0.418990128125 0.3995385765625
0 0.4188139383963739 0.4007459301750288 0.4055011635434463 0.382427747848436 0.4012750103033224 0.3854991129859072 0.41458778515625 0.4038172953125
0 0.4311699804070904 0.4238307832396225 0.42673798281249997 0.4176008882812501 0.4221090594366596 0.42089394176037764 0.42654105703125006 0.42712383671875004
0 0.464154662909516 0.4939883872336005 0.4477234910914417 0.46351128298821703 0.44106687919277193 0.46710007321423885 0.4574980510108464 0.4975771774596224
0 0.5063151424494201 0.5754766212423349 0.47800990694681006 0.5197042238239373 0.4724687125000001 0.52251645390625 0.5007739480026101 0.5782888513246476
0 0.5795622655696524 0.7186270629036423 0.5434593480321258 0.6547448226571972 0.5362236246499733 0.658834076941055 0.5723265421874999 0.7227163171875001
0 0.5987528056487715 0.7601073006206419 0.58163064453125 0.7285416437500001 0.5756627334137285 0.7317788181293582 0.59278489453125 0.763344475
0 0.6250422943099934 0.8188553616488928 0.6088435035949222 0.7788367440010636 0.60183046484375 0.78167549140625 0.6180292555588209 0.8216941090540792
0 0.4267906627589732 0.5482103350112935 0.4227035828125 0.42503495078125014 0.41259471235567424 0.4253703730085389 0.4166817923021475 0.5485457572385822
0 0.42681272310580776 0.6089723730222455 0.42022629843750015 0.6088152117187501 0.41970209500065064 0.630783892118355 0.42628851966895825 0.6309410534218504
0 0.4284336714241667 0.7162855465656939 0.42695720301962803 0.6447681868223094 0.41905297656250007 0.64493136875 0.42052944496703876 0.7164487284933846
0 0.43046301475890714 0.7869712382721177 0.4214379131811551 0.7861962273144666 0.4129578330437278 0.8849478434977127 0.4219829346214798 0.8857228544553637
0 0.3099617511420586 0.33416290151166017 0.3062352798567926 0.3274839670694755 0.300579671683484 0.3306394796203155 0.30430614296874997 0.33731841406250007
0 0.3198281859375 0.3668395718750001 0.3179675081596156 0.35945023921065083 0.31318456562499997 0.3606546125 0.31504524340288437 0.3680439451643493
0 0.3106611744447271 0.376463686739243 0.26975234055437164 0.33947809960946523 0.2611518036096445 0.34899093865147235 0.3020606375 0.38597652578125013
0 0.4020357094342472 0.5096033115250279 0.374005256792271 0.4756412295069411 0.36850799884847885 0.4801783667876334 0.39653845149045513 0.5141404488057202
0 0.3739028673030658 0.5083323039286883 0.3610357340342367 0.4771257076795927 0.35496154046625783 0.47963022491421786 0.367828673735087 0.5108368211633134
0 0.3981708940167392 0.579271136576656 0.3926861262232769 0.5620783701381302 0.3872806908002876 0.5638027905927243 0.39276545859374995 0.5809955570312499
0 0.5010498752910838 0.6602628178621087 0.47890391771319185 0.62902836819666 0.4735776408470837 0.6328048234500214 0.4957235984249756 0.6640392731154702
0 0.529479028721429 0.7033095959869087 0.5075793432211809 0.6702348851932782 0.5017523939487487 0.6740930702969479 0.5236520794489968 0.7071677810905783
0 0.5657449546875 0.7612283281249999 0.5558170327514451 0.7464186576896006 0.5508275609375 0.7497634375000001 0.5607554828735547 0.7645731079353995
0 0.5733292350038645 0.7705022312425819 0.5682801126065207 0.7700033304974887 0.5672253604151563 0.7806779445674066 0.5722744828125 0.7811768453124999
0 0.603671620542081 0.8158975965193083 0.5820124510798006 0.7815497460490042 0.5757893651162707 0.7854739180602619 0.5974485345785512 0.8198217685305661
0 0.5944492976562501 0.5530445648437502 0.5879079983322604 0.5523041901087463 0.5864645320312502 0.5650573875000001 0.5930058313552398 0.5657977622350039
0 0.5910430051736262 0.5921862029979461 0.58419031953125 0.5910517546875 0.5823264545454288 0.602310514306651 0.589179140187805 0.603444962617097
0 0.5867669813984165 0.6208967436822215 0.5774188584170379 0.6206059764471484 0.5700772042482134 0.8566390564456073 0.5794253272295921 0.8569298236806804
0 0.5048085736465273 0.8507400990238706 0.4861215562500001 0.8082178531249999 0.48035486027314744 0.8107521112706355 0.4990418776696748 0.8532743571695061
0 0.48377484820309274 0.7997188279335341 0.46921582156086233 0.7728887611271176 0.4629157171077695 0.7763074402248333 0.47747474374999993 0.80313750703125
0 0.26897924921875 0.23191620156249995 0.2669961640938794 0.22433133916727313 0.26375354718882466 0.225179131126441 0.26573663231369526 0.23276399352166782