1 0.6894313639924159 0.23070049898048225 0.6871616145379742 0.17350208273421708 0.6203426074817081 0.17615359679291626 0.6226123569361498 0.23335201303918146
1 0.6184213337473803 0.15219626866813604 0.5578554523683491 0.1427612194944097 0.54416836054785 0.23062199948193554 0.6047342419268813 0.24005704865566185
1 0.5557086881112111 0.1084484985968301 0.4774106320225667 0.0982431144246008 0.4696697301478049 0.15763309513851542 0.5479677862364494 0.16783847931074472
1 0.4874052711788147 0.17608373976023312 0.4686777459165946 0.11381878672708017 0.40706458513634447 0.13235027143538775 0.42579211039856446 0.19461522446854068
1 0.4298562693034887 0.1579302892497948 0.3803528937487533 0.14173695785010126 0.35772010904828283 0.21092588588612382 0.40722348460301827 0.22711921728581735
1 0.38106386598577957 0.2308795019342882 0.34353845936944755 0.16913688458373305 0.26603358148101497 0.21624214481265414 0.30355898809734705 0.27798476216320933
1 0.38286588270465616 0.2534228412836851 0.35594546014957984 0.23706128251978736 0.3341068979583109 0.27299326984861694 0.3610273205133872 0.2893548286125147
1 0.2798749071714509 0.2658929972221869 0.23540772353090209 0.2140314100788494 0.17983411770264762 0.2616813543256855 0.2243013013431964 0.31354294146902306
1 0.21763059310494196 0.279224338869476 0.1737891399016464 0.23918413775989605 0.13283024979387753 0.2840314965182674 0.17667170299717308 0.3240716976278474
1 0.1801138118556973 0.32371297541751903 0.12663226744470882 0.29441952449640235 0.09002738140609198 0.3612496785675373 0.14350892581708047 0.390543129488654
0 0.7403178031250001 0.508339540625 0.7387406869218252 0.49525338621346293 0.7321102109619898 0.49605247743172026 0.7336873271651647 0.5091386318432572
0 0.7628112921875001 0.6069620335937499 0.7492145224154055 0.5396828213023921 0.74250603359375 0.5410385710937499 0.7561028033658446 0.6083177833851077
0 0.7717330187499999 0.6569375679687499 0.7694507130152385 0.6436392743477437 0.7654155344137359 0.6443318076550583 0.7676978401484973 0.6576301012760645
0 0.7820874015625 0.71205110625 0.7734734879049081 0.6617860237943484 0.7671801252982678 0.6628645156511428 0.7757940389558597 0.7131295981067943
0 0.7967472176370546 0.798910962295009 0.7912536289062502 0.7687775546874999 0.7849783092173075 0.7699216013872425 0.7904718979481119 0.8000550089947517
0 0.8139778737030318 0.8651953693795678 0.7992395548894964 0.8119374522361289 0.7923337013203625 0.8138485422118664 0.8070720201338979 0.8671064593553053
0 0.613244995043994 0.25352455190308276 0.5918018631175821 0.20868785250560357 0.5862302937499998 0.21135245312500017 0.6076734256764118 0.2561891525224794
0 0.7039124533137392 0.4996811146376407 0.6872502155928484 0.45518910516937633 0.6823426000389079 0.457027005007567 0.6990048377597987 0.5015190144758314
0 0.7105838152574087 0.5111896875222841 0.7013921666264242 0.49950575441659384 0.6984188109455207 0.5018448674897845 0.7076104595765051 0.5135288005954748
0 0.755051315081083 0.6047284477304753 0.722520309840313 0.539784432679034 0.7162948579958425 0.5429028140482521 0.7488258632366124 0.6078468290996935
0 0.785438650221527 0.6629246232674485 0.7734612453125 0.6449655765625001 0.7685638575909731 0.6482317853263017 0.7805412625000001 0.6661908320312502
0 0.8208675497899687 0.7496464701691927 0.794580653574662 0.6843054074796797 0.788207222222016 0.6868694571232934 0.8144941184373227 0.7522105198128065
0 0.7980346125000001 0.6929076570312498 0.7930670984375002 0.68343306640625 0.7900285172178763 0.6850261901132207 0.7949960312803761 0.6945007807382205
0 0.8297420453125 0.7768312859375002 0.8225118135817946 0.7589841465735924 0.8195157996447009 0.7601978915100731 0.8267460313754063 0.778045030873981
0 0.8449718160905544 0.815112149199704 0.8355519793612618 0.7919062670717427 0.8304411038957074 0.7939808967782885 0.8398609406249999 0.8171867789062499
0 0.45952404687500004 0.19749186718750003 0.45607583240980665 0.17852155134932826 0.4499597022398737 0.1796332739322771 0.453407916705067 0.19860358977044887
0 0.4947178867506553 0.3803498329149091 0.4753774467413804 0.29647162898819956 0.46685537660314563 0.29843662798135134 0.48619581661242056 0.3823148319080608
0 0.5133491328124998 0.46528028671875 0.5017472730318504 0.43009740008557323 0.49572353606923986 0.43208377921143554 0.5073253958498893 0.4672666658446123
0 0.5506420418469655 0.6533990283432517 0.520087672683104 0.47559636149021395 0.51104945181878 0.4771495279401937 0.5416038209826416 0.6549521947932314
0 0.587610426437502 0.8612728688824591 0.5583810898937906 0.6639052705872313 0.5474378470256352 0.6655259202350748 0.5766671835693467 0.8628935185303026
0 0.6387838495794764 0.3774077476241408 0.5855533234375 0.3332189539062501 0.5819753252741873 0.3375290675967049 0.6352058514161636 0.3817178613145956
0 0.9577795417565753 0.598403189811261 0.7453131735707769 0.4616633332414198 0.7393150070824028 0.47098328341196627 0.9517813752682013 0.6077231399818074
0 0.6332663101562499 0.46606885703125 0.6180812786021674 0.45986685798314453 0.615727483288616 0.4656299120937458 0.6309125148426986 0.4718319111418512
0 0.7291287429161325 0.5249522929809416 0.6366714203618521 0.4667447136778685 0.6328593351562499 0.4727998562500001 0.7253166577105303 0.5310074355530732
0 0.940209406398537 0.6740082109963701 0.7437772921013545 0.5295524453452487 0.7382658824820159 0.5370469045619141 0.9346979967791984 0.6815026702130353
0 0.5926267317041097 0.46773244526061575 0.5651423421875001 0.3476829343750001 0.5563606832117443 0.3496934259972581 0.583845072728354 0.4697429368828738
0 0.2679103453125 0.30158161484375007 0.2563641126937451 0.2886425607101757 0.2521423203125 0.29240989921875005 0.2636885529312549 0.3053489533523244
0 0.29744891484375 0.33287257500000006 0.2897462182926737 0.32574430241058183 0.2876298300682751 0.3280312374389945 0.2953325266193514 0.3351595100284127
0 0.40178054706272903 0.42480252523095974 0.3824135044904079 0.36538840042581283 0.3737907543026787 0.368199132226103 0.39315779687499985 0.42761325703124997
0 0.3933423020373228 0.4288193678943699 0.375255513292283 0.4151938821677465 0.37211200266121025 0.4193666517733766 0.39019879140625 0.43299213750000004
0 0.41190780059889354 0.4472829652981482 0.405848015625 0.44262107890625 0.4023841501823563 0.44712360813935187 0.4084439351562499 0.4517854945312501
0 0.4639633078951806 0.5047312281197225 0.4393394574642131 0.48038983849704237 0.4340229684884049 0.48576802073673725 0.45864681891937237 0.5101094103594173
0 0.5281064307064456 0.5703322811727296 0.48473172587620894 0.525272524611188 0.48025487265625 0.5295819617187499 0.5236295774864865 0.5746417182802915
0 0.6400061390373456 0.6858123454105589 0.5868033883005762 0.6352769259911086 0.5810794148882304 0.6413030188617996 0.6342821656249998 0.6918384382812499
0 0.6704857923134782 0.7198693223603936 0.6448828835937499 0.6946889703125001 0.6401221998740216 0.6995295440458567 0.6657251085937499 0.7247098960937499
0 0.7128028263477985 0.7683640696083103 0.6856115343570482 0.734830143336932 0.6797349007812499 0.739595265625 0.7069261927720001 0.7731291918963784
0 0.4440849009120303 0.5675081114058935 0.4041634093749999 0.45090985234375014 0.39459431665754313 0.4541861658754419 0.4345158081945735 0.5707844249375853
0 0.46779281973227177 0.6467707039211014 0.4618710981920334 0.6256086880586715 0.45552651875 0.627384078125 0.4614482402902384 0.6485460939874298
0 0.49479655441757836 0.727758866027545 0.47247494705306636 0.6597981527071489 0.46496380781250013 0.6622651765625001 0.487285415177012 0.7302258898828962
0 0.538166358331454 0.8916785825330937 0.5174037200994974 0.7947626071726972 0.5085463809805915 0.796660144984598 0.5293090192125481 0.8935761203449945
0 0.2697794442335435 0.3969710004187069 0.26426307000197335 0.3916734182480215 0.2597771671746799 0.39634459048556464 0.26529354140625 0.40164217265625
0 0.28876849609375 0.42533518984374996 0.2848286888575461 0.41881274501448873 0.28060686328124995 0.42136288984375003 0.28454667051745386 0.42788533467301126
0 0.28281585867014897 0.4372189513917458 0.2328810061611387 0.4138100438332257 0.22743755686598965 0.42542177056647984 0.27737240937499996 0.44883067812499994
0 0.40912401986324526 0.5378256793374768 0.37238881232089704 0.5135428897503674 0.3684582891290552 0.519489018167136 0.4051934966714034 0.5437718077542454
0 0.38184884189836643 0.5448354561632078 0.3604200151984885 0.5187544250131584 0.35534348516200226 0.5229254289034084 0.37677231186188026 0.5490064600534579
0 0.42579697872153044 0.6055793141232491 0.4155251905348874 0.5907413811748072 0.41086011884460705 0.5939708490828084 0.42113190703125014 0.6088087820312501
0 0.5478603138276033 0.6529531423685148 0.5175499604624814 0.6295583395207178 0.5135605449293095 0.6347270342653344 0.5438708982944312 0.6581218371131313
0 0.5876329090903021 0.6858070973076675 0.5570200243843016 0.6605804456339223 0.5525757093751933 0.665973682307998 0.5831885940811936 0.6912003339817433
0 0.6392479843750001 0.730591928125 0.6254239372432076 0.7193320136650275 0.6216304007812501 0.7239894226562501 0.6354544479130426 0.7352493371162225
0 0.6513245851562501 0.7477597406250001 0.6492122943356223 0.7372431766000278 0.6442379305517394 0.7382422959829563 0.6463502213723671 0.7487588600079287
0 0.6915011830865833 0.7717837257023255 0.6607460759726883 0.7452692414635097 0.6559422263542083 0.7508413999956038 0.6866973334681032 0.7773558842344197
0 0.6081793231834935 0.5357304389324635 0.6058310421875 0.5231124671875002 0.5993591018165063 0.5243169345050366 0.6017073828124999 0.5369349062500001
0 0.6155268160764957 0.5728514527266344 0.6140174962591909 0.5615397055886658 0.6071325601562501 0.5624583585937499 0.6086418799735548 0.5737701057317185
0 0.6803109991203975 0.8181119696823214 0.6183224645146835 0.5902459208190305 0.6092977979252648 0.5927009853623175 0.6712863325309788 0.8205670342256086
0 0.6071449423332187 0.8340085346956044 0.5768421578125 0.7988078632812501 0.5720683843057437 0.8029174050630855 0.6023711688264624 0.8381180764774401
0 0.5721131142520706 0.7913663173547232 0.5503458972416275 0.7699652413754736 0.5453206025208068 0.7750765115207504 0.56708781953125 0.7964775875
0 0.20069363984375 0.31117411953125 0.1965796079566763 0.3045004776315495 0.1937265483446555 0.3062592741621369 0.19784058023172918 0.3129329160618374