1 0.7308689348618838 0.20302306662770628 0.6646925081206124 0.19555635710028074 0.6582771456805174 0.2524148381991208 0.7244535724217889 0.25988154772654637
1 0.6649113917751632 0.17087551991669275 0.6063448420126005 0.15484261224550755 0.5828971257555502 0.24049468915823372 0.6414636755181128 0.2565275968294189
1 0.6138434454759206 0.128886775169198 0.5392011519025224 0.09554066356742216 0.5153088778998762 0.14902138574393559 0.5899511714732746 0.18236749734571142
1 0.5332490639501729 0.17719746983028398 0.5241630389523305 0.11324065026465706 0.4592375542242575 0.12246428867011257 0.4683235792220999 0.18642110823573949
1 0.47862959412888906 0.15286398138635973 0.4334109148334585 0.12867693313325262 0.3989982557215973 0.1930128115669648 0.44421693501702786 0.2171998598200719
1 0.4254154015031353 0.2498285648103405 0.3791333447995421 0.21404384426119236 0.32562403757442315 0.28324993985614316 0.37190609427801635 0.31903466040529127
1 0.31440932367458024 0.23464546033294792 0.27545402766525173 0.1798289334244968 0.2146146512167843 0.22306435989599088 0.2535699472261128 0.27788088680444206
1 0.24529395817037197 0.2504496929094798 0.22064580432744516 0.1992651180191562 0.16526443309541838 0.2259342573269303 0.1899125869383452 0.2771188322172539
1 0.20761019256230445 0.2829145652529096 0.16028862676002267 0.24499010911270402 0.11276792741205269 0.3042857228151612 0.16008949321433447 0.34221017895536676
1 0.16801050805306636 0.45529666169470656 0.11944824356762065 0.39858409223778823 0.059070316473853676 0.45028495666146473 0.1076325809592994 0.506997526118383
0 0.6480054349203764 0.2770760517695031 0.63099476507565 0.22291159649846995 0.6247043535927735 0.2248871376977168 0.6417150234375 0.27905159296874993
0 0.65360098671875 0.39649694062499996 0.6085115446115232 0.3472274526399756 0.604353502632039 0.3510327244376115 0.6494429447392658 0.40030221242263586
0 0.5953344974862864 0.48497813003256257 0.5846030255095449 0.35887644041019995 0.5779948135377246 0.35943881068298794 0.5887262855144662 0.4855405003053506
0 0.7037358250585639 0.5384168782217081 0.6933109533653425 0.48127952362600424 0.6878972096247732 0.48226727645906353 0.6983220813179944 0.5394046310547673
0 0.722769564049088 0.5575567959039496 0.6256008136462842 0.47344941731095835 0.6195527057942884 0.48043676006388997 0.7167214561970923 0.5645441386568812
0 0.9121986898437499 0.7327546484375 0.7357138754340941 0.5623974759872513 0.7291045390625001 0.5692445460937501 0.9055893534721559 0.7396017185439988
0 0.9397013703125001 0.6603061562500001 0.7500648757893306 0.4984585816141037 0.7429051194813601 0.5068476544249763 0.9325416140045297 0.6686952290608726
0 0.5016655320820791 0.1953862015435278 0.5005987438894443 0.17562662003018664 0.49516710312499984 0.175919865625 0.4962338913176347 0.19567944713834118
0 0.5138917052500516 0.3813801062480814 0.5043013459422924 0.29946210555302355 0.495174576540898 0.30053060084265176 0.5047649358486572 0.3824486015377096
0 0.505037870117975 0.38351735264102543 0.48822780950853256 0.3668571450816895 0.4852479307968077 0.3698638268156641 0.5020579914062501 0.386524034375
0 0.5197442440659811 0.4686143708928897 0.513044705475248 0.43454328014475535 0.5061772769287814 0.43589365084190346 0.5128768155195144 0.46996474159003787
0 0.5293491830819387 0.6420902782242925 0.5241186580465895 0.4788973097839663 0.5141675327483233 0.47921625495972925 0.5193980577836724 0.6424092234000555
0 0.5372909995855284 0.7432984165625152 0.5322129984374999 0.6706796171875 0.5231962842689166 0.6713101272660689 0.5282742854169451 0.743928926641084
0 0.5370328604081458 0.8661446576254015 0.535834620670462 0.8012927005412662 0.5273294326711984 0.8014498469821048 0.5285276724088822 0.86630180406624
0 0.5589254713286917 0.845338063848774 0.5371541875000001 0.81138437734375 0.5319024121515125 0.8147518435450867 0.5536736959802041 0.8487055300501106
0 0.5256582486936798 0.7940673545059606 0.5158256712397288 0.7774173936894189 0.511122497546049 0.7801948368397084 0.520955075 0.79684479765625
0 0.6907852141840485 0.86437032708301 0.6025516262730732 0.7938563956421021 0.5961474002921271 0.8018699587004192 0.6843809882031022 0.8723838901413272
0 0.6329293023437501 0.8395848140625002 0.6312258086244051 0.8238048967777107 0.6264510782240027 0.8243203445523637 0.6281545719433476 0.8401002618371531
0 0.5469771140294837 0.7529705807780035 0.4564310508580582 0.6923855349885152 0.4522963541288565 0.6985649561040462 0.5428424173002819 0.7591500018935347
0 0.6511702330409588 0.795762503417525 0.6241882390625 0.7657608546875001 0.6197540043145857 0.7697487853623752 0.6467359982930445 0.7997504340924001
0 0.6738593805341974 0.7947957715466519 0.65012466918899 0.7582020619352995 0.6448347515624999 0.76163310703125 0.6685694629077072 0.7982268166426024
0 0.6376150526950324 0.7424313655673218 0.61731026875 0.7134568898437499 0.6121664340237176 0.717061595370178 0.63247121796875 0.7460360710937499
0 0.62957124921875 0.81459021640625 0.6053258346313617 0.6113791673590443 0.5964661990632163 0.612436223746726 0.6207116136506045 0.8156472727939317
0 0.6038073140625 0.7455354007812499 0.5955169865406514 0.7360680942350138 0.5907160366756048 0.7402721882508599 0.5990063641974535 0.7497394947970959
0 0.6080016761199664 0.7022449738112504 0.5683068654374961 0.6458404857804143 0.5627814136335314 0.6497290374001645 0.6024762243160018 0.7061335254310007
0 0.5238299918938871 0.6585567785199758 0.4998096440687226 0.6309197017190491 0.4946654976282888 0.6353906588920111 0.5186858454534533 0.6630277356929378
0 0.603609262648565 0.5773318262544624 0.5977638828125001 0.5772258492187502 0.5975760891206991 0.5875839938112719 0.6034214689567639 0.5876899708469842
0 0.6017348538249916 0.5496313500262128 0.6016999242187498 0.53883840859375 0.5954428602375083 0.5388586585675371 0.59547778984375 0.5496515999999999
0 0.5156955906250001 0.5726617085937501 0.48220298674232265 0.5247032681684451 0.47701300859375007 0.52832777890625 0.5105056124764276 0.576286219331555
0 0.4665108136106914 0.5930390736593347 0.37506523951593984 0.4935916380003789 0.36779192459708543 0.5002797185317613 0.45923749869183694 0.5997271541907171
0 0.42282369865297875 0.6157230161321633 0.3602773590406915 0.4991555975591366 0.3550774203125 0.50194571796875 0.41762375992478723 0.6185131365417766
0 0.20172854488126032 0.5044580656840385 0.1379338272854344 0.46438493225929667 0.13354199375000003 0.47137654374999993 0.19733671134582598 0.5114496771747419
0 0.4308452976368657 0.6711017100431839 0.2425914238385797 0.5391137752965494 0.23424329320470436 0.5510206812862367 0.42249716700299034 0.6830086160328713
0 0.29808694847388073 0.2724071043925641 0.2848984771796955 0.25896925314997765 0.2816167340891606 0.2621900935777423 0.29480520538334576 0.2756279448203288
0 0.2895242039590998 0.3734071971544206 0.28199550249872407 0.3600386108001599 0.27759670088337435 0.3625158558332394 0.28512540234375006 0.3758844421875001
0 0.29286042837893805 0.41610965465693894 0.2524037623202816 0.3740668725232347 0.24584792656249999 0.3803753812500001 0.2863045926211564 0.4224181633837043
0 0.4682519134240316 0.498921929455324 0.3157773832995924 0.29679460681426256 0.30702049175056084 0.3034003586089386 0.459495021875 0.50552768125
0 0.47031499609375 0.34926409921875007 0.39764596171874994 0.2834853257812501 0.3927065990374756 0.2889420817789454 0.4653756334124757 0.3547208552164454
0 0.7460284169222728 0.6424710064014889 0.7407367794173606 0.5747821771303803 0.73427597890625 0.57528725625 0.7395676164111621 0.6429760855211087
0 0.7368753590939828 0.6396501753472372 0.7155422444558883 0.5697453113505151 0.7098983106482697 0.5714676905963054 0.7312314252863642 0.6413725545930276
0 0.7587998302672248 0.7029574503503676 0.7506293047921497 0.6822158555618282 0.7465194248227469 0.6838348187771379 0.7546899502978219 0.7045764135656774
0 0.7469382330415304 0.6804491901006721 0.7428526894700733 0.6802871528271467 0.742372018928543 0.6924065892889747 0.7464575625000001 0.6925686265625
0 0.749647866061362 0.748676725622617 0.7474773370218113 0.701769281524879 0.7408438959457616 0.7020762280397588 0.7430144249853122 0.7489836721374966
0 0.76863440078125 0.7367959328124999 0.7645945859375001 0.7225606648437501 0.7610012345870686 0.7235804190314583 0.7650410494308185 0.7378156870002082
0 0.7825159483033011 0.793041984403277 0.7718173706096085 0.7452661490285128 0.7651781393680734 0.7467528908239577 0.775876717061766 0.794528726198722
0 0.787335078125 0.818380315625 0.784202252712155 0.8009760298621487 0.779355721546675 0.8018484205023764 0.78248854695952 0.8192527062652278
0 0.7977974260255627 0.8616339510346995 0.7911286207221554 0.8348415712460568 0.786052906300083 0.8361049510399953 0.7927217116034901 0.862897330828638
0 0.751815896875 0.83784062421875 0.7508428013941947 0.8075532652848499 0.7446514553004447 0.80775218559735 0.74562455078125 0.83803954453125
0 0.7534565507232617 0.848545020784635 0.7473427571751771 0.8485057773029141 0.747243922642624 0.8639033389094231 0.7533577161907086 0.863942582391144
0 0.758840948278235 0.9057770704333544 0.7543344244864787 0.863864294542638 0.7471657094583469 0.8646350854087652 0.7516722332501032 0.9065478612994816
0 0.22974352603235282 0.2717478079919464 0.22571774765625002 0.26458803203125003 0.22267715443639724 0.2662976881018036 0.2267029328125 0.2734574640625
0 0.7375757450075971 0.5288517461530646 0.7331325138479482 0.5286256543772704 0.7325114110278511 0.5408317746304558 0.7369546421875001 0.54105786640625
0 0.565342815625 0.70219007421875 0.5349719027419462 0.667393986099182 0.5297400824394428 0.6719604522513861 0.5601109953224966 0.7067565403709541