1 0.3248450193186327 0.26403727891343926 0.3144571711363055 0.20776977032667107 0.2489645357551308 0.21986071891294165 0.25935238393745796 0.27612822749970983
1 0.3992031218312922 0.2468891629429563 0.3697527164066215 0.16310783714645166 0.31250692363518773 0.1832306006614418 0.34195732905985843 0.26701192645794647
1 0.45901385357091395 0.15343439086873706 0.4359702339158519 0.10059298700977229 0.3621212861323874 0.1327977912044282 0.3851649057874495 0.18563919506339296
1 0.5142215162823007 0.12034307010393094 0.4485888094810175 0.11624102564443164 0.44457308059156364 0.18049268342074282 0.5102057873928469 0.18459472788024214
1 0.5793284676657413 0.18638470798035428 0.5400133460546162 0.12495483727784804 0.4967186753259483 0.15266342961811724 0.5360337969370735 0.2140933003206235
1 0.6587123113877731 0.2692730315250027 0.5979279936749741 0.20670093661186115 0.5555472914343176 0.2478707595730957 0.6163316091471165 0.31044285448623726
1 0.7614994244677361 0.19532882124289694 0.6951268703541281 0.16717076784734972 0.6676017976464912 0.2320512960609062 0.7339743517600992 0.2602093494564534
1 0.8132938099766441 0.21053501801483693 0.7627047654956832 0.17868265575115 0.7317579344428676 0.22783350364479257 0.7823469789238287 0.2596858659084795
1 0.872593675293999 0.27788067943790035 0.8212476740990786 0.22186686183557333 0.7764748873721742 0.2629085843816197 0.8278208885670948 0.31892240198394667
1 0.9362464626024268 0.41804638273971706 0.8716594009788368 0.3724555184385111 0.8282056078416039 0.4340150623987021 0.8927926694651938 0.4796059266999081
0 0.35543168984374995 0.23402288750000005 0.349161729845824 0.23264185203731452 0.33694764547082395 0.28809431688106446 0.34321760546874996 0.28947535234375
0 0.38526550009309674 0.35847460315795493 0.38079856875327694 0.35496516686543667 0.3395531687500001 0.4074637320312501 0.34402010008981987 0.41097316832376835
0 0.4130200870752704 0.3652546316511669 0.4057645889611526 0.3650559234202685 0.4022999890847114 0.49155998294530906 0.4095554871988292 0.49175869117620746
0 0.3112165492187501 0.49540563359375006 0.3057367428634931 0.4948106628317254 0.29946887597213045 0.5525390404553843 0.30494868232738737 0.5531340112174089
0 0.37940271778536866 0.48901481083053244 0.3738793494694526 0.4831392224697387 0.28028754730908395 0.5711205382017063 0.28581091562500005 0.5769961265625001
0 0.276283803125 0.58505739453125 0.2693180361396268 0.5787429581090594 0.10455553069068468 0.760500623266678 0.11152129767605787 0.7668150596888689
0 0.25911340249474196 0.524952524962549 0.2505411205650382 0.5158658929759184 0.0691539497056866 0.686985618009959 0.07772623163539043 0.6960722499965895
0 0.482458803125 0.1961591546875 0.48221443671875 0.1763721828125 0.4767896812776489 0.17643917780295643 0.47703404768389895 0.19622614967795643
0 0.491378077087107 0.3007731805414506 0.48179624273394717 0.30018952521695297 0.47678541955309023 0.38245190795675243 0.4863672539062501 0.38303556328125005
0 0.5042 0.36789014062500014 0.5010782592501278 0.3655687812014865 0.4869095975313778 0.3846226546389865 0.49003133828124995 0.3869440140625001
0 0.4878327460937501 0.43628908437499997 0.48102675926358984 0.4358438664670117 0.47877960617209503 0.47019579632350245 0.48558559300225534 0.47064101423149074
0 0.48711055666296027 0.6436281521915437 0.4845603346370234 0.4803992262063918 0.47571466107547844 0.48053742739478256 0.47826488310141524 0.6437663533799344
0 0.4888102109375 0.672510915625 0.47977147890625 0.672510915625 0.47977147890625005 0.7453070421875 0.48881021093750004 0.7453070421875
0 0.49613838046875014 0.8674485914062501 0.4939038920015969 0.8026472324207934 0.48530541881049494 0.8029437260357645 0.4875399072776482 0.8677450850212212
0 0.48862723495717814 0.8151533194012002 0.4830345186440278 0.8124262831160893 0.4653123693334891 0.8487715837247697 0.4709050856466394 0.8514986200098805
0 0.5069296212626148 0.779397860658329 0.5022309683876396 0.777556491847607 0.4951041643125251 0.7957420819705281 0.4998028171875001 0.79758345078125
0 0.42552171188104326 0.8083170577250065 0.41832436001510304 0.8003092058855229 0.3343222772063855 0.8758091726138261 0.3415196290723258 0.8838170244533096
0 0.3961213579356105 0.8323282183350186 0.39130807544017754 0.8322594474785847 0.39108274609375016 0.8480302820312502 0.39589602858918316 0.8480990528876842
0 0.5614382798284854 0.694755921464453 0.5568852872722831 0.6888781991635409 0.4707567095418127 0.7555949906700518 0.47530970209801493 0.7614727129709639
0 0.3994134310878102 0.7776201686357808 0.3946528171875 0.7737764085937502 0.3693650900059399 0.8050960290204696 0.3741257039062501 0.8089397890625001
0 0.37376866171875006 0.7710989437500002 0.3682992877923621 0.7680371433776266 0.34698960236395365 0.806103190698445 0.3524589762903416 0.8091649910708185
0 0.40177176564402367 0.7231996312263063 0.39649278612396416 0.7203892899144494 0.37973510485494066 0.7518671235318933 0.3850140843750002 0.7546774648437502
0 0.40972974318158817 0.6187421661164715 0.3984712237641296 0.6184237412494944 0.392689084375 0.8228623242187499 0.4039476037924586 0.8231807490857269
0 0.426401040925877 0.7465817511061281 0.42141171070769434 0.7419762736680549 0.4127207409928036 0.751391609734049 0.4177100712109862 0.7559970871721223
0 0.4479294370890686 0.6538408115458616 0.4420985340676909 0.6501740260635233 0.40537531559096074 0.7085710952681618 0.4112062186123385 0.7122378807505003
0 0.5146967741695574 0.6347859438978747 0.5096400618099739 0.6308037548235608 0.4870542032654165 0.6594840078006861 0.492110915625 0.663466196875
0 0.40839683125 0.5942102109375 0.40786126796875 0.5838573945312499 0.40207278724255213 0.5841568393981852 0.4026083505238021 0.5945096558044354
0 0.40821831015625004 0.5561908453125 0.4074746444762516 0.5454091692529216 0.4012386588331249 0.5458392961161412 0.4019823245131232 0.5566209721757195
0 0.5249070421875 0.52665528203125 0.5198673265408968 0.52350548993967 0.4888072585215295 0.5732020750572119 0.49384697416813267 0.5763518671487919
0 0.6315288734375001 0.4907559859375 0.6238720688021447 0.48469345310333994 0.5400118524791184 0.5906064948350146 0.5476686571144738 0.5966690276691746
0 0.6447052820312499 0.49183168984375003 0.6393471300787787 0.48941876652206817 0.5850281160162788 0.6100398938658181 0.5903862679687499 0.6124528171875
0 0.8635686617187502 0.4458834507812501 0.8590007440872813 0.4392204669289804 0.7968366597122812 0.4818380723977304 0.8014045773437501 0.48850105625000007
0 0.770148473109636 0.5348425757818179 0.7600680778020811 0.5217292418339384 0.5780162758145715 0.661674898505296 0.5880966711221264 0.6747882324531755
0 0.70029964765625 0.24671443671875 0.6967611076211073 0.2441726431191637 0.6859230604150695 0.2592607541080231 0.689461600450212 0.26180254770760936
0 0.71178274609375 0.3471049296875001 0.707167273597433 0.3451106269682593 0.701077837659933 0.35920358478075926 0.7056933101562499 0.3611978875000001
0 0.74518838046875 0.3629380281250002 0.7394553848248981 0.35775761089145275 0.7003082012311482 0.4010804983914527 0.7060411968750001 0.40626091562500016
0 0.6783432491451066 0.290109679093442 0.6693380239985371 0.2842827604150632 0.5317866764159306 0.49686181335287116 0.5407919015625 0.5026887320312501
0 0.5924667600226554 0.2824576013992065 0.5870014085937499 0.27687288750000005 0.5169806510138517 0.345397086662059 0.5224460024427572 0.3509818005612654
0 0.2715464789062501 0.5914461265625 0.2650817723646167 0.5913884227181683 0.26447573605196756 0.6592841922327362 0.27094044259360095 0.6593418960770678
0 0.2953909101941852 0.5858758120970093 0.28969299123956116 0.5845812721133717 0.27350084948777165 0.6558509992516826 0.27919876844239566 0.65714553923532
0 0.2648894367187501 0.6999478875000001 0.2611495486945049 0.6991909838667513 0.2567280394632695 0.7210378197076764 0.26046792748751474 0.7217947233409252
0 0.2704954226562501 0.69679436640625 0.26640774609375006 0.69679436640625 0.26640774609375006 0.70929154921875 0.2704954226562501 0.70929154921875
0 0.2751245192203945 0.7651092330262708 0.27237791412505463 0.7182709420695543 0.26560729085332857 0.7186679725332391 0.2683538959486685 0.7655062634899555
0 0.254945936483403 0.7410374799902828 0.2509684070745961 0.7403746134822942 0.2485380281250001 0.7549580984375 0.252515557533807 0.7556209649454887
0 0.2528664709087446 0.7647006799107485 0.24599407049738495 0.7634923634646411 0.23749472026422613 0.8118331257101732 0.2443671206755858 0.8130414421562808
0 0.2425631728800021 0.8206364578239077 0.23766195113165564 0.8197248025852136 0.2343697523410949 0.8374242525826618 0.23927097408944134 0.8383359078213559
0 0.2376764085937501 0.8551676054687499 0.23249045120856268 0.8543436444566126 0.2281635940311424 0.8815766040303789 0.23334955141632988 0.8824005650425162
0 0.27855422500000004 0.8543499999999999 0.2774122104510352 0.8240685393167924 0.27122206982603514 0.8243019900980425 0.27236408437500004 0.8545834507812501
0 0.27855422500000004 0.88027816875 0.2775793866118693 0.8649214292776362 0.2715803149767673 0.8653022474411252 0.272555153364898 0.8806589869134889
0 0.2781283708849544 0.8808524894766239 0.27090268108076215 0.8807182783073829 0.2701185302336819 0.9229355603170809 0.2773442200378741 0.9230697714863219
0 0.7594882179734639 0.2467759226149182 0.7562663868315884 0.24572696444299685 0.7536066899518745 0.25389611214057883 0.75682852109375 0.25494507031250013
0 0.26988330091512625 0.5574428834114756 0.2697249041410504 0.5452396145569693 0.26516161949055983 0.5452988453726176 0.26532001626463575 0.5575021142271239
0 0.482358454027907 0.6736497007529434 0.47683309452106376 0.6694461139615632 0.44886259364770104 0.706211638401004 0.4543879531545443 0.7104152251923843