1 0.7653404568526061 0.23337253317913031 0.7005672626118521 0.21789660105132808 0.6872704129572179 0.27354943141767796 0.7520436071979719 0.2890253635454802
1 0.7040462168836465 0.1940264609727346 0.6479914821086152 0.17025214241998915 0.6133049391050245 0.25203555774755354 0.6693596738800558 0.27580987630029896
1 0.6582221987402741 0.14552702279318983 0.5882001460853676 0.10333286071095253 0.5579683013452232 0.15350320939860934 0.6279903540001298 0.19569737148084665
1 0.5723409574110727 0.18365563574843707 0.5711170460480525 0.11906823814536967 0.5055514232186007 0.12031068657621732 0.5067753345816209 0.18489808417928472
1 0.5210941246927936 0.15284708416770346 0.47916015882272384 0.12332955152114462 0.43716343486736753 0.18299203110864362 0.47909740073743734 0.21250956375520244
1 0.4564595723440517 0.24260372909358469 0.41488355575167307 0.20144537859975653 0.35333899691625903 0.26361447839629715 0.3949150135086376 0.30477282889012525
1 0.3481312723121273 0.21400555745327407 0.31614679650156013 0.15485016954901473 0.25049183484443543 0.1903488723276135 0.2824763106550026 0.2495042602318728
1 0.2776050307812979 0.22126894407815084 0.2593784302947951 0.16746203774083507 0.20115971318767487 0.18718309902794902 0.21938631367417766 0.2409900053652648
1 0.23624568154627895 0.24889933349520432 0.19389867218501589 0.20549051211261626 0.13950586671253085 0.25855282915245653 0.18185287607379394 0.3019616505350446
1 0.17593307357194812 0.4151705319108251 0.1346443082669738 0.35296243842562935 0.06841567869065919 0.396919714558795 0.1097044439956335 0.4591278080439908
0 0.6740698201117473 0.2967750182770329 0.663786932050525 0.2409412172123425 0.6573026502200277 0.24213542471655963 0.66758553828125 0.29796922578125
0 0.6650699187500001 0.4159876882812501 0.6263210061311593 0.3615904267088471 0.6217302110076413 0.36486059719078273 0.660479123626482 0.4192578587631857
0 0.6011710423947544 0.37023886952012286 0.5945435518432393 0.3699917095529969 0.5898271032873146 0.49646129362267405 0.5964545938388297 0.4967084535898
0 0.6975353692379287 0.5629596766048811 0.6941514954391869 0.5049777423759145 0.6886577273817853 0.5052983632388266 0.6920416011805272 0.5632802974677932
0 0.7140946645295921 0.5842765569362911 0.6279003059509993 0.48895421006157863 0.6210457372702314 0.49515239097238084 0.7072400958488242 0.5904747378470934
0 0.8807605671875001 0.7812541140625002 0.7263525608274394 0.5906586696708686 0.7189580414062501 0.5966492273437503 0.8733660477663108 0.787244671735382
0 0.916887496875 0.7126973757812503 0.7483887818509798 0.5289453134120972 0.7402600227522924 0.5363993002964292 0.9087587377763124 0.7201513626655824
0 0.5401254517832356 0.17811741896852545 0.5346985601562501 0.17774652812500008 0.5333493089509816 0.1974888328930874 0.5387762005779672 0.1978597237366128
0 0.5287087063828252 0.30148108707927995 0.5195197497587337 0.301429344459243 0.5190553300057518 0.38390551134983825 0.5282442866298432 0.3839572539698751
0 0.5191959822229391 0.3849995584131496 0.5045415901146432 0.36641490211207983 0.501217500860454 0.36903601635518024 0.51587189296875 0.38762067265625
0 0.5234220194397113 0.4712545324119607 0.5209246395605784 0.43662093452942197 0.5139438308548644 0.4371243107960418 0.5164412107339973 0.4717579086785806
0 0.5265106525012075 0.48199393043454847 0.5165948314831902 0.4810977610956315 0.5018981487047232 0.6437117556404248 0.5118139697227406 0.6446079249793417
0 0.5111722750000001 0.6733331742187499 0.5021459308357393 0.6728601234718965 0.4983360751555739 0.7455564859955464 0.5073624193198346 0.7460295367423997
0 0.49884917108084476 0.8034140519707901 0.4903882284796265 0.8025335054174892 0.4836740712300041 0.8670480945572114 0.4921350138312223 0.8679286411105125
0 0.5164001270988392 0.8499451747153364 0.49892903593749993 0.8135913218749999 0.4933060156165944 0.8162936571972029 0.5107771067779336 0.8526475100375392
0 0.4896292006870902 0.7950023752863322 0.48189903388717903 0.7772782301628405 0.47689243163758865 0.7794617978452585 0.4846225984374999 0.7971859429687502
0 0.644957557922331 0.8849052336494134 0.5659751355918144 0.804163934601014 0.5586420378229707 0.8113372874179238 0.6376244601534873 0.8920785864663232
0 0.5907857811614825 0.8373837072598496 0.5859838233227836 0.837313419678854 0.5857515312238013 0.8531833194502543 0.5905534890625 0.85325360703125
0 0.515797594547531 0.7568100473170462 0.43330990879435943 0.6856418029301454 0.4284529494166339 0.6912712707119794 0.5109406351698055 0.7624395150988801
0 0.6139990512686122 0.811980950990644 0.5908744578125 0.7789146531250002 0.5859872688315411 0.7823324611537996 0.6091118622876532 0.8153987590194433
0 0.6366368920327412 0.8137865369900353 0.6175387470483048 0.7745730580911228 0.6118701203124999 0.7773338500000001 0.6309682652969364 0.8165473288989127
0 0.6070443392981054 0.7573953752394258 0.5904220046875 0.7261623398437502 0.5848772083581446 0.7291133005418244 0.6014995429687501 0.7603463359375001
0 0.5909670461002701 0.6233849544084049 0.5820446267628258 0.6233544136681184 0.5813441220688058 0.8280055311347135 0.59026654140625 0.828036071875
0 0.5731103117187499 0.75635614609375 0.5660355537516855 0.7459490714362224 0.560758039419647 0.7495367401899848 0.5678327973867116 0.7599438148475125
0 0.582549185761149 0.7138995635307863 0.550024232346891 0.6530779256300712 0.5440660713180947 0.6562641093072124 0.5765910247323527 0.7170857472079274
0 0.5043291560515551 0.6602790663408749 0.48385596552549914 0.6299206477401433 0.4782052896401524 0.6337313654696534 0.49867848016620836 0.6640897840703849
0 0.5933356865581931 0.5903146307016784 0.58762370234375 0.5885646398437501 0.5846434998595473 0.5982920446861738 0.5903554840739904 0.6000420355441022
0 0.59620865703125 0.550943015625 0.5899957648329235 0.5502005700835595 0.5887151046875 0.5609173203125 0.5949279968858266 0.5616597658539406
0 0.50672336328125 0.57403291015625 0.4793250716341294 0.5223502232186346 0.4737320624999999 0.5253152179687499 0.5011303541471205 0.5769979049063655
0 0.455421826717226 0.5882642691460516 0.3767774655427848 0.47841368805317225 0.36874329286494467 0.4841655226955367 0.44738765403938574 0.5940161037884161
0 0.4092958711390214 0.605455009792325 0.3614217378436483 0.48213398427141063 0.35592052812499997 0.48426959453125 0.4037946614203731 0.6075906200521645
0 0.20340851442501923 0.46807468893180443 0.1449729984071332 0.42052563456742426 0.1397618375 0.42692990234375 0.19819735351788606 0.4744789567081302
0 0.41050871323467913 0.6613985054810522 0.23974333828802213 0.5074520129963522 0.23000634651677004 0.5182527855494238 0.4007717214634271 0.6721992780341237
0 0.32732857399462545 0.249496536334665 0.31587607045440197 0.23455157789091716 0.3122262673244479 0.23734846644863702 0.3236787708646714 0.252293424892385
0 0.30652084006648705 0.34870025387184056 0.3006774773015589 0.3345137971246698 0.2960095637975718 0.33643649794032926 0.30185292656249996 0.35062295468750004
0 0.30617024465238235 0.38866850920709295 0.2653285793873375 0.34732270330562975 0.2583054347349552 0.3542602128485369 0.29914710000000005 0.39560601875000007
0 0.46861994312926114 0.4950608469530291 0.3419150584656666 0.2758581794511036 0.3324184004926555 0.28134749656057456 0.45912328515625 0.5005501640625001
0 0.48890634921875 0.34676997031250023 0.4247953945312499 0.27262537343750004 0.4192278377633813 0.2774394987373743 0.48333879245088135 0.3515840956123744
0 0.7298287105177229 0.6035631954195225 0.7233545132812501 0.6032771359375 0.7203575117836862 0.6711063114503897 0.726831709020159 0.6713923709324121
0 0.7180906503496007 0.667477089161802 0.7054358108431773 0.595493432334222 0.6996240409754215 0.5965151505709168 0.712278880481845 0.6684988073984968
0 0.7321364841312724 0.7329844010257281 0.7265546249900046 0.7114016753026845 0.722278077630859 0.7125077026541893 0.727859936772127 0.7340904283772329
0 0.7231063682425547 0.7091983494588309 0.7190710254830989 0.7085396175954497 0.7171169502092941 0.720510138449119 0.7211522929687499 0.7211688703125001
0 0.7210431891284846 0.7304252243615019 0.7144217857543641 0.7299214696957854 0.7108595554037401 0.7767437934740975 0.7174809587778607 0.7772475481398141
0 0.73777387578125 0.76776918984375 0.73549901640625 0.7531476999999999 0.7318081722708142 0.75372193364328 0.7340830316458141 0.7683434234870301
0 0.7446972822790984 0.8252877270163925 0.7399008606518621 0.776564176714026 0.7331299288388956 0.7772307177107866 0.7379263504661318 0.8259542680131531
0 0.74639252578125 0.8510244945312501 0.7454041012214843 0.8333681423699136 0.7404873780080493 0.8336433866521598 0.7414758025678151 0.8512997388134961
0 0.7515055968636031 0.8952307636530461 0.748151670373804 0.8678253665757387 0.7429598227083575 0.8684607551222727 0.7463137491981564 0.8958661521995802
0 0.71175112958196 0.8359036429290894 0.7055870405961641 0.8352925767351991 0.7025970453125 0.8654539523437501 0.7087611342982958 0.8660650185376404
0 0.7085288446156364 0.890584087605826 0.7069867536335582 0.8758431618510715 0.6996979785491719 0.8766056617452456 0.7012400695312502 0.8913465875000002
0 0.708094751999384 0.8921476749511692 0.7008855363726554 0.8920390737394033 0.7002505859491517 0.9341886450093225 0.7074598015758803 0.9342972462210885
0 0.2595749215034119 0.2405131855783794 0.25645170859375 0.23291615937499993 0.25322542459033814 0.23424251676537064 0.25634863750000003 0.24183954296875002
0 0.7322887486877995 0.5575898893183985 0.7279061901639158 0.5568239887992559 0.7258021641323664 0.5688634338558575 0.7301847226562501 0.5696293343750001
0 0.5402149890624999 0.708646265625 0.5143110326152172 0.6704082594054951 0.5085616968264267 0.6743030896698844 0.5344656532737094 0.7125410958893894