1 0.3132730987990321 0.2777481532047042 0.2718686293304908 0.24928053373180875 0.22560721639348674 0.31656502379412255 0.26701168586202806 0.345032643267018
1 0.3819556098531835 0.2925790091986145 0.3232962500331831 0.24837601715442012 0.29467668538213715 0.28635546748391344 0.35333604520213757 0.3305584595281078
1 0.4865431538924865 0.2833288258491228 0.43258356911254603 0.2166080324213609 0.3949558583864597 0.2470389602129736 0.44891544316640014 0.3137597536407355
1 0.3052617628396847 0.4490605474023585 0.2520947788329518 0.41002859734267894 0.20933532682642494 0.468272961190544 0.2625023108331579 0.5073049112502236
1 0.2812405768657843 0.5266492951003492 0.2416310650004169 0.48143473490942856 0.1690846287588399 0.5449879114739524 0.20869414062420727 0.5902024716648728
0 0.3132600865482761 0.33109900758269867 0.29538061836365903 0.31110449090968906 0.2919073894902744 0.31421031667958144 0.30978685767489145 0.334204833352591
0 0.33456518515625 0.32782239921875 0.3215008459984408 0.3038692576743912 0.3170032823326772 0.3063222844310095 0.3300676214904863 0.33027542597536824
0 0.4275760427874187 0.4613341611391208 0.329051768236533 0.3552585204542776 0.3244748125085025 0.3595096495527621 0.4229990870593882 0.4655852902376053
0 0.34352042690148765 0.5242572895503581 0.28031946950125447 0.4718554599150768 0.2753648222872668 0.4778311758334689 0.3385657796875 0.5302330054687501
0 0.4125155396134737 0.5716654527069144 0.3491364875 0.5336400750000002 0.3441859080427763 0.541891486355586 0.40756496015625004 0.5799168640625002
0 0.3569043446892056 0.540084100142797 0.3387563023437501 0.52560511328125 0.3358056724982944 0.5293034490759533 0.35395371484374993 0.5437824359375001
0 0.2784738884607405 0.5740489359767201 0.2407294707530073 0.5516980296667511 0.23836994248517723 0.5556826117368955 0.27611436019291047 0.5780335180468645
0 0.5197494815110281 0.6928796213968671 0.3115137910971381 0.5901644399647066 0.30621861916252885 0.6008994040497564 0.5144543095764188 0.7036145854819168
0 0.6295720414062501 0.7355623507812501 0.571242269036899 0.7099550898670938 0.5683080446401356 0.716638844202146 0.6266378170094866 0.7422461051163024
0 0.6889948092475655 0.7542026718153529 0.6303851360845185 0.7356841903501821 0.6283333581379408 0.7421779212253753 0.6869430313009877 0.7606964026905461
0 0.5281420086786996 0.7971249895563278 0.5122131878931571 0.7285380035456991 0.5042079363614997 0.7303971640717383 0.5201367571470422 0.798984150082367
0 0.5739818139646967 0.9453572111429936 0.542457411102472 0.8317672048265867 0.5327865236351434 0.8344511465080944 0.5643109264973682 0.9480411528245012
0 0.4342347765625 0.29984250703125004 0.43173959591681976 0.28315301048639274 0.4279989699950894 0.28371225667920297 0.4304941506407697 0.30040175322406026
0 0.4473449069269376 0.38923110899883795 0.4390994879372642 0.33993269800967607 0.43239047595865204 0.34105481561266654 0.4406358949483254 0.39035322660182836
0 0.4967393786561985 0.5308730555499077 0.4582069949236166 0.49226063286661426 0.4545008109375 0.49595913437500005 0.4930331946700819 0.5345715570582935
0 0.5544221579487377 0.6315473337478679 0.5041010859271975 0.5679373551008149 0.49723383235095786 0.5733699549719382 0.5475549043724981 0.6369799336189912
0 0.4820782364021753 0.6378511913312012 0.4456205820312501 0.6045294398437502 0.43979371850095345 0.6109046682507595 0.4762513728718786 0.6442264197382105
0 0.5695567498610814 0.5975372218176147 0.5186619708245996 0.5457944910771247 0.5103827656250001 0.5539380179687502 0.5612775446614819 0.6056807487092402
0 0.69488489453125 0.69807569921875 0.68098741875 0.6873313468750001 0.6778806293754235 0.6913498794686133 0.6917781051566735 0.7020942318123632
0 0.6298455417910155 0.7091777039534122 0.6061368595725823 0.6829719968265751 0.5985814860505819 0.6898074525159668 0.6222901682690151 0.7160131596428039
0 0.863924162235738 0.8069741971341842 0.7363808331288624 0.7660281721576692 0.7336045029243743 0.7746762008047352 0.8611478320312498 0.8156222257812502
0 0.7603668399389476 0.7494999433432544 0.7432147460937499 0.7363323578125002 0.7403632181929999 0.7400467573918027 0.7575153120381976 0.7532143429225571
0 0.787239893618379 0.7666632028684062 0.775633915021898 0.7586889386719264 0.7718457296874999 0.7642023750000001 0.7834517082839808 0.7721766391964798
0 0.8365986609759879 0.8689532722598365 0.79116069765625 0.8485452812500002 0.7875189608990122 0.856653531646414 0.83295692421875 0.8770615226562504
0 0.7243296043373555 0.812164114784067 0.6549134337053126 0.7663577035727858 0.649014864767498 0.7752965411076366 0.7184310353995409 0.8211029523189177
0 0.7752507554708264 0.8404086213424946 0.7272563044279394 0.8113175256904567 0.722724653070072 0.8187938380934018 0.7707191041129591 0.8478849337454399