1 0.3460217915321734 0.2539237313366857 0.3089821952581546 0.2199707675147963 0.2538068024666252 0.2801621040938168 0.2908463987406439 0.3141150679157062
1 0.4119718316243488 0.27816901271158867 0.3600352095377604 0.22623239542643248 0.32640845029296883 0.25985915777994795 0.3783450723795573 0.3117957750651042
1 0.5168289142332899 0.2835646233090939 0.47268019947295575 0.2099834297096091 0.43118351292125023 0.2348814408514543 0.4753322276815844 0.3084626344509391
1 0.3142463436278363 0.4224539621942907 0.267028974178994 0.37640245440610137 0.21657960568967694 0.4281290228688997 0.2637969751385192 0.4741805306570891
1 0.2796606635445543 0.49594451853912974 0.24672927959004168 0.44565740516315555 0.16604396739970004 0.4984955741660982 0.1989753513542127 0.5487826875420724
0 0.3385839015054763 0.3067535679459672 0.3236611339377332 0.2844652952619462 0.31978945902567224 0.28705751519884465 0.3347122265934154 0.3093457878828656
0 0.36013767578125006 0.30647394375000003 0.3505341110621352 0.2809357078056146 0.3457389224232081 0.2827389217995093 0.3553424871423229 0.3082771577438948
0 0.43366211257630943 0.45163098752182657 0.3508595451389091 0.33287573890493305 0.3457354890541316 0.3364485073042613 0.42853805649153187 0.45520375592115486
0 0.3416673132972917 0.5022434713654211 0.2863743481288062 0.441555740164189 0.28063625983151447 0.446783747705018 0.335929225 0.5074714789062501
0 0.4033930293934054 0.5587925256552896 0.34592288750000005 0.51231654921875 0.3398721120128447 0.5197986712197107 0.39734225390625005 0.5662746476562501
0 0.3527183131927373 0.5197789380353535 0.336761971875 0.502915140625 0.3333253485260127 0.5061668361833965 0.34928168984374997 0.52303063359375
0 0.2703241454013123 0.5424978208754359 0.23605769839173202 0.5151114242004622 0.233166586404825 0.5187288455382844 0.2674330334144053 0.546115242213258
0 0.49271362597019425 0.6937511263541207 0.3007996610898482 0.5630547560575534 0.29406200295998036 0.5729483030839715 0.4859759678403265 0.7036446733805388
0 0.5955271125000001 0.7513028171875002 0.541328843089097 0.7178268294078382 0.5374929758127394 0.7240371724584115 0.5916912452236425 0.7575131602380736
0 0.651777350978476 0.778031782326351 0.5963153375821288 0.7515366318238665 0.5933797745815076 0.757681614259464 0.6488417879778547 0.7841767647619484
0 0.486516326717091 0.7981500001567716 0.4802879872577919 0.7280136344355468 0.47210189678138326 0.7287405861360992 0.4783302362406824 0.798876951857324
0 0.51128008403703 0.9513193041147547 0.495871148055185 0.8344473984460755 0.4859208443650999 0.8357592927947062 0.5013297803469449 0.9526311984633853
0 0.4627313382812499 0.29263767578125 0.4625831693118867 0.2757633383646162 0.4588011147703727 0.275796547557348 0.4589492837397359 0.29267088497398186
0 0.4632733920765074 0.3829809314043976 0.46196923046056176 0.33301474914233564 0.4551693415539678 0.33319223226598443 0.4564735031699135 0.38315841452804633
0 0.490359859375 0.5317088031250001 0.45986074190639903 0.4867143608873247 0.45550598593749986 0.489666196875 0.48600510340610087 0.5346606391126754
0 0.5355846751836147 0.6378412240289371 0.4946061223855881 0.5678469546194654 0.4870496281442275 0.572270948195655 0.5280281809422542 0.6422652176051267
0 0.463067471934335 0.634015406052473 0.43160211249999997 0.5959440140625001 0.42494469511450517 0.6014462565598103 0.4564100545488402 0.6395176485497832
0 0.554221031721597 0.6072508918939963 0.5131262828391226 0.5477133108672116 0.5027750000000001 0.5548580984375 0.5438697488824744 0.6143956794642846
0 0.66542147890625 0.7232707750000003 0.6531545773437502 0.7106968312500003 0.6495187513258475 0.7142438743056039 0.6617856528883473 0.7268178180556037
0 0.5994699840438054 0.7252130077072165 0.5796391634704071 0.695962721433167 0.5712060064001966 0.701680150081891 0.5910368269735947 0.7309304363559406
0 0.8176599263665597 0.8546351995048385 0.6970564258012598 0.7963370579744307 0.6931035416222001 0.8045145342508423 0.8137070421874999 0.8628126757812501
0 0.7231092869739247 0.7833078876367353 0.7079566898437502 0.7678813382812499 0.7046159685576743 0.7711627334011577 0.719768565687849 0.786589282756643
0 0.7473321499828138 0.8040441221795243 0.7369489231516679 0.7945322226788392 0.73243028203125 0.7994647890625003 0.7428135088623959 0.8089766885631853
0 0.7819745350350644 0.9122081238262009 0.7398190140625003 0.8856750000000002 0.7350842680899362 0.8931975097675497 0.7772397890625002 0.9197306335937503
0 0.6787015961450097 0.8403468024004997 0.6163359993862445 0.7853253113678093 0.6092507891002914 0.7933562345462137 0.6716163858590565 0.8483777255789043
0 0.7251963108202776 0.8754032888435479 0.681717636019761 0.8399157699819877 0.6761895849408471 0.8466886395105216 0.7196682597413637 0.8821761583720817