1 0.3244497942474355 0.2645784849956777 0.31494582991050446 0.20841870096015577 0.24912765794346456 0.2195571618684292 0.2586316222803956 0.2757169459039511
1 0.39877861780570195 0.24656476442592457 0.3704945557473448 0.16322779732194306 0.3129241155405076 0.1827668561588866 0.34120817759886474 0.26610382326286813
1 0.46201794446069233 0.15987860684439006 0.4430002712966508 0.10242095711624336 0.36630738246107725 0.12780522362874255 0.3853250556251187 0.18526287335688926
1 0.5809886059940119 0.17948626884982372 0.516418107974807 0.12462991793035919 0.4751889735443746 0.173160046137067 0.5397594715635795 0.2280163970565315
1 0.658672617741241 0.2707274173530677 0.6000392355109476 0.205058027173654 0.5562643066318589 0.24414278386256463 0.6148976888621522 0.3098121740419783
1 0.7651801991245132 0.20466652951848988 0.702570423340073 0.16482394378033102 0.6664250208096346 0.22162386040576393 0.7290347965940749 0.2614664461439228
1 0.8155742145367973 0.20980498343981152 0.7610834232900101 0.17866738875006932 0.7287323942614181 0.2352816901108774 0.7832231855082054 0.2664192848006196
1 0.8744197016505815 0.27791716750827883 0.8187678574322149 0.2238553751754814 0.7772209274745359 0.26662427302338787 0.8328727716929027 0.32068606535618527
1 0.9490925418532044 0.39211409418309445 0.8938557522455985 0.35113195940546504 0.8561511011944068 0.4019512710065712 0.9113878908020127 0.4429334057842006
1 0.9905034172683997 0.4694707846322256 0.9835308869281608 0.3997455018568951 0.9147817592162125 0.40662041666191795 0.9217542895564514 0.47634569943724847
0 0.27211338046875005 0.58986866171875 0.2644779851254957 0.589719415752504 0.2630959878160488 0.6604221361432977 0.2707313831593032 0.6605713821095437
0 0.26624507031250005 0.6994091546875001 0.26196433491113097 0.6981168670734597 0.25500940522363097 0.7211552475422097 0.25929014062500005 0.72244753515625
0 0.27178837654602067 0.709572214864784 0.27102640859375 0.6963665492187501 0.2663524687664793 0.6966362359164662 0.26711443671875 0.7098419015625
0 0.2747264378750837 0.7671735778786787 0.272813361452024 0.7159619440893568 0.26613127591553754 0.7162115619857378 0.26804435233859725 0.7674231957750597
0 0.27765774609375 0.8564686617187499 0.27647746484375 0.8226732390624999 0.27073203135461654 0.8228738942662925 0.2719123126046165 0.8566693169225426
0 0.27797957734375006 0.8652658453125 0.2717566898437501 0.8652658453125 0.2717566898437501 0.8801788734375 0.27797957734375006 0.8801788734375
0 0.27728505630634953 0.8801267484711657 0.26943989727024636 0.8799163275657144 0.26829309330823375 0.9226728181621437 0.2761382523443369 0.9228832390675951
0 0.2377442838714236 0.8555740491036088 0.2317573399769654 0.8546348728236376 0.22767919392324334 0.8806317300034104 0.23366613781770154 0.8815709062833816
0 0.24236021093750013 0.8205274648437502 0.2381108508921086 0.8199152471131341 0.23544892269564102 0.8383915027916338 0.23969828274103255 0.8390037205222498
0 0.2570307068621561 0.7401403906043647 0.25065606716130223 0.7390653448126263 0.23843666409901365 0.8115220647776843 0.24481130379986754 0.8125971105694226
0 0.2955442559454528 0.5860667770123105 0.2894555382977849 0.5847111357524757 0.27351449281093804 0.656308635661754 0.2796032104586059 0.6576642769215889
0 0.3008119718750001 0.5625957750000001 0.2976456137938152 0.5619330537844208 0.2962491879821868 0.5686049152692824 0.2994155460633717 0.5692676364848617
0 0.31198063359375006 0.49595316874999995 0.30692892890386786 0.49520689568761156 0.29798908437500005 0.5557228874999999 0.30304078906488224 0.5564691605623883
0 0.3556989516466575 0.23466691694187727 0.3493429765243411 0.23322174226110257 0.3366753631589336 0.28893475500672533 0.34303133828125004 0.29037992968750004
0 0.38584586375487584 0.35819470505684287 0.38142676093750005 0.35466936640625 0.33883578824791655 0.4080582478902075 0.34325489106529233 0.41158358654080035
0 0.5222521125000001 0.1920531687500001 0.516243900544521 0.18734410685534075 0.505156577107021 0.20149023419909073 0.5111647890625001 0.20619929609375007
0 0.25754019651437937 0.5221082002756054 0.24956981454436744 0.5141941239274666 0.07427756091740352 0.6907335147964557 0.08224794288741544 0.6986475911445945
0 0.5909107815264532 0.2814218769878152 0.584583538873537 0.27549666201987344 0.516301930218962 0.34841119913396346 0.5226291728718782 0.35433641410190514
0 0.5150405018910547 0.3619036082731175 0.5100752390195045 0.3569751257373469 0.44200736694864595 0.42555097550162435 0.44697262982019625 0.4304794580373949
0 0.37704561380886087 0.4903758614950456 0.37254009559599893 0.4855888423172637 0.36271901406250007 0.49483239453125005 0.367224532275362 0.49961941370903196
0 0.36370774609375 0.50116126796875 0.35934006145340786 0.4966211580205302 0.2812189348909079 0.5717753830205303 0.2855866195312501 0.5763154929687502
0 0.27637007031249994 0.5853070421875001 0.2692211153513846 0.5788799372823508 0.10516167969909866 0.7613654472799452 0.11231063466021403 0.7677925521850943
0 0.7009373242187501 0.24475739453125014 0.6959360255371246 0.24124080442504062 0.6838893160059903 0.2583736492196613 0.6888906146876159 0.26189023932587085
0 0.6782297598272502 0.29041814222604806 0.6684723486939426 0.2840249537468108 0.48574470136669234 0.5629075154270128 0.4955021125 0.5693007039062501
0 0.44504205149778997 0.6509431325682236 0.4397852606932727 0.6476945626788236 0.41933908437500006 0.6807802820312501 0.42459587517951736 0.6840288519206502
0 0.42096971796875005 0.6889334507812501 0.4159337334314518 0.6859118774310476 0.4036082525099979 0.7064544637399477 0.40864423704729613 0.7094760370901503
0 0.39897849613555114 0.722954883811582 0.39362612503407923 0.7197631454473956 0.3756673468672781 0.7498790366358137 0.38101971796875 0.753070775
0 0.37177957734375006 0.76856161953125 0.36383787604529 0.7647188075527915 0.34416307477146135 0.8053794996967742 0.3521047760699214 0.8092223116752326
0 0.4143388553858366 0.5045813255684424 0.41274140205945314 0.357010547541539 0.40140207943323214 0.3571332956823999 0.40299953275961553 0.5047040737093031
0 0.40751549296875006 0.5827102109375001 0.4012520279429226 0.5826468869007694 0.4011326615366726 0.5944535775257693 0.40739612656250007 0.5945169015625
0 0.40835035234375017 0.6180116195312502 0.40159575236515943 0.61778643292256 0.39927597312854013 0.6873695261320127 0.40603057310713087 0.6875947127407029
0 0.4065612679687501 0.6969623242187499 0.4001403969396389 0.6963604594414906 0.39926147879891977 0.7057370174989357 0.4056823498280309 0.7063388822761951
0 0.4050507854651678 0.7260391914833834 0.39845176093750023 0.7254658453125001 0.38779780672233255 0.8480893296103668 0.39439683125000013 0.84866267578125
0 0.4064829454196592 0.7778045993758484 0.4042171008884091 0.7255683314070985 0.3983323945312499 0.7258235914062501 0.4005982390624999 0.778059859375
0 0.7105482390625001 0.3471070421875001 0.7059907821270459 0.34479213570714284 0.69931831015625 0.35792852109375006 0.7038757670917042 0.3602434275741074
0 0.6384313635028704 0.49082834133886594 0.6322584785577854 0.48775184237339647 0.584521481461165 0.5835344166595308 0.5906943664062501 0.5866109156250001
0 0.647048145305435 0.47145311015187075 0.6429646066352301 0.4673693371083624 0.6310198125169855 0.47931344569858503 0.6351033511871904 0.4833972187420934
0 0.6298971828125 0.4892165492187502 0.6231386382220736 0.4835972433159017 0.5445715625017022 0.5780927368476496 0.5513301070921286 0.583712042750498
0 0.5570592254248142 0.5814867630467434 0.5507620774842306 0.5759517194008419 0.49071709891030635 0.6442641189695701 0.49701424685089 0.6497991626154718
0 0.46736936640625004 0.6842091546875 0.462672821094184 0.680393184435528 0.44409218671918393 0.703261494591778 0.44878873203124997 0.7070774648437499
0 0.39967469756258367 0.7684742904450268 0.39435259181549415 0.7638057542186022 0.3630969114366008 0.7994370587872945 0.3684190171836903 0.804105595013719
0 0.7455271125 0.36296302812500014 0.7390395789316244 0.3566317839507981 0.7016821844003744 0.39491136129454807 0.7081697179687501 0.4012426054687501
0 0.9288531687500001 0.45174366171875013 0.9260266719500283 0.44582773129758896 0.8568018404491484 0.478901778959801 0.85962833724912 0.4848177093809622
0 0.8273339519853982 0.5028593739953571 0.8227919028072019 0.49370577958016754 0.6739721828124999 0.5675507039062501 0.6785142319906962 0.5767042983214397
0 0.6597252786973581 0.5809056302974082 0.6560341164947363 0.573429665055845 0.5412927779578804 0.6300817331434315 0.5449839401605022 0.6375576983849947
0 0.5409745509023172 0.6377761543210417 0.537913507744288 0.6311791826619938 0.4991864017401186 0.6491488434383503 0.5022474448981477 0.6557458150973983
0 0.4867461265625 0.6616105632812499 0.4817182999463417 0.650798090350081 0.3060409911601361 0.7324884727994214 0.31106881777629436 0.7433009457305904
0 0.41834401406250005 0.7420640843750002 0.4161379815417362 0.7401005142767152 0.40549401406249996 0.7520588031250002 0.4077000465832638 0.7540223732232851
0 0.7459094044300142 0.5659056375626811 0.7419464789062499 0.5625619718750001 0.7265384830699857 0.5808235882185693 0.73050140859375 0.5841672539062502
0 0.6441601681076727 0.6638270422322514 0.6393742048110287 0.6588330031861482 0.6264805859221058 0.6711894117351468 0.6312665492187499 0.67618345078125
0 0.5646211265625001 0.64180668984375 0.5575726885627533 0.6371722025639064 0.5416564610037196 0.6613786651919561 0.5487048990034663 0.6660131524717998
0 0.60986232421875 0.69742570390625 0.6050938057661206 0.6924726040763808 0.5789871151411206 0.7176064072013809 0.58375563359375 0.7225595070312502
0 0.5651077460937499 0.7386130281250001 0.5593073810223492 0.7328424397023978 0.5271323774186936 0.7651834686248311 0.5329327424900943 0.7709540570474334
0 0.48143626796875 0.78855633828125 0.4761597436480217 0.7854032787487376 0.4435109370189295 0.8400398057298464 0.44878746133965775 0.8431928652623586
0 0.4886908758203905 0.8232940871454147 0.4792337307820572 0.8134915847367651 0.4072135764223549 0.882974357305315 0.41667072146068823 0.8927768597139647
0 0.29098070017574723 0.47807544210874475 0.28652992968749996 0.47458873203125007 0.27667795641619736 0.4871647337384011 0.2811287269044446 0.49065144381589576