1 0.7875013721714643 0.25744630879506325 0.7243519629570654 0.2365557102905959 0.7063793220338591 0.29088453462180414 0.7695287312482579 0.3117751331262714
1 0.7297743885248122 0.2130243926151269 0.6757128043367937 0.18429977275701642 0.6343549991297179 0.26213782523876894 0.6884165833177366 0.2908624450968794
1 0.6813274938138165 0.14502116646653257 0.6084307375253013 0.11662208814813999 0.5856243958974635 0.17516301362600634 0.6585211521859786 0.20356209194439892
1 0.5643014722997888 0.18566623479914143 0.5394924617482839 0.1273734473506715 0.46202143246988625 0.16034458609579888 0.4868304430213913 0.21863737354426882
1 0.47989133107461546 0.23881582874710477 0.442008505143188 0.1940121235703758 0.3747837507841699 0.2508525937417666 0.41266657671559737 0.2956562989184956
1 0.37344257896191185 0.202048952228848 0.3469739425468575 0.14024824608794803 0.2790813373697379 0.16932598312232694 0.3055499737847922 0.23112668926322694
1 0.30684039772186233 0.20876230123754874 0.2886188157787178 0.14684842492420755 0.2278973597463061 0.16471907125883578 0.24611894168945062 0.22663294757217697
1 0.25788644095227997 0.22987104833287267 0.2223526756621168 0.18206929302737174 0.16015110149795658 0.22830726322118994 0.19568486678811975 0.2761090185266909
1 0.1612549646370765 0.35035268582249707 0.12935947998381042 0.2966653397047006 0.06880997387657953 0.3326376121759197 0.10070545852984561 0.38632495829371616
1 0.10260210077468686 0.3512844562513395 0.03619583535544476 0.3329936300090946 0.017567828553911435 0.40062405563945946 0.08397409397315352 0.4189148818817043
0 0.7217078298669245 0.6221795981735337 0.7131615421875003 0.6207097539062503 0.7012193664265318 0.6901465451658451 0.709765654105956 0.6916163894331286
0 0.711981380790089 0.7529916772745076 0.7078783840314701 0.729282608148454 0.7033055774601311 0.7300739597801964 0.7074085742187501 0.7537830289062499
0 0.7035017786852813 0.7269662348807453 0.6989581800653037 0.7262503035367953 0.6968711904425223 0.7394952092810498 0.7014147890624999 0.7402111406249999
0 0.7015908027195055 0.7466779575623829 0.6949407211221011 0.74546773935272 0.685766239496346 0.7958810044465874 0.6924163210937503 0.7970912226562501
0 0.6817640962085048 0.8515206691283268 0.6760775287040528 0.8505814995134224 0.6705675851562501 0.8839435945312502 0.6762541526607022 0.8848827641461547
0 0.6748367288651245 0.8931708378095223 0.6683791211817345 0.8925481355505356 0.6669490625000001 0.9073782695312502 0.6734066701833902 0.9080009717902369
0 0.67367233046875 0.90810626328125 0.6641718631968415 0.9078153368971338 0.6628718943347238 0.9502670095653396 0.6723723616066323 0.9505579359494559
0 0.7169447163539675 0.9145373826833755 0.7147649360461538 0.8883579158113551 0.708563332900119 0.8888742797419382 0.7107431132079327 0.9150537466139586
0 0.7148213349315966 0.8533364697034858 0.7105236554687501 0.8532646421875001 0.7102131010059035 0.8718461498277641 0.71451078046875 0.8719179773437498
0 0.715245217270069 0.844905734892526 0.7137534201206279 0.7714445269955674 0.7073244284385096 0.7715750823150309 0.7088162255879507 0.8450362902119896
0 0.7022835064069108 0.6863352904211852 0.6967963643942807 0.6132099244936625 0.6905161646543851 0.6136811747555024 0.6960033066670153 0.6868065406830253
0 0.6921976 0.5962953828125 0.6918059025846428 0.5895193024477359 0.6885378960937499 0.5897082124999999 0.6889295935091072 0.5964842928647641
0 0.6922898320312499 0.58329508203125 0.6917972478078491 0.5221191729577622 0.686697550209827 0.5221602353729996 0.6871901344332279 0.5833361444464874
0 0.6913636511106531 0.31355206188107865 0.6853692684206936 0.2568653340291158 0.6786201462162904 0.2575790252730371 0.68461452890625 0.31426575312499994
0 0.6718551523437499 0.43169975234375013 0.6376454070312498 0.37258591953125003 0.6327556562994439 0.37541566545057276 0.666965401611944 0.4345294982630728
0 0.5347450263728952 0.2055874409822108 0.5282861537647159 0.1890399048213504 0.5208223585937499 0.19195319062500005 0.5272812312019293 0.20850072678586043
0 0.8950437773991176 0.7480824461832223 0.7446089151999847 0.5499140663860747 0.7365853106197487 0.5560049969906629 0.8870201728188818 0.7541733767878107
0 0.505220385346836 0.34742231441708327 0.44699036681920995 0.26623107514821787 0.43993355693477165 0.27129218979577263 0.49816357546239765 0.35248342906463803
0 0.5677690663944892 0.4343140315186179 0.5093553515625 0.3573930453125001 0.5041068573946762 0.3613787461821573 0.5625205722266655 0.43829973238827513
0 0.63666416875 0.5139885054687501 0.6267975875 0.5046131875000002 0.6223159396458813 0.5093296720857966 0.6321825208958812 0.5187049900545466
0 0.706660350150291 0.6015220072958403 0.6397041569075461 0.5162698443196906 0.6347494669135051 0.5201612081176006 0.70170566015625 0.6054133710937502
0 0.8546217723921611 0.8137660519807719 0.7171354911801912 0.610490684009477 0.7092705572419595 0.615810170231231 0.8467568384539295 0.8190855382025258
0 0.35147976328124997 0.2351574789062501 0.3420024716893536 0.21650187352226996 0.3365410890625 0.21927632734375005 0.3460183806543964 0.2379319327277302
0 0.5053653865278137 0.5642771456779632 0.36322211213064004 0.26268126104687 0.3526660459153263 0.2676563747439068 0.49480932031249997 0.569252259375
0 0.5547161765625 0.6902467703125 0.5389998369392835 0.6546592665356605 0.5333624407989772 0.6571488829158161 0.5490787804221937 0.6927363866926555
0 0.5669332986670473 0.7176420765881779 0.5563073672022063 0.6959658171648411 0.5507935168999812 0.6986687648586557 0.5614194483648223 0.7203450242819927
0 0.5884045288033384 0.7645355366678009 0.57399136484375 0.7327493273437501 0.5681885657279115 0.7353805531759494 0.5826017296874999 0.7671667625000003
0 0.6118278983114027 0.8239792936685009 0.5971163853388347 0.7812062546971144 0.5892379944943098 0.7839159768000897 0.6039495074668778 0.826689015771476
0 0.6148341296875001 0.3718384359375001 0.6050584216175802 0.3705722980479697 0.5861069794916259 0.516894248650073 0.5958826875615458 0.5181603865396034
0 0.585883952047131 0.5950914854302959 0.5791854851178361 0.5947285233249935 0.5785484484375001 0.6064850375000002 0.585246915366795 0.6068479996053026
0 0.5812327816644385 0.6304394332386898 0.5743336765625001 0.6296183039062501 0.5661083244326652 0.698727476605726 0.5730074295346037 0.6995486059381657
0 0.5716640845650379 0.7086738319968322 0.5651175351562501 0.7080496585937501 0.5642284233887576 0.7173749744227862 0.5707749727975454 0.7179991478258682
0 0.56918119765625 0.7374044101562501 0.5627236531071832 0.7370429402045395 0.5558434801212094 0.8599550200384545 0.5623010246702762 0.8603164899901652
0 0.5692496140625 0.7377752875000001 0.563457702209031 0.7367035187294256 0.5539440248652812 0.7881160827919256 0.5597359367187501 0.7891878515624999
0 0.32239397031250006 0.33157140390625006 0.317491959436395 0.3176347569594672 0.31267230027307485 0.3193300012838682 0.3175743111491799 0.3332666482306511
0 0.40514251262429707 0.5706754091957291 0.3695729606732784 0.46976982726540306 0.36256480351773124 0.47224022588217396 0.3981343554687499 0.5731458078125
0 0.37313368503111843 0.46128082918437086 0.36296835389673 0.44779017381453523 0.35835607135696823 0.4512655705255704 0.3685214024913567 0.46475622589540605
0 0.4454370606098562 0.5708017038498487 0.3795607886127645 0.46699581834815057 0.3717370389338407 0.4719608495638181 0.43761331093093236 0.5757667350655163
0 0.4890762519958778 0.6441805803868278 0.4391673175743672 0.5681477264668263 0.4321770582047403 0.5727362218143129 0.4820859926262509 0.6487690757343145
0 0.5270664530660166 0.7089388878428756 0.5113925718938203 0.6839941871830085 0.5062193891403035 0.6872447313713831 0.5218932703125001 0.7121894320312502
0 0.5929168295670916 0.8164788367995935 0.5684422068391286 0.7756653116146239 0.5621517795647989 0.7794374884515712 0.5866264022927619 0.8202510136365408
0 0.3158412209870749 0.3654043266626609 0.27929660999939065 0.32693196536192054 0.2710559374498157 0.33475971916800956 0.3076005484375 0.37323208046875
0 0.14858620234375003 0.43098971015625 0.0863856139914106 0.3864541181270398 0.08203638515624997 0.3925284640625001 0.14423697350858938 0.4370640560917103
0 0.3183196617187501 0.5426810570312501 0.1798523267307645 0.4507788380022008 0.17444665033953727 0.4589234683670467 0.3129139853275228 0.5508256873960959
0 0.44057644899652937 0.6237738977322062 0.3354065756815482 0.5508329468650897 0.3305454618651641 0.5578419413758713 0.4357153351801453 0.6307828922429878
0 0.4800392601562501 0.6478243500000002 0.4442209940406997 0.624595436702509 0.4402495928743485 0.6307192145136448 0.4760678589898989 0.6539481278111359
0 0.6596478281215596 0.7573334671647783 0.49719088593905003 0.6517884101181186 0.49063304453125 0.66188236328125 0.6530899867137597 0.7674274203279099
0 0.5585064546875 0.7627584749999999 0.549437804646813 0.749520778873613 0.5470036595227096 0.7511883205718045 0.5560723095633966 0.7644260166981914
0 0.26439258637990637 0.5485334821203842 0.25170118359375004 0.5282806812499999 0.24731279783296065 0.531030659962952 0.260004200619117 0.5512834608333362
0 0.3509253289979021 0.6519206593085904 0.3398767898437501 0.6378901929687502 0.334442391314598 0.6421696063164098 0.34549093046875 0.6562000726562502
0 0.43676906074360317 0.6535877153689753 0.4227439083604009 0.6278996345723784 0.41483711973429516 0.6322165750328582 0.4288622721174974 0.6579046558294552
0 0.3917422994546965 0.7037577181077804 0.3678378209056058 0.6765992834763909 0.3621806948884094 0.6815786075561105 0.3860851734375001 0.7087370421875001
0 0.4343596703125 0.7602249398437502 0.41025912764608047 0.7221965163452289 0.40231736328125 0.7272296156250002 0.4264179059476695 0.7652580391235214
0 0.5086174480699659 0.8445731607121234 0.4834055052661187 0.7860975861147205 0.47776457502091424 0.7885296923690283 0.5029765178247615 0.8470052669664311
0 0.5331097907405214 0.8970224180992963 0.47803496203853235 0.8130183441260618 0.4688740915335738 0.8190244025224969 0.5239489202355629 0.9030284764957314
0 0.7227266606414551 0.5185102420228574 0.7149291593750001 0.5045453242187501 0.7100220087779947 0.5072852983118006 0.7178195100444498 0.521250216115908