1 0.760572645179137 0.22872296610672146 0.695585511743533 0.21454772002100855 0.6833902362170189 0.2704575781732641 0.748377369652623 0.284632824258977
1 0.698518540219166 0.1905785091612963 0.6417505700666847 0.1676622229950023 0.6087556233811401 0.24939693930268492 0.6655235935336214 0.2723132254689789
1 0.6460317129832335 0.13177494588160577 0.5702272751098785 0.1051236677017521 0.5499978521009353 0.16266237295058486 0.6258022899742903 0.18931365113043852
1 0.5310923969413895 0.18066685364206944 0.5003260373678942 0.12528664842606302 0.4267258246436757 0.166175095851039 0.4574921842171712 0.22155530106704546
1 0.452700308340114 0.24234855171107253 0.41034174593463435 0.20175011917429808 0.3494267027719783 0.26530611126588 0.39178526517745793 0.30590454380265447
1 0.3429915084233125 0.21691001188875467 0.3102079375401453 0.15821458259889526 0.2457267066806909 0.19422973792002696 0.2785102775638581 0.2529251672098864
1 0.27745591696202687 0.2305484084588806 0.2528623927122947 0.17087837642889772 0.19434156626804916 0.19499824557104498 0.21893509051778137 0.25466827760102784
1 0.23097660005071266 0.256658601604525 0.19064084825995425 0.2128329989330952 0.13361320504341284 0.26531950731587417 0.17394895683417128 0.309145109987304
1 0.14272605059328777 0.3679875321781526 0.09957546900765943 0.33286158602154525 0.049603413498613504 0.3942499184135261 0.09275399508424184 0.42937586457013344
1 0.0892340807005981 0.393638527510323 0.021279683763499126 0.3823892453229714 0.009823027657345152 0.4515963417086222 0.07777742459444412 0.46284562389597383
0 0.7332645362920818 0.5983355064525229 0.72461142578125 0.5977670445312502 0.7199927919710186 0.6680717514490383 0.7286459024818503 0.668640213370311
0 0.7372649560561455 0.7294476738065144 0.7307061625092345 0.7062973656564614 0.7262411252030889 0.7075623707561969 0.7327999187499998 0.7307126789062499
0 0.7261114063818652 0.7044511622385918 0.7215178628972562 0.7042140880753927 0.720826775265391 0.7176045859930509 0.72542031875 0.7178416601562501
0 0.7262713353535373 0.7242546529704093 0.719531180657959 0.723746187212038 0.7156765788981717 0.7748422772103789 0.72241673359375 0.7753507429687502
0 0.7175122884014964 0.830595480268979 0.7117587024147658 0.8302558637797167 0.70976623203125 0.8640111437500002 0.7155198180179805 0.8643507602392624
0 0.7151044454842963 0.8876399669294285 0.7149764990878158 0.8727415916310471 0.7084891762597694 0.8727973043891184 0.70861712265625 0.8876956796874997
0 0.7171564662386364 0.9304394801403886 0.7168106857488683 0.8877053334142093 0.7086322199227645 0.8877715089233875 0.7089780004125326 0.9305056556495668
0 0.7590872263930198 0.8895896047106383 0.7541828866582063 0.8637814016962135 0.7480692310491004 0.8649431813099258 0.752973570783914 0.8907513843243505
0 0.7522116828125001 0.8474580890625001 0.7505782396446696 0.8289459111823303 0.7462965945312499 0.82932370703125 0.7479300376990803 0.8478358849114198
0 0.7501185488304227 0.8205170532462217 0.7409561352101708 0.7476142088816095 0.7345760089133828 0.7484160617666389 0.7437384225336348 0.821318906131251
0 0.7206527182022058 0.6641701422364246 0.7075519531670433 0.5920189275774148 0.7013554155420159 0.5931440560155248 0.7144561805771783 0.6652952706745345
0 0.7012103296874999 0.575677746875 0.7001124837924888 0.5689797302847344 0.69688212734375 0.56950920546875 0.6979799732387612 0.5762072220590155
0 0.69994315546875 0.5627390218749999 0.6930586459130078 0.5019497296944753 0.6879911762310214 0.5025236308240602 0.6948756857867636 0.5633129230045848
0 0.670826224243827 0.29457049472692876 0.6589393032190514 0.23882088632392287 0.6523017547564745 0.24023614315949407 0.6641886757812501 0.29598575156249995
0 0.6637743921875 0.4141101531250001 0.6235729734375 0.35889604453125007 0.6190057979385412 0.3622214071860982 0.6592072166885411 0.4174355157798482
0 0.5037801966901233 0.20356841926450694 0.49562701879884175 0.18778666876071104 0.48850863203125006 0.19146417421875006 0.49666180992253156 0.207245924722546
0 0.9188113630221881 0.7054301058182648 0.7484863626840657 0.5240720380383352 0.741143388196935 0.5309682966239804 0.9114683885350576 0.71232636440391
0 0.4894454282971631 0.34752242885481044 0.42246606437238743 0.27337095970593467 0.416012420032945 0.27920039232290306 0.4829917839577206 0.3533518614717789
0 0.5605317674548137 0.42759006969994273 0.4943976164062498 0.3571963609375 0.4895944932413244 0.361708844772753 0.5557286442898883 0.4321025535351957
0 0.6373777046875 0.4996265796875 0.62658518671875 0.4913339593750001 0.6226210967835412 0.4964930659352019 0.6334136147522912 0.5047856862477018
0 0.716140182347878 0.5793639700754019 0.6406395049266043 0.5015776553160292 0.6361187155474762 0.5059656078968775 0.71161939296875 0.5837519226562502
0 0.8854766002440888 0.7749791401879276 0.7274954210133922 0.5871885657091613 0.7202296101945089 0.5933010203114242 0.8782107894252057 0.7810915947901903
0 0.32460979062499995 0.25213290546875006 0.3132343751998163 0.23457014495569073 0.30809291953124995 0.2379002703125 0.3194683349564336 0.2554630308255593
0 0.5120547863335474 0.5633641922918442 0.3391648327877041 0.2782785001670341 0.32918663395415676 0.2843297695939401 0.5020765875000001 0.5694154617187501
0 0.57430263828125 0.68348518125 0.5549524872109568 0.6497354336220668 0.5496062090488328 0.6528006799534285 0.5689563601191262 0.6865504275813616
0 0.5893164222043088 0.7094533758913754 0.5764829158275883 0.6890065732843998 0.571281806369391 0.6922710676251935 0.5841153127461114 0.7127178702321691
0 0.6155717328588877 0.753845593968958 0.5979149625000001 0.7237400992187502 0.5924189897973624 0.7269634685310421 0.6100757601562501 0.75706896328125
0 0.6450803513907007 0.8105153025043078 0.6259784290100565 0.769514351146476 0.6184264406723218 0.7730327449951442 0.637528363052966 0.8140336963529761
0 0.600808525 0.3605370828125001 0.590954021794643 0.36029972068539967 0.587401206059307 0.5078010701197329 0.5972557092646641 0.5080384322468332
0 0.5958072378186707 0.597528492791344 0.5955148438584124 0.5857393415379809 0.5889564755709916 0.5859020018716368 0.58924886953125 0.597691153125
0 0.5942444816086858 0.6211536702976594 0.58747527109375 0.6211382562500001 0.5873167396664624 0.6907586848522601 0.5940859501813982 0.6907740988999195
0 0.593223816880001 0.7004970110910381 0.5865079257812501 0.7001033046875001 0.5859659834985909 0.7093478212090516 0.5926818745973418 0.7097415276125896
0 0.5996230621950326 0.8518304081043354 0.593617734375 0.7288724796875001 0.5871577807382382 0.7291879871117912 0.5931631085582707 0.8521459155286264
0 0.595692720435177 0.7811298797244135 0.59372454296875 0.72923417421875 0.5876688811273231 0.7294638390255865 0.58963705859375 0.78135954453125
0 0.30576133203125 0.3510589585937501 0.2994293997303221 0.3377110582952193 0.294813345291738 0.3399008067611806 0.3011452775926659 0.35324870705971134
0 0.4130497437375592 0.5802035495816842 0.3671275390084928 0.48356876906817287 0.36041599995843365 0.48675818667398874 0.4063382046875 0.5833929671875
0 0.3697814161833767 0.47475407774141665 0.35826161507571663 0.4623998927251892 0.35403787657261676 0.4663383659974095 0.3655576776802768 0.47869255101363695
0 0.45313675554497024 0.576117224437542 0.376770690797367 0.47976594488196805 0.3695087868022972 0.48552158230823095 0.4458748515499004 0.5818728618638048
0 0.5042070676126116 0.6445325866938388 0.4466239423896649 0.5741331528053586 0.440151605288371 0.5794271925043045 0.49773473051131767 0.6498266263927847
0 0.5487582413404998 0.704965083680212 0.5305627915844318 0.6817954002918055 0.5257577221189319 0.6855688830178435 0.5439531718749999 0.70873856640625
0 0.6254888682949334 0.805032679608375 0.5968821454012027 0.7670010291454383 0.5910204769105663 0.7714100706717839 0.619627199804297 0.8094417211347207
0 0.3026717576040686 0.3860506428782002 0.2632871219334797 0.3502115332382253 0.2560190408919111 0.35819863801627505 0.2954036765625 0.39403774765624994
0 0.14329774374999998 0.4681004999999999 0.07678266055842978 0.4303106101920111 0.07309219921875001 0.4368062984375 0.13960728241032022 0.4745961882454889
0 0.3237763109375 0.5614380125 0.1764611168383305 0.4845130215376064 0.17193639890248966 0.49317808204165303 0.3192515930016592 0.5701030730040466
0 0.45383987251527447 0.6293073034024212 0.341621725181472 0.5677591763768748 0.3375198805594569 0.5752378995546346 0.4497380278932594 0.6367860265801809
0 0.49560045937500014 0.6491010187500001 0.4575503262384837 0.6297433837249148 0.4542407899323623 0.6362487392037667 0.49229092306887867 0.655606374228852
0 0.6856719325113496 0.7392360245144307 0.5130724823942395 0.6512505309412081 0.507605671875 0.6619746679687502 0.6802051219921101 0.7499601615419728
0 0.5856516898437498 0.7552034671875 0.5752490020530889 0.742986220844948 0.5730024971027854 0.7448990651113999 0.5834051848934463 0.757116311453952
0 0.2707563986762169 0.5728952912684646 0.25601752734375005 0.5540800507812502 0.2519406322599703 0.5572736762954512 0.2666795035924372 0.5760889167826656
0 0.3676220085990561 0.6666709695375082 0.35516741171875005 0.6538722484375 0.350210103900944 0.658696267181242 0.36266470078125 0.67149498828125
0 0.4531697339134014 0.6593557790488209 0.43653627822368063 0.6352744476625268 0.42912404731750897 0.6403942233245136 0.4457575030072297 0.6644755547108077
0 0.41357072622059193 0.7142951584506454 0.38755432055917294 0.6890943109767068 0.3825117677760811 0.6943000525260616 0.4085281734375001 0.7195009000000002
0 0.46192016796875 0.7656606835937501 0.4339765969000099 0.7303597764137655 0.42660444140625 0.73619544375 0.45454801247499016 0.7714963509299846
0 0.5445879436416774 0.8417847841144539 0.5134017529338412 0.7862649106063752 0.5080459486749376 0.7892733312395328 0.5392321393827738 0.8447932047476117
0 0.5744285549011027 0.891386572158949 0.510874615150887 0.813599568645653 0.5023917334176804 0.8205302965337413 0.565945673167896 0.8983173000470372
0 0.7234413896979248 0.49512756402721747 0.7142268703125 0.48205421015624983 0.709633007744759 0.4852921119297521 0.7188475271301838 0.49836546580071966