1 0.29822445156670163 0.2913149581932397 0.25493504164396297 0.26580491294696723 0.213479845563654 0.33615253323628164 0.2567692554863926 0.36166257848255406
1 0.36777420279580786 0.30131863838196415 0.3061742916506461 0.26131518966261563 0.2802737534023538 0.30119852236975253 0.34187366454751555 0.3412019710891011
1 0.4725268225498979 0.2825877808657949 0.41114642895160225 0.22233006537972805 0.3774935910389766 0.25660989859468347 0.43887398463727223 0.3168676140807503
1 0.30218277855800685 0.46276888558720974 0.246422575253142 0.4275407574559436 0.2078302051649595 0.48862599008923074 0.26359040846982434 0.5238541182204969
1 0.28363242472856426 0.541844264120277 0.24096539176272153 0.49950286488068346 0.173028920735752 0.5679618128830489 0.21569595370159472 0.6103032121226424
0 0.30193303773632935 0.34453676006966616 0.28270237659062053 0.325838157551812 0.27945425985151 0.32917869769709274 0.29868492099721883 0.34787730021494684
0 0.3229576734375001 0.33978196484375 0.3082542714955582 0.3167984936759808 0.30393877869682784 0.319559278795605 0.3186421806387697 0.34254274996337414
0 0.42505527149602546 0.46648038915272644 0.31937153423554354 0.36753584928873934 0.31510227148519604 0.37209589518337804 0.4207860087456779 0.47104043504736526
0 0.3455937062615466 0.535113662437406 0.27889133614653716 0.4872481577996612 0.27436560254124054 0.49355493676850504 0.34106797265625 0.54142044140625
0 0.4177202588750112 0.5776718947020365 0.3519190519570519 0.5439482670620881 0.3475636391757907 0.5524465051725518 0.41336484609375007 0.5861701328125001
0 0.36004904369216834 0.549968305710554 0.34093520625 0.53679053203125 0.33824974693283166 0.5406856841331962 0.357363584375 0.5538634578125002
0 0.28417890751762576 0.5893214369174593 0.24496731282737266 0.5696578934569724 0.2428914825177734 0.5737973618548893 0.2821030772080265 0.5934609053153761
0 0.5331559751795626 0.6910321217453841 0.3182624870113445 0.603092937808319 0.3137290469848481 0.6141711249949596 0.5286225351530662 0.7021103089320249
0 0.6456884093750002 0.7259500445312501 0.5857144529247521 0.7044740413972734 0.5832536115566814 0.7113461950340063 0.6432275680069295 0.732822198167983
0 0.706266709569672 0.7403998354462307 0.6465080228829283 0.7260148677938673 0.6449142225233764 0.732635905715495 0.7046729092101198 0.7470208733678584
0 0.5487998483248335 0.794438120621134 0.5281254424424772 0.7271293471742828 0.5202693791246182 0.7295423972620125 0.5409437850069746 0.7968511707088637
0 0.6048681468122508 0.9391116333957046 0.5654968977142738 0.8279973570866463 0.556036790459433 0.8313493677516661 0.59540803955741 0.9424636440607242
0 0.420432696875 0.3049176304687499 0.4167793932117025 0.28844284399952064 0.41308689043798663 0.28926166091925115 0.41674019410128427 0.30573644738848044
0 0.4397463243461776 0.3931739696082889 0.42808210855376183 0.3445708192136288 0.4214677137212817 0.34615820044377155 0.4331319295136975 0.3947613508384316
0 0.49834932752950606 0.5317021734738223 0.45783879887178286 0.4952438003465674 0.45432976875 0.49914284062500014 0.4948402974077232 0.535601213752255
0 0.5634658666278197 0.6274305925839088 0.5088301662542842 0.5674857862666353 0.5023585996142795 0.5733841884404492 0.556994299987815 0.6333289947577228
0 0.49173790618070096 0.6387655519328235 0.4530446523437499 0.6080681273437499 0.4476766963037952 0.6148342873203589 0.48636995014074624 0.6455317119094325
0 0.5753348864203074 0.5936340160233009 0.522759597077369 0.5439415526746443 0.51411999921875 0.5530823625 0.5666952885616883 0.6027748258486565
0 0.7082272273437501 0.6839987132812501 0.6936141171874999 0.67424997265625 0.6907952142299671 0.6784754353106329 0.7054083243862174 0.688224175935633
0 0.6441207430678395 0.6996105904433996 0.6186417971216455 0.675122552495447 0.6115816453119195 0.6824683932163026 0.6370605912581135 0.7069564311642552
0 0.8844510987876205 0.7808403567811916 0.7543622087732622 0.7488910478512109 0.752195897485642 0.7577116777887694 0.8822847875000003 0.7896609867187501
0 0.7771368354656156 0.7307299013206052 0.7591079992187499 0.7187908609375 0.7565225210033695 0.7226951247534511 0.7745513572502352 0.7346341651365563
0 0.8051416768029112 0.7459767831317684 0.7930077128331406 0.738831535735969 0.7896133531249999 0.7445957921875002 0.8017473170947704 0.7517410395832995
0 0.8615156025725653 0.8445745845123385 0.814764734375 0.8273858992187503 0.8116974716461847 0.8357284334564119 0.85844833984375 0.8529171187500001
0 0.7455586167206947 0.7957552565477155 0.6731162460865716 0.7549026547759464 0.6678555877185401 0.7642311809101077 0.7402979583526632 0.8050837826818767
0 0.7983259638570757 0.8203788803160149 0.7484191316364603 0.7947065738415118 0.7444200402738257 0.8024807869558707 0.7943268724944409 0.8281530934303738