1 0.2894244662885488 0.3896049192687386 0.23582512488869 0.35167843678228705 0.1948219480774282 0.40962589534691113 0.24842128947728698 0.44755237783336277
1 0.38976662541938834 0.3457968270382385 0.37459407705749126 0.28852045695103723 0.2753616653543558 0.31480718851837064 0.2905342137162529 0.3720835586055719
1 0.4703949844607832 0.1415089694549035 0.40579865191121617 0.14077492059153818 0.4047891869755139 0.22960787972834779 0.46938551952508095 0.23034192859171307
1 0.5234187652383158 0.17015419631806486 0.4782226816384549 0.1353879786093501 0.43863945758295975 0.18684617054018343 0.4838355411828206 0.2216123882488982
1 0.4977467770112046 0.2505811284840436 0.4680939179018123 0.21239799563882844 0.4314740011567338 0.24083686775132368 0.46112686026612604 0.27902000059653886
0 0.5112068057100044 0.950881613638886 0.4934960455157159 0.8339771468455639 0.48377434490284993 0.8354499623243731 0.5014851050971385 0.9523544291176952
0 0.4849804629841471 0.7982516141955791 0.4774760562500001 0.6933570421875002 0.46843750682436464 0.6940036814737678 0.4759419135585117 0.7988982534818468
0 0.45417731328516436 0.6052927333614024 0.4010974790206154 0.551648246972478 0.3934837950918806 0.5591817906464713 0.44656362935642957 0.6128262770353957
0 0.3954834507812501 0.5524732390625 0.3860478875000001 0.5524732390625 0.3860478875000001 0.55800457734375 0.3954834507812501 0.55800457734375
0 0.3779022313278242 0.5267431951570318 0.32422816874999993 0.48105528203125003 0.31885216617752904 0.48737099834989533 0.3725262287553533 0.5330589114756771
0 0.3255503004538419 0.48084256883357906 0.26247596580388877 0.41469156660439505 0.25566482491238746 0.42118592293251444 0.31873915956234067 0.48733692516169835
0 0.5616683101562499 0.7074306335937501 0.4845645247340973 0.6315251879968402 0.4754511515171048 0.6407824365047599 0.5525549369392574 0.7166878821016699
0 0.7089985914062501 0.8229468312500003 0.5927091138584639 0.7321292246287446 0.5836960184626026 0.7436702483758708 0.6999854960103887 0.8344878549971264
0 0.7805715706613205 0.8652956792622449 0.73729225390625 0.8427302820312501 0.7322883128193866 0.8523275937517194 0.7755676295744571 0.8748929909827143
0 0.8004686429964165 0.8503536752260391 0.38787975249460127 0.4109309956401068 0.37293089996268575 0.42496698141633066 0.7855197904645009 0.864389661002263
0 0.7203912197528296 0.7838019114442681 0.6961225351562501 0.7593570421875 0.6927763857159206 0.7626790744932318 0.7170450703125002 0.7871239437499999
0 0.7662405848955955 0.8089085142778313 0.76520633828125 0.787840140625 0.7556812381765569 0.7883077278577362 0.7567154847909024 0.8093761015105676
0 0.75545563359375 0.72051443671875 0.7514917990772364 0.7022034849007402 0.7425016584522364 0.7041496114632403 0.74646549296875 0.7224605632812501
0 0.7556128200220262 0.700864614631724 0.6814775237720252 0.48052410881965757 0.6682327283387821 0.48498042441898565 0.742368024588783 0.705320930231052
0 0.629991496345599 0.6051594761423287 0.5605288488824699 0.4440059904329489 0.5512572169671148 0.44800237993894837 0.6207198644302439 0.6091558656483281
0 0.677484641089668 0.7095324218217316 0.6617654929687501 0.6789397890625002 0.6540511688766508 0.6829035735465239 0.6697703169975687 0.7134962063057552
0 0.35269999999999996 0.3669591546875 0.3441690140625 0.35404049296875 0.3382186596183823 0.35796987754364235 0.3467496455558823 0.37088853926239235
0 0.4702764085937501 0.5337859156250002 0.46238720848473563 0.5334145844180667 0.4614836099795611 0.5526121883156682 0.46937281008857556 0.5529835195226017
0 0.46139753515625 0.45052429609375 0.4544728406698634 0.4503119640047256 0.4538881506704212 0.4693802058045609 0.46081284515680776 0.46959253789358535
0 0.46348450703125 0.3952795773437499 0.46216654921875 0.33432394374999996 0.45641946895589147 0.3344482047720735 0.45773742676839146 0.39540383836582343
0 0.47245372739202995 0.22919412851607923 0.4606879308402938 0.20687546790101913 0.45556320264008787 0.20957708653425744 0.467328999191824 0.23189574714931754
0 0.510731369122168 0.318341449068606 0.5029420906401537 0.28537658106050906 0.4976316804417655 0.286631379468281 0.5054209589237797 0.319596247476378
0 0.5873541870848741 0.3074568186054054 0.5516305307887368 0.2381631054647957 0.5441484825872731 0.2420203979409233 0.5798721388834104 0.31131411108153306
0 0.6292966752854878 0.376940224473608 0.6128113204427488 0.35082797608876193 0.6072760562500001 0.3543225351562501 0.6237614110927392 0.38043478354109617