1 0.3117934863068058 0.3547160123707467 0.2655943056804948 0.3080582885271508 0.21515158639222692 0.35800526638429836 0.2613507670185379 0.40466299022789426
1 0.4182184175749161 0.3289976955691719 0.4132223120601507 0.2699567969701738 0.310932820940651 0.27861264575993716 0.3159289264554164 0.33765354435893535
1 0.533096065064928 0.14181439656574188 0.4696085621390142 0.1298744641595558 0.45318875184667523 0.21718255925712326 0.516676254772589 0.22912249166330936
1 0.5803401041111179 0.17923192130919025 0.5418677409129987 0.1371456630641495 0.4939502538881332 0.18094853462446495 0.5324226170862524 0.2230347928695057
1 0.5410921410603684 0.25397909355530873 0.5185202067642001 0.21122688339260867 0.4775182706301765 0.23287472346709298 0.500090204926345 0.27562693362979307
0 0.43720634513551165 0.828151215871055 0.42627323437500014 0.82754832421875 0.41977834282294746 0.9453296344170837 0.43071145358345897 0.9459325260693887
0 0.44424214765625003 0.68650827265625 0.43522862615087676 0.6855755603910187 0.42440427296700944 0.7901796744801094 0.43341779447238266 0.7911123867453407
0 0.4357171845255213 0.5965406859440207 0.39392514265530537 0.5337066882591236 0.38497173341930613 0.5396617646104409 0.426763775289522 0.602495762295338
0 0.38886688326647645 0.5345957959107018 0.3832586527977265 0.5279902451294518 0.3786671937499999 0.53188847578125 0.38427542421874994 0.5384940265625
0 0.37511326367629594 0.5051348513019404 0.33018825390625006 0.4508206367187501 0.3237972124246034 0.4561068698569276 0.3687222221946493 0.5104210844401178
0 0.3315272362743633 0.45084074122845275 0.28089814370240274 0.3747419771547871 0.27306274585563417 0.37995492755879323 0.32369183842759475 0.45605369163245885
0 0.524711478125 0.7149878859375002 0.46195991569345213 0.6268466829200314 0.4513774910898377 0.6343807720345089 0.5141290535213855 0.7225219750519777
0 0.6497443046875 0.8543327679687499 0.5509918372702772 0.7447014289173695 0.5401115935933929 0.7545020107445183 0.6388640610106158 0.8641333497958987
0 0.7128761293215969 0.90846675940174 0.6741727624999999 0.87872880625 0.6675782867740864 0.8873113879668327 0.7062816535956834 0.9170493411185727
0 0.7350655719996078 0.8972068477985147 0.40504978137500663 0.39281467748872617 0.38789071212789494 0.4040415841246676 0.717906502752496 0.9084337544344561
0 0.6677612974981815 0.8177608567941723 0.648106115625 0.7894731468750003 0.6442339368768185 0.7921636572683282 0.66388911875 0.8204513671875002
0 0.7111943421875 0.82951979921875 0.7017327538776882 0.8283262664751028 0.6990928033039286 0.8492541594215808 0.7085543916137405 0.850447692165228
0 0.71328275859375 0.76152373203125 0.7125588069195239 0.7428026525358786 0.703367305357024 0.7431580915983786 0.70409125703125 0.76187917109375
0 0.7168497151524011 0.7421997294586932 0.6821024194967514 0.5123332326811053 0.668285008608341 0.514421913145922 0.7030323042639907 0.7442884099235099
0 0.6097558820503923 0.6261346537095125 0.5693325378489428 0.4553673898133825 0.5595077968228784 0.4576930632423851 0.5999311410243279 0.6284603271385151
0 0.6384033267526882 0.7371690383979161 0.6282353437499999 0.704311575 0.6199499141066527 0.7068755619628179 0.630117897109341 0.739733025360734
0 0.3780401179687499 0.3434019671874999 0.3718820390625 0.32919817890625 0.36533975376093164 0.33203459890326165 0.3714978326671816 0.3462383871845115
0 0.4648611140625 0.528111184375 0.4571562492409685 0.5263755494725965 0.4529327502697627 0.5451245897240653 0.46063761509129436 0.5468602246264689
0 0.47057535937500017 0.4445726953125001 0.4637927374662275 0.4431611284575293 0.45990576487539936 0.46183815063363876 0.46668838678417207 0.46324971748860955
0 0.49151066953125017 0.33027122578125007 0.48582932264967793 0.3293956290236073 0.476542423430928 0.38965407042985734 0.4822237703125002 0.3905296671875001
0 0.5198971628012443 0.2285249182490512 0.5121857108561529 0.2045022192955693 0.5066697071193992 0.20627289451517267 0.5143811590644906 0.23029559346865452
0 0.5421130115859434 0.32296473336575954 0.5401663591273768 0.2891480817312191 0.5347187328779535 0.28946167383804255 0.5366653853365201 0.323278325472583
0 0.6194618530503654 0.32555087780074704 0.5963136469281276 0.25110654348955375 0.5882754562535587 0.25360599084584223 0.6114236623757965 0.3280503251570356
0 0.6487014740423207 0.40126191069933326 0.6370009132134494 0.3726837140975571 0.63094291796875 0.37516399453125004 0.6426434787976213 0.40374219113302623