1 0.8433971794450029 0.2653985532758888 0.7501442874052379 0.24682440067372252 0.738554436709505 0.30501209401485047 0.8318073287492702 0.32358624661701674
1 0.7620226103215362 0.2614063112171537 0.686974704312936 0.22069950961359916 0.6579220204055719 0.27426164186883967 0.732969926414172 0.3149684434723942
1 0.5711926303089827 0.21104275574238224 0.5399157259573505 0.167813249218171 0.465917184370044 0.22135180409596567 0.49719408872167625 0.2645813106201769
0 0.7898442963412038 0.31189389749956964 0.7833586047737849 0.30909895176017 0.7685756197775433 0.3434029741173269 0.775061311344962 0.3461979198567265
0 0.7668086481586691 0.3806300197392375 0.7561526376606469 0.37539703898763216 0.6480803565122615 0.5954665208234167 0.6587363670102838 0.6006995015750218
0 0.630513498775561 0.632709019024006 0.6252856637534208 0.6298005198219905 0.6113351790403598 0.6548755937667343 0.6165630140625 0.6577840929687501
0 0.6166022839570912 0.6667451208420331 0.6099842376940527 0.6621863918789049 0.5495424756194462 0.7499315464745469 0.5561605218824847 0.754490275437675
0 0.545387246320528 0.7666358376794866 0.5362976934255697 0.7606053439335139 0.44506011116754146 0.8981245695352772 0.4541496640624999 0.9041550632812498
0 0.7018806032909732 0.29196737851450677 0.69721651796875 0.28851144999999995 0.6605026920310051 0.3380600491565232 0.6651667773532284 0.34151597767103004
0 0.6549952242498075 0.3581403824293604 0.6501997319465238 0.35612720110283974 0.6337600665287828 0.39528725486490657 0.6385555588320664 0.39730043619142713
0 0.5916545876677889 0.3653159046404129 0.585610718883544 0.3649019334102173 0.5827476780288358 0.40670156098726357 0.5887915468130807 0.4071155322174592
0 0.58844870390625 0.4461928804687501 0.5868941771810859 0.4227568524251776 0.5816553125304247 0.4231043496671944 0.5832098392555888 0.44654037771076693
0 0.5870989413712856 0.4705707534237272 0.5810607375079172 0.4696782296007408 0.5750827337507141 0.5101213017656869 0.5811209376140825 0.5110138255886734
0 0.5928333355958368 0.49302505650857453 0.58947355234375 0.4912072023437501 0.5722604008796186 0.5230207873517689 0.5756201841317055 0.5248386415165933
0 0.5760464884954134 0.5402155212258898 0.5666222653350208 0.5351120192747023 0.47551612965902323 0.703350331340365 0.4849403528194157 0.7084538332915524
0 0.4722395258251672 0.740811554251117 0.4591638318309569 0.7328176170508812 0.37923768943113867 0.8635529173140466 0.39231338342534905 0.8715468545142823
0 0.47015316352483494 0.7607226245026161 0.46237859113589935 0.7582055189111349 0.45003372064710573 0.7963350632464921 0.4578082930360413 0.7988521688379733
0 0.4508554160592405 0.83217488896689 0.4423401073309057 0.8296007742649817 0.4203357117987096 0.9023924883242398 0.4288510205270445 0.9049666030261481
0 0.5318008777799083 0.227884600866252 0.527410852538779 0.2277318668352067 0.5267483396026208 0.24677443706270474 0.5311383648437501 0.2469271710937501
0 0.5323401512473972 0.2932844634067226 0.52642164296875 0.29267631640625 0.5210102808505217 0.3453398853634354 0.5269287891291687 0.34594803236390803
0 0.5248191334798801 0.42097766637326106 0.5167049063539093 0.4198758424563372 0.4998573564677793 0.5439472518643261 0.50797158359375 0.5450490757812501
0 0.5016900598636209 0.5948856958689328 0.49394521359461996 0.5935110023631359 0.4740870610695714 0.7053892776618296 0.4818319073385723 0.7067639711676266
0 0.578611569885273 0.6167694799796183 0.5688849927255816 0.6155659214576794 0.5557095204965588 0.7220437078843112 0.5654360976562501 0.7232472664062499
0 0.5597031331863933 0.8208048154999318 0.5456227169634361 0.8182084482952778 0.5202557544035703 0.9557765821535564 0.5343361706265275 0.9583729493582105
0 0.5675607669743534 0.7958335942738077 0.56414488203125 0.7658481195312499 0.551883485578399 0.7672449131416331 0.5552993705215024 0.7972303878841911
0 0.42826106434109346 0.2337401212547173 0.42068137460416644 0.23367863082433676 0.4203242456166357 0.27770055268752825 0.42790393535356275 0.27776204311790875
0 0.4281964656552928 0.32619178407027033 0.4275089259719499 0.2935805871581801 0.42206474937915717 0.2936953663691597 0.42275228906250006 0.32630656328124996
0 0.4239612681103163 0.3600410813043774 0.41597810879750596 0.35969991694485925 0.4130929227184398 0.4272125379842319 0.42107608203125013 0.42755370234375006
0 0.4080928958042458 0.5583691567251292 0.39903014666475445 0.5571286245724514 0.39032202188453274 0.6207461214573036 0.3993847710240241 0.6219866536099814
0 0.392676961909379 0.6510290468225006 0.3842190391402488 0.6492580378905495 0.36285320258295284 0.7512962559024513 0.37131112535208305 0.7530672648344025
0 0.36510173671875 0.7678165679687501 0.3567811829439513 0.7650406362946969 0.3381076967661901 0.8210123834948562 0.3464282505409888 0.8237883151689094
0 0.34292487877404065 0.8407498808861782 0.33343967018228937 0.8364123097050029 0.3035271319912773 0.9018237236967398 0.31301234058302857 0.906161294877915
1 0.6264603980375734 0.3620631427585899 0.6243303116445682 0.3014532864145118 0.551950698080303 0.3039970117965516 0.5540807844733081 0.3646068681406297
1 0.6193789252780186 0.35845837258101454 0.6125603963808459 0.35519659423612093 0.6068522851562499 0.3671290179687499 0.6136708140534226 0.37039079631364347
1 0.4411449473773875 0.2111172284824648 0.4006378102421782 0.18683121540860886 0.3638255935404313 0.24823106336446582 0.4043327306756407 0.27251707643832174
1 0.4450466460937501 0.2368344796875001 0.4390493510236194 0.23623483012841434 0.43725040258611936 0.25422671294091426 0.44324769765625005 0.25482636250000007
1 0.43582196418379837 0.2619711321853052 0.43401251875299734 0.25071226400649416 0.42737519483278497 0.25177896762620405 0.42918464026358605 0.26303783580501516