1 0.8350005185002096 0.2535570767971237 0.7411562038572972 0.2382487191700326 0.731604135534699 0.29680544530570474 0.8254484501776116 0.3121138029327958
1 0.7524021778624153 0.2465976300835102 0.6719955727473387 0.21688383848724477 0.6510755357980971 0.27349422240680815 0.7314821409131737 0.3032080140030736
1 0.5610647988797496 0.20873419307113875 0.5282982592539543 0.16662256944371323 0.4562132646040279 0.2227110227059093 0.4889798042298231 0.26482264633333485
0 0.7832093639670934 0.30196715955941744 0.7766247374304893 0.29928690723065515 0.7625519211196461 0.3338598609524879 0.7691365476562501 0.3365401132812501
0 0.7624801633379189 0.3713912491005981 0.7516480156517811 0.3665333454710072 0.651321883347546 0.5902404349403751 0.6621540310336839 0.595098338569966
0 0.6350654712323698 0.6280733203986066 0.6297393152115847 0.6253490417060559 0.616672436947965 0.6508957056824494 0.62199859296875 0.6536199843750001
0 0.6223505735301473 0.6625741831375329 0.6155774615450313 0.6582491977826012 0.5582347810347132 0.7480502872083106 0.565007893019829 0.7523752725632423
0 0.554665052942324 0.7648894177482644 0.5453705753769051 0.759179818204742 0.4589879255595812 0.8997994176439776 0.4682824031250002 0.9055090171875001
0 0.6944973894430527 0.28504857484606705 0.68971553515625 0.28175752578125 0.6547532954541607 0.33255723508456814 0.6595351497409634 0.33584828414938517
0 0.6499499756058493 0.3528175437632664 0.6450871457122912 0.3509729492422239 0.6300241618685705 0.3906828840196683 0.6348869917621286 0.3925274785407108
0 0.5868983467656413 0.3621992517157725 0.5808437128180343 0.3619964607080473 0.5794412023408577 0.40387054399330874 0.5854958362884648 0.40407333500103393
0 0.58651698125 0.44313884296875 0.5841454966067618 0.41977134395656507 0.5789219514861281 0.4203014630347936 0.5812934361293662 0.44366896204697853
0 0.5860188163178356 0.46754897128765316 0.5799531427713259 0.46686772177678326 0.5753902252356282 0.5074947868235457 0.5814558987821379 0.5081760363344155
0 0.5925333608727799 0.489789467901334 0.5891121828125001 0.4880899765625001 0.5730197980419433 0.5204849128923243 0.5764409761022231 0.5221844042311582
0 0.5774036647204834 0.5375370385263335 0.5678070726358088 0.5327655460155615 0.4826278685829166 0.7040809307819526 0.49222446066759123 0.7088524232927247
0 0.4836177637313538 0.7437428353477759 0.47254184979163744 0.736866801392813 0.39168661628913154 0.867108393234146 0.4027625302288479 0.8739844271891088
0 0.4792704345836107 0.7616054391689377 0.4714127525365329 0.7593611952959372 0.460406102718183 0.7978983416892526 0.46826378476526076 0.800142585562253
0 0.4624780895352756 0.8336876577392773 0.45387813329548904 0.8314122915303198 0.4344275386910752 0.9049276060222349 0.4430274949308618 0.9072029722311923
0 0.5222872820312502 0.24599462265625 0.5222848146085496 0.22694053159958352 0.5178921329061084 0.2269411004329389 0.5178946003288091 0.24599519148960539
0 0.5251061824631155 0.29228173391027645 0.5191700546875 0.29188051015625 0.5155999199748617 0.34470085196728373 0.521536047750477 0.34510207572131013
0 0.5220461750822999 0.42015962910184285 0.5138984374826461 0.41934165879420576 0.5013911803690964 0.5439254585986129 0.5095389179687502 0.54474342890625
0 0.5050004934989137 0.5947689119858225 0.4972123887344937 0.5936653470840577 0.48127082867543003 0.7061685081122235 0.48905893343985 0.7072720730139883
0 0.5826388773682432 0.6139548423216081 0.572876221821392 0.61309146969529 0.5634247975781489 0.719964210967432 0.5731874531250001 0.7208275835937501
0 0.5698576060470794 0.8182634628204539 0.5546611051115302 0.816236818850375 0.5361640370391735 0.9549344472530263 0.5513605379747226 0.9569610912231052
0 0.5757834495498225 0.7939451320084727 0.573383771875 0.7634475484374998 0.5621564893175779 0.7643309580768004 0.5645561669924004 0.7948285416477734
0 0.42019186213855536 0.28041354079934394 0.4190124296927724 0.23640597219148893 0.4114352114394529 0.23660904673842378 0.41261464388523583 0.2806166153462788
0 0.42217438664241447 0.32880357069719024 0.42034915188135535 0.29623623478005023 0.4149122980514409 0.29654094298910993 0.4167375328125 0.32910827890624994
0 0.4191230929472515 0.3627800540217413 0.4111328905178341 0.3627177057523526 0.41060561866433254 0.4302898915743614 0.41859582109375 0.4303522398437501
0 0.41018593758545985 0.5615411111866593 0.40108541536955766 0.5606176198079142 0.3946028117102299 0.6245002720734603 0.40370333392613206 0.6254237634522054
0 0.3980131777010876 0.654682563757923 0.38949859983087054 0.6532078109497433 0.37170686170086076 0.755929527371815 0.3802214395710778 0.7574042801799946
0 0.3745305765625001 0.7723613031250001 0.366118212492711 0.7698774454928179 0.34940948757143 0.8264667907751747 0.3578218516412191 0.828950648407357
0 0.3549125645904115 0.8460241475134506 0.3452817548428993 0.842020247586148 0.31767026384043345 0.9084357478529181 0.32730107358794563 0.9124396477802209
1 0.6212685819014718 0.3582477588644908 0.6180989399263528 0.2977673787854712 0.5456631356177668 0.3015635779088569 0.5488327775928858 0.36204395798787653
1 0.6143664714550595 0.3543783321961185 0.6074382636989004 0.35135650374329425 0.6021500632812499 0.3634808687500001 0.609078271037409 0.3665026972028243
1 0.4310989373177262 0.2133472211710342 0.3897689068045576 0.19048967980225034 0.3551219374272306 0.2531368507490497 0.39645196794039916 0.27599439211783355
1 0.435895778125 0.23891263750000005 0.42988120913466865 0.23852265567981315 0.4287112638221687 0.25656636036731306 0.4347258328125 0.25695634218749996
1 0.42755397139509393 0.26435591406829423 0.42535270017186005 0.25316705391584954 0.41875664706205457 0.2544647465940769 0.42095791828528845 0.26565360674652155