1 0.25776989803475736 0.3106451423939379 0.2499075544027149 0.25364315389637293 0.1537047841946505 0.266912502171171 0.161567127826693 0.323914490668736
1 0.3371674323698749 0.27835350309867996 0.3111313206234 0.22511548327426892 0.2341531432904569 0.2627617449814237 0.26018925503693185 0.3159997648058347
1 0.528239435610294 0.22626760762132364 0.45957332398107714 0.16741093636490773 0.4237323945508578 0.2092253510882352 0.4923985061800747 0.26808202234465117
0 0.22696317469217822 0.3492359954570275 0.21379325121429577 0.31425790613926685 0.20739405219597332 0.31666732766671013 0.22056397567385577 0.35164541698447077
0 0.35360636134684836 0.5979823595353839 0.2400456678736942 0.3806934819027258 0.2298910196150971 0.3860005593324861 0.34345171308825123 0.6032894369651444
0 0.391404117182484 0.656682167477627 0.37670184873208135 0.6321374375417816 0.3715061823308473 0.6352496364704047 0.38620845078125 0.65979436640625
0 0.4549235898666618 0.7506584138480294 0.39263133828124996 0.6642468312500001 0.3861213248512289 0.6689397599317221 0.4484135764366407 0.7553513425297516
0 0.5621379123821124 0.8967877999437072 0.46714787717543993 0.7618543983490679 0.45790679604332746 0.7683599085616108 0.5528968312499999 0.90329331015625
0 0.33547743984274153 0.3419451798576788 0.29912253515625 0.29198556328125 0.29470113809395293 0.2952029512396832 0.3310560427804445 0.345162567816112
0 0.3647784444764675 0.39745365269341126 0.3469648587002697 0.35888879036988025 0.3419251133821722 0.3612167109199646 0.35973869915837 0.3997815732434956
0 0.4151299296875 0.4082035210937501 0.4120876510608242 0.3664422653711913 0.406032903707804 0.366883349532654 0.4090751823344797 0.40864460525521273
0 0.41613626796875 0.4244982390625001 0.4107644761200203 0.4244662157201561 0.41062570390625003 0.44774471796875004 0.4159974957549797 0.447776741311094
0 0.42446056328125004 0.511536971875 0.41900009751683875 0.47104011729590367 0.4126909210178512 0.47189082638510127 0.4181513867822625 0.5123876809641976
0 0.42802288749999995 0.52435140859375 0.41038661953125005 0.4927700703125 0.4071004660702055 0.4946051883340762 0.42473673403895545 0.5261865266153263
0 0.5267526197900002 0.7036423226905082 0.43403111280887574 0.5363004016439389 0.4252273639260699 0.5411784194077601 0.5179488709071944 0.7085203404543294
0 0.6271159670303722 0.8611335855721849 0.5398501425893132 0.735093353911159 0.5292716432968072 0.7424175348488171 0.6165374677378661 0.8684577665098431
0 0.5537074902960286 0.7960429955796051 0.5423678144326323 0.7576366144859954 0.5350162892289534 0.7598071890243284 0.54635596509235 0.7982135701179383
0 0.5854820421874999 0.90132429609375 0.5634724306494309 0.8286580123399269 0.5550255099962499 0.8312164676876537 0.577035121534319 0.903882751441477
0 0.46883816306023557 0.2472062462725734 0.4675309859374999 0.22826795781250003 0.4631424705335143 0.22857086622742656 0.46444964765624996 0.24750915468749995
0 0.4760379510942367 0.34576620036681194 0.4699640843749999 0.29316901406249996 0.4641266661987684 0.2938431128589973 0.4702005329180052 0.3464402991633092
0 0.5013272872920143 0.5437345247440881 0.4803634543123689 0.42040664351311186 0.47185201233285456 0.42185345705027383 0.49281584531249994 0.5451813382812501
0 0.5295331147995528 0.7048954630719296 0.507563011788079 0.5934079662245659 0.49981965277528256 0.5949338987280006 0.5217897557867562 0.7064213955753643
0 0.44761301839222367 0.7232367636286291 0.43457687618056207 0.6166772549769691 0.42442514881852683 0.617919184141809 0.43746129103018844 0.724478692793469
0 0.4877042579410219 0.9559152926936252 0.4578888052972802 0.8193144087875254 0.4449091341780404 0.822147441477512 0.4747245868217821 0.9587483253836115
0 0.45311621528628904 0.7965071819204852 0.44907396138003897 0.7657990834829852 0.44050457734375004 0.7669271125 0.44454683125 0.7976352109375
0 0.5749116755325335 0.2325335513131063 0.5671456501546626 0.23233496469019693 0.5660230811815321 0.2762346947224608 0.5737891065594031 0.2764332813453702
0 0.57420457734375 0.32498485937499993 0.572941196875 0.29236161953124995 0.5675449828123706 0.2925705954479453 0.5688083632811206 0.32519383529169527
0 0.5840791727366812 0.42599290052991534 0.5820344158348743 0.3583512699686187 0.5737166233059504 0.35860271073875066 0.5757613802077574 0.4262443413000474
0 0.6106009216357107 0.6189990090513863 0.6020220900471395 0.5554419843394648 0.5929404195466235 0.5566678145623231 0.6015192511351947 0.6202248392742445
0 0.6415072099778651 0.748820945634699 0.6177247725243288 0.6473441190276987 0.6094400519844293 0.649285752942043 0.6332224894379657 0.7507625795490434
0 0.66670246484375 0.8184091546875001 0.6482324579632803 0.7625511212525025 0.6395517609375001 0.76542147890625 0.6580217678179697 0.8212795123412476
0 0.7034586535270322 0.8983190153817716 0.6721635545211317 0.833553410072503 0.6628081934975777 0.8380739723071955 0.6941032925034781 0.9028395776164639
1 0.44588190583926773 0.30652004237875746 0.3738819057698447 0.3025200443471229 0.37051137658573974 0.3631895995744749 0.4425113766551628 0.3671895976061095
1 0.39084507031250004 0.3690140843750001 0.3847505567684336 0.35718355869184226 0.37811433204648265 0.36060222008801135 0.3842088455905491 0.37243274577116925
1 0.6305297237413411 0.2480502002068679 0.596019976990865 0.18530520927907967 0.5540232758317185 0.2084033960813622 0.5885330225821945 0.2711483870091505
1 0.5575638133631707 0.2367639285858838 0.5503521124999999 0.23591549296875006 0.5482971199689097 0.253382924923503 0.5555088208320805 0.2542313605406368
1 0.5669014085937499 0.2500000000000001 0.56021126796875 0.2500000000000001 0.56021126796875 0.2616197179687501 0.5669014085937499 0.2616197179687501