1 0.3229507016530432 0.2746788490584242 0.31752251464811143 0.21171187642895561 0.25039751648607145 0.21749851389163596 0.25582570349100314 0.2804654865211046
1 0.4192111154412566 0.20689225637725372 0.3448403424453167 0.1590824728951184 0.310415925350442 0.21263156521086 0.3847866983463819 0.26044134869299534
1 0.7676499621637344 0.2150178996288728 0.7127630407134957 0.1637901041103332 0.6718861873193092 0.20758673089603336 0.7267731087695479 0.2588145264145729
1 0.8152367932234419 0.21068195871297068 0.7611327348745667 0.17885604099872426 0.732737426515869 0.22712806363345805 0.7868414848647444 0.25895398134770453
1 0.8553610620154621 0.37390637298776747 0.8380844219097323 0.29948392307472577 0.7745980270651049 0.3142218361187398 0.7918746671708349 0.38864428603178147
1 0.9219120382754372 0.38425857107798034 0.865069095222388 0.33215253775643033 0.8251820362471911 0.3756656911735996 0.8820249793002404 0.42777172449514966
1 0.9495073696728362 0.3925861572523289 0.9067196273416542 0.36092322889559425 0.8676452227374529 0.4137264799756005 0.9104329650686349 0.4453894083323352
1 0.98661971796875 0.4042253523437502 0.919366196875 0.4042253523437502 0.919366196875 0.4750000000000002 0.98661971796875 0.4750000000000002
1 0.8382408545012823 0.2927545137519883 0.8002816901068581 0.22267605665761322 0.743622270752476 0.2533665755836963 0.7815814351469003 0.32344503267807134
1 0.861185044409222 0.3042909134656284 0.8553763897526749 0.2345871735784419 0.8129188840192112 0.23812530494389234 0.8187275386757582 0.30782904483107887
0 0.28855915468750004 0.26722218281250004 0.28254964472791244 0.2668466630313401 0.28104049296875006 0.29099788750000005 0.28705000292833766 0.29137340728116
0 0.3572300839701086 0.23432846266606502 0.3511982273510604 0.23284985075565956 0.33800405900595176 0.28667420527709453 0.344035915625 0.28815281718749997
0 0.34268831721621545 0.30048568309049445 0.33775305542549205 0.2997061230162823 0.33428168984375006 0.32168274609375 0.3392169516344734 0.32246230616796223
0 0.33614671330405915 0.334035420270999 0.3336721828125001 0.33367218281250005 0.33038462419594095 0.3560684523852512 0.33285915468750005 0.3564316898437501
0 0.3151317525083505 0.36471436928353423 0.31408234710027105 0.35920504842370915 0.28490140859375 0.36476338046875 0.2859508140018295 0.3702727013285751
0 0.2254462421921073 0.37463701182719317 0.22508799209389144 0.36818797709764767 0.09523092797688928 0.3754016622342477 0.09558917807510514 0.3818506969637932
0 0.35816105795138004 0.35793429031014945 0.35733875683227945 0.3533898477897212 0.3285822762246494 0.3585932332608218 0.32940457734375 0.36313767578125006
0 0.39330210278253813 0.35323088589691115 0.39239999999999997 0.34789683125000004 0.3638612776862119 0.35272333988433885 0.36476338046875 0.35805739453124996
0 0.33123345078125005 0.36395035234375006 0.3284973357838495 0.3634618811832381 0.32748149047134956 0.3691520218082381 0.3302176054687501 0.36964049296875007
0 0.31192852109375 0.49705352109375 0.3072525359179462 0.4964083938790349 0.30602203197031674 0.5053272831874398 0.31069801714612055 0.505972410402155
0 0.31308238631371077 0.5123307656355134 0.3063760840172483 0.5108777367048563 0.2939026115116999 0.5684477379236135 0.30060891380816235 0.5699007668542706
0 0.29729718281250006 0.5870757039062501 0.2916073945312501 0.5852468312500001 0.2875921934453968 0.5977384850603829 0.2932819817266468 0.5995673577166328
0 0.29140422500000007 0.6059742960937501 0.28573495341063354 0.6048311035468059 0.2741300509637113 0.6623816394697053 0.2797993225530779 0.6635248320166496
0 0.2741053948704745 0.6061163723772991 0.2734817629335574 0.5362554540363964 0.26638235073849315 0.5363188288142167 0.26700598267541015 0.6061797471551194
0 0.3630320421875 0.4927859156250001 0.35946054515053205 0.484121145086353 0.13465963586034854 0.5767809308079207 0.13823113289731653 0.5854457013465678
0 0.27588262925703155 0.7095651418993574 0.2729690140625 0.61166443671875 0.2643775206216029 0.6119201274799855 0.2672911358161344 0.7098208326605928
0 0.4308807366843199 0.5580986661190228 0.4268937094978821 0.5463592296288693 0.2061582485136138 0.6213269067139957 0.21014527570005165 0.6330663432041492
0 0.26697252383460474 0.7001747901662048 0.2636296656876868 0.6992711710288259 0.2577828457593322 0.7209009582063711 0.2611257039062501 0.72180457734375
0 0.2560239430222738 0.7415188792957064 0.2526148481622658 0.7408723603010366 0.24994929609375002 0.7549278171875 0.25335839095375806 0.7555743361821698
0 0.2534251173729122 0.7644461839721381 0.24744929841431498 0.7635582870961221 0.24039823906250013 0.8110140843750002 0.2463740580210973 0.8119019812510164
0 0.24364964765625013 0.8209714789062501 0.23926459504478492 0.8201101803017933 0.2356644360400768 0.838439348099809 0.240049488651542 0.8393006467042659
0 0.23999190156250005 0.8571429578125 0.23427656466881386 0.8561344080177384 0.22961654405726933 0.8825422144194013 0.23533188095095553 0.8835507642141629
0 0.27961795781250004 0.8571429578125 0.27778908437500005 0.824629225 0.27157767793943977 0.8249786120207098 0.27340655137693975 0.8574923448332099
0 0.2803444046905227 0.8733488855873393 0.27273181528675405 0.8728280593031285 0.2693049053450596 0.922917041178024 0.27691749474882826 0.9234378674622349
0 0.3678116195312501 0.7746394367187501 0.36269711871174687 0.7714428667784787 0.34237599214924685 0.8039565988097287 0.34749049296875006 0.8071531687500002
0 0.492785915625 0.6610447179687502 0.4882376340545961 0.6510494939721166 0.30436510332863836 0.7347198592471795 0.30891338489904224 0.7447150832438131
0 0.3978866195312501 0.7226176054687501 0.3926485472737731 0.7195887776723199 0.37537565977377313 0.7494606089223199 0.38061373203125015 0.75248943671875
0 0.418614084375 0.6931517609375 0.41310523139742583 0.6894295734066627 0.402944668116176 0.7044672491879127 0.4084535210937501 0.70818943671875
0 0.4468122290691216 0.6526797708907762 0.43921502870017254 0.6476178870838288 0.4160588262127778 0.6823722032218725 0.42365602658172696 0.6874340870288199
0 0.4235531176078905 0.7393339221644443 0.41842211549802233 0.7349182158912841 0.3626806174213819 0.79968922341434 0.3678116195312501 0.8041049296875
0 0.46786581849460324 0.6835911482746988 0.46271091562500005 0.67913028203125 0.44353453384914676 0.7012901900065512 0.44868943671874995 0.70575105625
0 0.5058390625220233 0.5498108090686874 0.5010551712491359 0.5468806250486573 0.49105026341461266 0.56321488629247 0.49583415468750014 0.5661450703125002
0 0.5541277590279272 0.5830124684463487 0.5477836276525818 0.5774618696830168 0.4875643519151092 0.6462902993527099 0.49390848329045456 0.6518408981160417
0 0.57610246484375 0.5494820421875001 0.5707414979628685 0.545658097612977 0.5464909601297483 0.5796560616611703 0.5518519270106299 0.5834800062356934
0 0.642958803125 0.4755130281250001 0.6378599388931309 0.4707825459877572 0.5882764881118809 0.5242272639565073 0.59337535234375 0.5289577460937502
0 0.5303799296875 0.44381232421874994 0.5280605242790903 0.435997864404432 0.3814928668398153 0.4795005281125132 0.383812272248225 0.48731498792683114
0 0.46921373203125 0.5344443664062501 0.46659357422688874 0.528417985384805 0.44322420860188877 0.5385785486660549 0.44584436640625 0.5446049296875001
0 0.49726689207839636 0.5209272548987902 0.4946151406250001 0.5155457750000001 0.4803802907341037 0.5225600693199599 0.48303204218749995 0.52794154921875
0 0.6356715216005263 0.4927940694207457 0.6295444562838919 0.4898144522414615 0.5837937096833657 0.5838929179769659 0.5899207750000002 0.5868725351562502
0 0.6436800401192675 0.41250569246968105 0.6418768606015259 0.40618283723904636 0.5497233512071151 0.4324635782281664 0.5515265307248568 0.4387864334588011
0 0.6138432433808912 0.37720810927447723 0.6086416572060334 0.37386879449449156 0.5769154929687501 0.4232880281250001 0.5821170791436079 0.4266273429049858
0 0.5620809859375001 0.6419426054687503 0.5552081642002155 0.6380555649860824 0.5411866852939655 0.6628474665485823 0.5480595070312501 0.66673450703125
0 0.48284751000692056 0.7887329769913327 0.4768170600255569 0.7851807950936059 0.4442957822485316 0.8403913514814674 0.4503262322298952 0.8439435333791941
0 0.4890279012740034 0.8143109026752325 0.48167518268327675 0.807818569525834 0.4112615646459524 0.8875636328905065 0.4186142832366791 0.8940559660399051
0 0.5612679578125002 0.7417193664062501 0.5560543250091715 0.7369830084343245 0.5292811001444637 0.7664541261650608 0.5344947329477924 0.7711904841369865
0 0.6155253523437498 0.69172957734375 0.6115290975489228 0.687485488977494 0.5836893084864229 0.713699573352494 0.5876855632812499 0.71794366171875
0 0.6439785240245411 0.6629708174507098 0.639502075975684 0.6588220344806655 0.6279154535136429 0.6713237521862057 0.6323919015625001 0.67547253515625
0 0.665515140625 0.6417394367187501 0.6625142544347561 0.6380863317624453 0.6531193664062501 0.6458038734375002 0.656120252596494 0.6494569783938051
0 0.7448474932416225 0.5695028906386134 0.7404346818733407 0.5655388771634959 0.7259266253504684 0.5816895076186327 0.73033943671875 0.5856535210937501
0 0.9318708357657236 0.45326508376017244 0.9290983027805335 0.44710783674730503 0.8927771146710599 0.46346282329963273 0.89554964765625 0.4696200703125001
0 0.7998446278269796 0.5178256191016847 0.7960314500847919 0.5100580018271543 0.6772866842112371 0.5683506393538545 0.6810998619534248 0.5761182566283849
0 0.660680283299431 0.5828136116251756 0.6570706267640454 0.5754390426566579 0.5443724619134874 0.6306018147475332 0.5479821184488731 0.6379763837160509
0 0.5433453314070139 0.6365096408924291 0.5407771448890875 0.6311806961010322 0.51127816875 0.6453971828124999 0.5138463552679264 0.6507261276038968
0 0.7572750169960312 0.36976465488203836 0.7553279318982905 0.3637774428365487 0.6900976456033959 0.3849908084900714 0.6920447307011366 0.39097802053556097
0 0.7644151402096266 0.2816287382761016 0.76338028203125 0.2760563382812499 0.730036674907818 0.28224862608545276 0.7310715330861945 0.2878210260803044
0 0.7058737674175664 0.29208709314052006 0.7041378267617473 0.2850563584240396 0.6664320421875001 0.294366196875 0.6681679828433191 0.3013969315914805
0 0.6037559859375001 0.311736971875 0.6024743125925026 0.3052192337646007 0.4683895220695657 0.33158618792445466 0.46967119541456326 0.33810392603485395
0 0.63849753515625 0.30305176093749997 0.6375382605057279 0.29929127278296497 0.6121228653381091 0.3057745651948548 0.6130821399886311 0.3095350533493898
0 0.71091549296875 0.34612676093750006 0.7052447239911258 0.34315635819675827 0.6998621620440244 0.35343215847498605 0.7055329310216486 0.35640256121572783
0 0.7862946911727995 0.424431202799094 0.7851841825351331 0.41887865714681966 0.7788190687060836 0.4201516793477256 0.77992957734375 0.42570422499999994
0 0.2757383669842888 0.7665369327773648 0.2733499043126367 0.7152571625086497 0.266870340453348 0.7155589617625348 0.269258803125 0.76683873203125
0 0.6716392807767629 0.4598794858917758 0.6684592762442974 0.4511179986767203 0.5359280082539238 0.49922056648947744 0.5391080127863896 0.5079820537045329