1 0.37011087772426304 0.1842519105775356 0.303054506146042 0.17910312403095788 0.29823196510340155 0.2419105644212506 0.3652883366816225 0.24705935096782833
1 0.47140797401047063 0.19643182483398575 0.4058118043320079 0.13736614061003016 0.36322926600804983 0.1846567365954589 0.42882543568651244 0.2437224208194145
1 0.8132976164645379 0.27006100292825 0.7731702028315879 0.2064604997518001 0.7229133519511736 0.23816901371705765 0.7630407655841236 0.3017695168935076
1 0.8626694202530446 0.26312128881818764 0.8083909880961923 0.23005746174616423 0.7798633874844557 0.27688910743040224 0.8341418196413082 0.30995293450242567
1 0.871634482312966 0.4378647319435636 0.8682710203397657 0.3617077700037302 0.8028737165172746 0.36459603312444877 0.8062371784904749 0.44075299506428217
1 0.9358996911311392 0.4618366223790634 0.8922463801084246 0.3981873747082404 0.8438506034551583 0.4313792185672103 0.8875039144778729 0.49502846623803326
1 0.9613305604763973 0.47227415003046147 0.9246910701932041 0.4336622402755884 0.8770411053545046 0.4788780929693722 0.9136805956376979 0.5174900027242453
1 0.994274206577318 0.48850304702540803 0.9282362253735087 0.4798709001171947 0.9189765278618356 0.5507097930057061 0.9850145090656449 0.5593419399139195
1 0.8690900170894335 0.3546379464235802 0.8438765342813458 0.2790325990937327 0.7827485457767926 0.2994180551717061 0.8079620285848803 0.37502340250155364
1 0.8922992369097595 0.3662944627843961 0.8909924000309658 0.2963381188746117 0.8465880725535084 0.2971676249562961 0.8478949094323023 0.36712396886608045
0 0.33219286015625005 0.23404228359375004 0.3263398563901817 0.2326289282410246 0.320659815625 0.25615117968750006 0.32651281939106835 0.2575645350402255
0 0.4055324582488427 0.21357287460002894 0.39984899759068654 0.21106930526546738 0.3775087768418438 0.26178480332168846 0.38319223750000003 0.26428837265625005
0 0.3788734140625 0.27590754375000004 0.37374370812744495 0.2744576870119597 0.3677637898437501 0.2956151031250001 0.37289349577880515 0.2970649598630404
0 0.3674554595122899 0.30810397060828865 0.3650815984375 0.30731655390625007 0.35795491392521017 0.32880169501671147 0.36032877500000005 0.32958911171875005
0 0.34137646015625 0.330580390625 0.31165283203125005 0.32946645 0.31144538266131583 0.33500188679824916 0.3411690107863158 0.33611582742324914
0 0.25207884958767773 0.32314375157861813 0.12319315184512672 0.30583864126176247 0.12232483066161073 0.3123057587520849 0.25121052840416175 0.3296108690689406
0 0.3849853617787137 0.3354625140196027 0.3849646874909808 0.33084432097393013 0.3557415241497671 0.33097514445432746 0.3557621984375 0.33559333750000003
0 0.42044712421875 0.3315230765625 0.3914666941388353 0.33151923355808327 0.3914659776120011 0.33692262464698597 0.42044640769191577 0.33692646765140266
0 0.35742216718750003 0.3367112484375001 0.35481244165037074 0.33575507696352613 0.3528239471191207 0.3411823722760261 0.35543367265625003 0.3421385437500001
0 0.31529740000000006 0.4644400148437501 0.3108044789203362 0.46299271275419845 0.3080439208776601 0.47156242982371327 0.3125368419573239 0.473009731913265
0 0.3129688351847265 0.4792870409068666 0.307295480834414 0.4771568277992104 0.2866200396789806 0.5322213204559428 0.29229339402929316 0.534351533563599
0 0.28525615703125 0.550553853125 0.27997038984374994 0.5477647445312499 0.2738470368639539 0.5593693906646473 0.2791328040514539 0.5621584992583973
0 0.2761710203125 0.5681420320312501 0.2707863915422086 0.5660317486419136 0.24936424756274436 0.620692792450543 0.2547488763330358 0.6228030758398795
0 0.2706273902820254 0.49637017319452675 0.26362482908419915 0.49519978512638135 0.25210776520021894 0.5641076515528087 0.2591103263980452 0.5652780396209541
0 0.36636560546874997 0.46911127734375013 0.364352989175211 0.4599579604411188 0.12687710796218746 0.5121737673377946 0.12888972425572648 0.5213270842404258
0 0.2570277992187501 0.5705444859375001 0.24852242911968334 0.5693043948989421 0.2343915005702606 0.6662237124484692 0.24289687066932736 0.667463803487027
0 0.4218420859044567 0.5452135843837316 0.41995416229985905 0.532960154782329 0.18955416839773429 0.568458590823222 0.19144209200233192 0.5807120204246246
0 0.23575274637424193 0.6566688885958119 0.2326175860089426 0.655198516582503 0.2231036201034508 0.6754844092366913 0.22623878046875015 0.6769547812500001
0 0.217791174333958 0.6954836673260065 0.21454613808675466 0.6942549872532098 0.20948037734375008 0.7076340414062502 0.21272541359095345 0.7088627214790468
0 0.21125054621009162 0.7176113736126642 0.20551969512335777 0.7156992758155197 0.19033514453125006 0.7612097085937499 0.1960659956179839 0.7631218063908944
0 0.19180807343750012 0.7715804296875 0.18763920246689988 0.7699707596943633 0.18091091124155106 0.7873963053594359 0.18507978221215127 0.7890059753525727
0 0.18192478515625 0.80656722109375 0.17647140936285263 0.8045815354223649 0.16729651754180402 0.8297789438969121 0.17274989333520135 0.8317646295682971
0 0.22479369453125014 0.78111085703125 0.21861598241279875 0.7803763366185046 0.21477112069404874 0.8127136936497544 0.22094883281250013 0.8134482140625
0 0.21885011254686376 0.8295340831797458 0.2114436159967335 0.8276992572837487 0.19937090899668305 0.87643219861714 0.20677740554681331 0.8782670245131369
0 0.3221292203125 0.747512775 0.31764749899301425 0.7434766446581407 0.2919891458680143 0.7719676938768906 0.2964708671875 0.77600382421875
0 0.4649303921875 0.65734537421875 0.4621868615617952 0.6467121989549446 0.26657856141639613 0.6971822936140334 0.2693220920421008 0.7078154688778387
0 0.360780809375 0.7015037414062502 0.3561482655892454 0.6976113465713187 0.3339506030892454 0.7240299520400686 0.338583146875 0.727922346875
0 0.38631006796875 0.6760848359375001 0.3815312577601949 0.671462594334164 0.3689137913539449 0.684507450584164 0.37369260156250006 0.6891296921875001
0 0.4213194977851383 0.6418820414083186 0.41506035796719676 0.6346724068246786 0.3834032768277611 0.6621559213885475 0.3896624166457026 0.6693655559721876
0 0.38315461808077805 0.7224230401599627 0.3788683464504964 0.7171834288594446 0.3127263197759683 0.7712910097932321 0.31701259140625 0.7765306210937502
0 0.43647374025162666 0.6752219444332471 0.4321717734375 0.6699337093750001 0.4094386964671234 0.688427014160503 0.41374066328125 0.69371524921875
0 0.4971007977137011 0.5500680129481821 0.4928984052145415 0.5463516309566973 0.48020908015709035 0.5607004047272652 0.48441147265625 0.5644167867187501
0 0.5391229877035443 0.591487900954208 0.5337413863051113 0.5846117988199557 0.46173040545387617 0.6409714030964967 0.46711200685230925 0.6478475052307491
0 0.56635383125 0.5619453531249999 0.5617383306779772 0.557248580913504 0.5319525282928738 0.5865189780620217 0.5365680288648966 0.5912157502735177
0 0.64503905546875 0.5007095757812502 0.6408390938977823 0.4951655516478679 0.5827283493665323 0.5391882485228677 0.5869283109375001 0.54473227265625
0 0.539675278125 0.4499413609374999 0.5387480764428739 0.44184285993967115 0.3868529524461441 0.4592334133907695 0.3877801541282702 0.4673319143885982
0 0.4637002429687499 0.5285751000000001 0.46216636148014345 0.5221852876913831 0.4373876661676436 0.528133440816383 0.43892154765624997 0.5345232531249999
0 0.49367443420068735 0.5201347240560241 0.49199745312500004 0.51437452890625 0.4767608431430627 0.5188104040689758 0.47843782421875 0.5245705992187499
0 0.6348616630434963 0.5164626560502039 0.6293450867558408 0.5124643522575736 0.5679528424623445 0.5971690212073699 0.57346941875 0.6011673250000003
0 0.6566904445449376 0.438784704427648 0.6560126116802241 0.4322447889936332 0.5606955185888332 0.4421239776342497 0.5613733514535467 0.4486638930682645
0 0.6334362978026322 0.3988422668872541 0.6288936017668487 0.39465043797590293 0.58906786796875 0.4378096906250001 0.5936105640045335 0.44200151953635114
0 0.5364897617187501 0.6505664281250001 0.5303963312663253 0.6455449878129632 0.5122828015788253 0.6675254409379632 0.51837623203125 0.6725468812500001
0 0.4329701396818043 0.7813679753272696 0.42764813549594016 0.7768225822433525 0.3860337162916804 0.8255471059772861 0.3913557204775445 0.8300924990612032
0 0.4346150769728263 0.8076305292540866 0.42850144438087945 0.7999600427342928 0.34530998203602115 0.8662664020833102 0.351423614627968 0.8739368886031041
0 0.5183630320312499 0.748686175 0.5140510660348809 0.7431164353362181 0.4825669811704083 0.7674906990464576 0.48687894716677727 0.7730604387102396
0 0.58047677109375 0.70887754140625 0.5772782064716232 0.7040039876922874 0.5453093385028731 0.7249854923797875 0.548507903125 0.72985904609375
0 0.6134915815359456 0.6854965328478766 0.6098035691203456 0.6806334518524862 0.5962220727406499 0.6909332447858596 0.5999100851562499 0.6957963257812498
0 0.6383877992187501 0.6683274984375001 0.6360668580747177 0.6642087937469776 0.6254745625 0.6701776835937501 0.6277955036440325 0.6742963882842726
0 0.7290586593724118 0.610964307382486 0.7254012323488325 0.6062942393189623 0.7083090581326708 0.6196802069364765 0.71196648515625 0.6243502750000002
0 0.9334251802607104 0.5289686759391541 0.9317639630817691 0.5224235261880069 0.8931545617273088 0.5322229354051028 0.8948157789062499 0.53876808515625
0 0.7921939280386845 0.5696222807900424 0.7897875136967933 0.5613105200696099 0.6627243375850012 0.5980977495876589 0.6651307519268922 0.6064095103080914
0 0.6438587558815065 0.6094573255095179 0.6415845186341299 0.6015679824405937 0.521019577580632 0.6363228761340471 0.5232938148280087 0.6442122192029712
0 0.5189821680464762 0.6419625905494083 0.5173783595226235 0.6362686432421834 0.48585887187499993 0.64514670625 0.4874626803988528 0.650840653557225
0 0.775981561765162 0.41641855922768156 0.7751037257407191 0.4101841995959468 0.7071807721347059 0.41974816752272676 0.7080586081591489 0.42598252715446144
0 0.7983178515334406 0.3308614959051757 0.7982663523437499 0.3251940515625 0.7643540303870121 0.3255022075841041 0.7644055295767027 0.33116965192677983
0 0.73858397578125 0.32706543593750004 0.69961150078125 0.32639085703125004 0.699509528479726 0.33228210701700694 0.738482003479726 0.33295668592325695
0 0.6348712312499999 0.3326141484375 0.634740822781932 0.3259728693535253 0.4981145076414368 0.328655670095663 0.49824491610950467 0.33529694917963765
0 0.6705931492187499 0.33009369218750007 0.6703014500986694 0.3262237579802291 0.6441463596091899 0.32819521704717525 0.6444380587292705 0.33206515125444613
0 0.7344310203125 0.3850895320312501 0.729362208078646 0.38117953759339185 0.7222770453174869 0.3903645531358388 0.727345857551341 0.39427454757369707
0 0.7950676150841346 0.4752938137019232 0.7949381669649707 0.46963278629766875 0.7884486956308361 0.46978117806449565 0.78857814375 0.47544220546875005
0 0.2394142141280533 0.6726295465972679 0.2329806827227074 0.6718015964738825 0.2264282210937501 0.7227170640624998 0.232861752499096 0.7235450141858852
0 0.6759985489215531 0.4902938547827499 0.6743882718687477 0.48111327139498916 0.5355175282693002 0.5054712410663225 0.5371278053221056 0.5146518244540832