1 0.7990289358657915 0.2708764894074398 0.7334070191605665 0.25198872633375624 0.7160680528169593 0.31222964532009295 0.7816899695221842 0.33111740839377646
1 0.7271935054783225 0.263726466474626 0.7135046864918884 0.19851355357536596 0.6333617455672081 0.2153363293506661 0.6470505645536423 0.2805492422499261
1 0.6624706438719841 0.20559175215569728 0.5981882955884255 0.15615011320528813 0.560555047836298 0.20507959026955308 0.6248373961198566 0.25452122921996223
1 0.49705608072889856 0.1840324943632544 0.43082212668704833 0.13005459961039295 0.393840126054023 0.17543362266266987 0.46007408009587325 0.22941151741553129
1 0.38808802811736376 0.19787479514895315 0.37417992648606646 0.1358030375360612 0.3051632133405832 0.15126725987485493 0.3190713149718805 0.21333901748774683
1 0.320276455711157 0.19585853362944927 0.31009492014322565 0.13739456141851786 0.2452923665332874 0.1486799647108552 0.25547390210121873 0.2071439369217866
1 0.27257483874490646 0.22228198561857337 0.24452901316057093 0.17189545813023632 0.1699029486248329 0.21343333927314956 0.19794877420916843 0.2638198667614866
1 0.2697266024583106 0.26627282031072375 0.21190910684317518 0.24633391169747448 0.1852199403013063 0.3237253476801214 0.24303743591644172 0.3436642562933706
1 0.17133855954737293 0.3238297844241692 0.135403744246316 0.27504436772909285 0.07293359966243462 0.32105920698901164 0.10886841496349156 0.36984462368408805
1 0.1098457525916128 0.3395750715721186 0.05310540506790686 0.31236422967663635 0.02114803929814002 0.37900208111407413 0.07788838682184596 0.40621292300955647
0 0.7551649830458615 0.3150362670303471 0.7501898115915387 0.31487191770873674 0.7495529324519271 0.33415147958463975 0.75452810390625 0.3343158289062501
0 0.7236914099627875 0.5800563627281491 0.7151578198320762 0.5783976007320576 0.6817960741303006 0.7500288923427838 0.6903296642610119 0.7516876543388753
0 0.6874615722319671 0.7558362664985783 0.6814933841322148 0.7543359475142613 0.6690612204939976 0.8037904247656831 0.6750294085937499 0.8052907437500002
0 0.6623769341904981 0.8621341773148525 0.6549535242889133 0.8606527237125785 0.6486648510359153 0.8921646112414761 0.6560882609375002 0.89364606484375
0 0.6515779928873954 0.9084829818413958 0.6445587391387152 0.9075315482613749 0.6376682790750229 0.9583662976835475 0.6446875328237031 0.9593177312635686
0 0.6926029988784175 0.3187977925742008 0.6884322217777151 0.2655470627376489 0.6813721041492975 0.2661000350071981 0.68554288125 0.31935076484375
0 0.6907477766568576 0.3325273994660931 0.6843244318706228 0.33233608060330466 0.6836144231825153 0.3561739319184617 0.6900377679687502 0.35636525078125014
0 0.6921474640625 0.47910348046874995 0.6905641590153916 0.43862761326010824 0.6854653960614197 0.438827062899505 0.687048701108528 0.47930293010814673
0 0.6867959671874999 0.6048985054687501 0.6858291036126913 0.5354267254111902 0.6815510044051593 0.5354862652457785 0.6825178679799678 0.6049580453033384
0 0.6924862544102666 0.7040539375057165 0.6897059320976081 0.6220203972857041 0.6830244761768014 0.6222468485753576 0.6858047984894597 0.7042803887953701
0 0.701447631705174 0.7624812678727519 0.6951783422105858 0.7399729894212991 0.687917906599162 0.7419952574860471 0.6941871960937501 0.7645035359375
0 0.7002272797704762 0.7810580245157586 0.6926093394136942 0.7810013027034064 0.6920324551619657 0.8584789015351107 0.6996503955187476 0.858535623347463
0 0.69773387421875 0.8931007132812502 0.6968214066117 0.863796712010631 0.69137870703125 0.8639661867187503 0.6922911746383 0.8932701879893694
0 0.697716033209918 0.9258344508431902 0.69697577421875 0.8981043296875001 0.6909452316269793 0.8982653157628986 0.6916854906181473 0.9259954369185888
0 0.6062327833383111 0.22476871618004232 0.6007254603523983 0.2227138402612403 0.5883830609375 0.2557930054687501 0.5938903839234129 0.2578478813875521
0 0.5849885601562501 0.28070225390625014 0.5803056041965743 0.27878068528391103 0.5715971245090743 0.30000367278391105 0.5762800804687501 0.30192524140625016
0 0.5692520706522529 0.327787698882931 0.56489207890625 0.3257631656250001 0.5509076660664972 0.3558796995545691 0.5552676578125001 0.35790423281250006
0 0.5543994596753031 0.3730413596308585 0.5453448734375 0.3692420726562501 0.49148913149113493 0.49759285613569426 0.500543717728938 0.5013921431103026
0 0.47361345273091066 0.5736919298711282 0.46718867500000005 0.5712221515625002 0.45575156162199004 0.600974178730378 0.46217633935290064 0.603443957039006
0 0.45950864296875016 0.6115426031250002 0.44824645024425075 0.6087261483202704 0.38262355524656844 0.8711332316373408 0.3938857479710679 0.8739496864420706
0 0.8573409984374999 0.6337138156250001 0.6495138271154712 0.5057434326348456 0.6442164421875001 0.5143465210937502 0.8520436135095286 0.6423169040839047
0 0.6285806214334062 0.49843868699634053 0.5231957737036418 0.448398982833255 0.5201775561764854 0.45475542318066464 0.62556240390625 0.5047951273437501
0 0.49938920080357735 0.4386681309163227 0.4892593863501733 0.43459862683037154 0.487514607421596 0.43894173263279884 0.49764442187500013 0.4430112367187501
0 0.4684466194677728 0.42521280782374954 0.4600454320312501 0.42125668515625014 0.45857460475097744 0.42438012108250067 0.4669757921875 0.4283362437500001
0 0.43794159240952746 0.4084729811610982 0.4294672863710246 0.3833001190762821 0.4231698780600043 0.3854201070656172 0.4316441840985072 0.41059296915043325
0 0.43567934836949773 0.40984068991363365 0.3902508490966646 0.3877381487847481 0.38793254600041466 0.39250307739219037 0.4333610452732478 0.4146056185210759
0 0.3238872577712425 0.34859593086773993 0.2795965848179546 0.3239333992199347 0.2767637091351176 0.32902087248414114 0.3210543820884055 0.35368340413194643
0 0.256381215625 0.31062400234375 0.2510948788147674 0.30718212668221406 0.24827697187500003 0.31151011718750005 0.2535633086852326 0.31495199284903597
0 0.4249613258648967 0.27815434744103473 0.40662124853752546 0.27146516751527344 0.32580950510259205 0.4930309857478716 0.3441495824299633 0.49972016567363287
0 0.39716630409723364 0.3152950832860922 0.3889549114294035 0.3020924378297576 0.3840353088946699 0.3051521873561654 0.3922467015625001 0.3183548328125
0 0.30618749626100755 0.2381901448726141 0.2964860274904023 0.20375498437054979 0.2916163227709747 0.20512693349373637 0.30131779154157995 0.2395620939958007
0 0.48398882475979876 0.5229823319737552 0.4708461614769833 0.4973451223169912 0.46422838281093454 0.5007376614369858 0.47737104609375003 0.5263748710937499
0 0.55116955546875 0.7057167999999999 0.5321238876724296 0.6578096909506816 0.5260968672018524 0.6602057576715115 0.5451425349981729 0.7081128667208297
0 0.5756456119469486 0.7672270438316268 0.56009849375 0.7259378132812501 0.5534531294593013 0.7284400702308732 0.5690002476562499 0.7697293007812499
0 0.5966649776133159 0.8295018575449413 0.5840077057104616 0.7901691448436685 0.57789529453125 0.7921361195312502 0.5905525664341044 0.831468832232523
0 0.5802140330780422 0.8189659197382341 0.5375517009719273 0.7470302194639256 0.5309069755843142 0.750970953760795 0.5735693076904291 0.8229066540351034
0 0.5168731413712436 0.7073137458165026 0.5009074640082489 0.6821200231440192 0.49553843826200533 0.6855224632650165 0.511504115625 0.7107161859375
0 0.47742082343750003 0.6383171195312501 0.4682090601130179 0.6199963871154184 0.462188315625 0.6230236500000002 0.4714000789494821 0.6413443824158318
0 0.4552592187580612 0.6023485558309348 0.42647242850461853 0.5421710950123927 0.4195134009907564 0.5455000501175864 0.4483001912441992 0.6056775109361285
0 0.40124969232369023 0.565669435349163 0.38613982717399614 0.5147248589101758 0.37987439344405594 0.5165831501235127 0.39498425859375 0.5675277265625
0 0.12086307181418435 0.3907406342623908 0.08957240341187049 0.3683754253390032 0.08523069453125005 0.37444981406250005 0.1165213629335639 0.39681502298588767
0 0.2841230804300494 0.5167505040628858 0.18323553464853054 0.44028082967162074 0.17867905566887704 0.4462922581930796 0.27956660145039597 0.5227619325843447
0 0.44695833558175374 0.6341254643484467 0.33808491257954004 0.5527418153349293 0.33300312225320006 0.5595401331114677 0.44187654525541376 0.6409237821249852
0 0.472082369120063 0.6532335899932653 0.45156907890625 0.6398082492187502 0.4476439660361871 0.6458056373504851 0.46815725625000015 0.6592309781250002
0 0.6392550858847517 0.7714575952889858 0.477498209644737 0.6525447822142703 0.47128530468749996 0.66099618515625 0.6330421809275146 0.7799089982309657
0 0.3345844043867288 0.5277512543869008 0.32725209879754147 0.5259400689862869 0.3151251799605365 0.5750340351468193 0.32245748554972387 0.5768452205474333
0 0.31607449070960464 0.5944864742826924 0.30972853671875 0.5925946617187501 0.30534404387147746 0.607302138776647 0.3116899978623321 0.6091939513405893
0 0.3037320359374044 0.6343913221200389 0.2950515011603609 0.6326491964912656 0.25051701713915814 0.8545523307651907 0.25919755191620164 0.856294456393964
0 0.33848914531249996 0.639170928125 0.33267044609375 0.6314526648437501 0.32688530112390163 0.6358140110805632 0.3327040003426516 0.643532274361813
0 0.3762680179687501 0.6945748679687501 0.3532581731362046 0.6604607334747439 0.34750205435033193 0.6643432121618085 0.3705118991828774 0.6984573466558146
0 0.41672710390787665 0.7532824728119438 0.4078372278116575 0.736481162928882 0.4016398460937499 0.739760309375 0.4105297221899692 0.756561619258062
0 0.5110198319136597 0.8997963565385723 0.4577719042460474 0.8060682641818306 0.44918979465847436 0.8109438520559046 0.5024377223260867 0.9046719444126461
0 0.4878861672519313 0.8454364926814236 0.4709821587317382 0.7940553055508357 0.46380195709533323 0.7964175357058146 0.4807059656155263 0.8477987228364026