1 0.3218085167222463 0.2759716002204152 0.31923613751827956 0.2125195475135774 0.25081509141947006 0.21529337229291765 0.2533874706234368 0.27874542499975546
1 0.4214773686837681 0.19175742513424598 0.3456299128264218 0.16507035802512426 0.32290548296038785 0.22965558142564707 0.39875293881773416 0.2563426485347688
1 0.49453830738667265 0.20364375055612277 0.47352100780138356 0.1477684905998147 0.3966161148461752 0.176696019099514 0.4176334144314643 0.23257127905582203
1 0.665190590043468 0.19753974604383634 0.6347688059611107 0.14820712372528244 0.5614862851510234 0.19339801203240692 0.5919080692333806 0.24273063435096082
1 0.7580508819555791 0.1964285443490407 0.6949271067591781 0.16567593730124647 0.6670041235914581 0.22299153690399537 0.730127898787859 0.2537441439517896
1 0.8170829099333086 0.2061057072650688 0.7570349944741239 0.1794177431939335 0.7326557279102788 0.2342710895818665 0.7927036433694635 0.26095905365300187
1 0.8786854543345839 0.2813884183297166 0.8129649944725175 0.22688852582649655 0.7761591049350398 0.271272099351757 0.8418795647971061 0.32577199185497707
1 0.8402777339822511 0.3890204147347462 0.8333487889446584 0.3076053172689789 0.772224244150359 0.312807406617403 0.7791531891879517 0.39422250408317033
1 0.9506170687573523 0.3970157592551436 0.8946660165916637 0.351237623613111 0.8535472737199479 0.4014938626481167 0.9094983258856363 0.4472719982901493
1 0.9932806386382678 0.47242563162440965 0.9742344091191611 0.401002278851289 0.9133525206195738 0.41723745091893516 0.9323987501386805 0.4886608036920556
0 0.28879366171875004 0.27038450703125 0.2836847382946812 0.26986562252335683 0.28176232421875 0.28879366171875004 0.28687124764281885 0.2893125462266432
0 0.27393892689248006 0.5359175083651517 0.26545979222349997 0.5358820249608737 0.2647280783616004 0.7107327897185562 0.2732072130305805 0.7107682731228343
0 0.2749188488307021 0.7661389809312673 0.2734289652405095 0.715106114614075 0.26771510449053526 0.7152729284339205 0.26920498808072785 0.7663057947511127
0 0.27923724356571 0.8563308988068299 0.27797535234375004 0.82446549296875 0.27040641893429 0.82476522775567 0.27166831015625 0.8566306335937497
0 0.2792366195312501 0.8723978875000002 0.2721502470557462 0.8721496212866613 0.27035631477528127 0.9233546248360589 0.2774426872507852 0.9236028910493979
0 0.36607530356316287 0.23559402430672546 0.3593444166701484 0.23380427940971488 0.3456046763882356 0.28547680432173944 0.35233556328125004 0.28726654921875006
0 0.3494982390625 0.2999911968750001 0.34254177350726034 0.2994882827807901 0.34086056328125003 0.3227433101562501 0.3478170288364898 0.32324622425046
0 0.3297076412637801 0.4045882561270793 0.32468688057450407 0.4033627343706575 0.31507249026160616 0.4427513071817154 0.3200932509508822 0.4439768289381372
0 0.3136845070312501 0.4999151406250001 0.30943711651173567 0.4991170748200126 0.29662042265625005 0.5673288734375002 0.3008678131757645 0.5681269392424876
0 0.2970095934131091 0.5851174455815269 0.2906869672777231 0.5836120754431141 0.2716818188883561 0.6634346020412567 0.2780044450237421 0.6649399721796695
0 0.2660735914062501 0.7000496476562501 0.26065162266268027 0.6983267933914705 0.25348894688143025 0.7208683426102206 0.2589109156250001 0.7225911968750001
0 0.25679982852176886 0.7389503130910773 0.24956810311526315 0.7376546238728385 0.23590352392804004 0.813921743399983 0.24313524933454578 0.8152174326182218
0 0.24268943671875007 0.8207623242187501 0.2374609288890471 0.8194819496056495 0.2304663766020026 0.8480447397640049 0.23569488443170555 0.8493251143771055
0 0.2355502289962174 0.8540697995074094 0.22961398893432072 0.8530157640860739 0.2247436040795833 0.8804453675949571 0.23067984414147996 0.8814994030162925
0 0.4598376757812499 0.24341549296874992 0.45249753515624996 0.2088450703125 0.4469091731653352 0.21003161533350231 0.45424931379033506 0.24460203798975227
0 0.46778967286474005 0.29006006123648687 0.463403317553105 0.26754341048119523 0.4584169015624999 0.2685147890625001 0.46280325687413504 0.2910314398177918
0 0.47708217175849843 0.34898768799492536 0.46954612656249994 0.31658239453125 0.46496970475433963 0.3176466688486824 0.4725057499503381 0.3500519623123578
0 0.5048271124999999 0.5000911968749999 0.4804380281249999 0.36299225390625 0.4718647057136892 0.3645173968368647 0.49625379008868925 0.5016163398056147
0 0.522784859375 0.60780668984375 0.51861866171875 0.57617429609375 0.511836890049161 0.5770675007452337 0.516003087705411 0.6086998944952338
0 0.5474703439698918 0.8862914816875207 0.5279237926291611 0.6165339188099496 0.5133219215559307 0.617591965967401 0.5328684728966613 0.8873495288449721
0 0.35569577500000005 0.48656514062499995 0.35221677933861517 0.4772504002896468 0.12355413962968927 0.562654426899907 0.12703313529107413 0.5719691672352601
0 0.48857852109375 0.45077183125000014 0.4868702883031769 0.44434680593664694 0.374121344553177 0.47432356609289694 0.37582957734375 0.4807485914062502
0 0.52370070390625 0.44137605625000004 0.5224871731079304 0.43730170902095367 0.5119727371704302 0.4404333988647037 0.5131862679687499 0.4445077460937501
0 0.5551194856615658 0.43329914118579627 0.554150379420558 0.4300039421780101 0.5451224429777423 0.43265902599221395 0.5460915492187499 0.43595422500000003
0 0.5972621261797655 0.40226178724660605 0.5918682634859336 0.39871638895304795 0.577226345224927 0.42099216451758137 0.5826202079187588 0.4245375628111394
0 0.630531275382578 0.4159129921223551 0.6291633987136114 0.410742741409371 0.5803257850497834 0.42366355241201603 0.5816936617187501 0.42883380312500013
0 0.75151549296875 0.3740126757812501 0.7495861102656596 0.3685500445892392 0.7018188211376604 0.3854212881672188 0.7037482038407508 0.3908839193592297
0 0.7830637320312499 0.36300422500000007 0.7797251009776008 0.3577577459530854 0.7752774648437499 0.3605880281250001 0.7786160958973991 0.3658345071719148
0 0.6609658166042267 0.5285294978622714 0.6353400397654257 0.29376293047265956 0.6215450695193177 0.29526871058843723 0.6471708463581185 0.5300352779780492
0 0.6508926966941715 0.3307318582227167 0.6466431421345535 0.3268736730658466 0.636183543877882 0.33839427968687985 0.6404330984375 0.34225246484375005
0 0.7611312143868447 0.2505484225145892 0.7563465662439757 0.2479721144072795 0.7394153518571309 0.27941629736144036 0.7442 0.28199260546875005
0 0.5341651869766932 0.5066061759870267 0.5288049113842601 0.5027487831353211 0.511820358001317 0.5263507055857944 0.5171806335937501 0.5302080984375002
0 0.4431472359335421 0.6518479499365959 0.43750333216255405 0.6483709272700684 0.4105179578125 0.69217359140625 0.41616186158348806 0.6956506140727775
0 0.4033966608209158 0.7135894113596667 0.39736842196673344 0.7100065657044543 0.3747724650520676 0.7480249004385378 0.38080070390625 0.7516077460937501
0 0.36779366171875016 0.77190563359375 0.362197385020214 0.768796598130621 0.3421295061763213 0.8049188630886711 0.3477257828748575 0.8080278985518003
0 0.4214000951793637 0.7401207151441511 0.41560180242223116 0.7350580614680293 0.3605900199116011 0.7980634417477013 0.3663883126687336 0.8031260954238231
0 0.46761653271934395 0.6814791179609603 0.4627830011480031 0.6774914248311299 0.4436671723349092 0.7006619545264198 0.44850070390625013 0.7046496476562502
0 0.5136429578125001 0.6279781687500001 0.5096415782676603 0.6240863705675619 0.4949035836562025 0.6392393428970002 0.49890496320104233 0.6431311410794385
0 0.5700691380287337 0.5598158970296148 0.5636639704768036 0.5551777714174435 0.5245432689863214 0.6092027523575944 0.5309484365382516 0.6138408779697657
0 0.613617419772565 0.5384636460087447 0.608089733344406 0.5357592434709811 0.584673722165591 0.5836205974622364 0.59020140859375 0.5863250000000001
0 0.9311049296874998 0.4558982390625001 0.9282143339917374 0.4490659158971588 0.8927780660229875 0.46405816980340864 0.8956686617187499 0.4708904929687501
0 0.825737949293494 0.5088546760649006 0.8226675115415707 0.5024312987062263 0.708439749292142 0.5570332960580913 0.7115101870440652 0.5634566734167656
0 0.65215950703125 0.5894651406250001 0.6485513090338577 0.5822044459598332 0.5268277189004931 0.6426949133887518 0.5304359168978854 0.6499556080539188
0 0.5232812747702631 0.6514217061345672 0.5201530147480584 0.6450261763693129 0.4977467399777953 0.6559858085159959 0.500875 0.6623813382812501
0 0.49746760546874996 0.6635172539062502 0.4932277462754085 0.654446631229322 0.31133932035725775 0.7394662977129737 0.3155791795505992 0.7485369203899018
0 0.6671971679500555 0.6087544106158491 0.6632919015625 0.55849225390625 0.6560397530810116 0.5590557309545182 0.6599450194685671 0.6093178876641173
0 0.6700658453125 0.64252570390625 0.66910774609375 0.6271989437500001 0.662547773489801 0.6276090176705672 0.6635058727085511 0.6429357778268171
0 0.6765316898437501 0.66934753515625 0.6671919015625 0.66934753515625 0.6671919015625001 0.8956563382812501 0.6765316898437501 0.8956563382812501
0 0.6439522212310427 0.6664619732306235 0.6391728875000001 0.6609654929687501 0.6318799025479644 0.6673069346406192 0.636659236279007 0.6728034149024926
0 0.6183380903004025 0.6904219182995961 0.6134286264049431 0.6855123694242755 0.5843316898467993 0.7146088023407008 0.5892411537422587 0.7195183512160214
0 0.5508045773437501 0.7541232390625002 0.5463308885375249 0.7495696776063813 0.532680536193775 0.7629805932313813 0.5371542250000001 0.7675341546875003
0 0.49052165569586714 0.8151129817525776 0.4840971528011904 0.8092837319961058 0.4116775499642575 0.8890984538718787 0.41810205285893415 0.8949277036283505
0 0.47920622432792365 0.7980502199133481 0.47321919819933395 0.7944426557747711 0.4452586198369414 0.8408453548802534 0.45124564596553113 0.8444529190188306