1 0.8134638717572212 0.4954168548146936 0.7668894304434586 0.4905216730641566 0.7582032435699353 0.5731650398271805 0.804777684883698 0.5780602215777174
1 0.8968334037114012 0.42207462344305713 0.8916064879923351 0.398370242215322 0.8538752002036942 0.40669014980321955 0.8591021159227603 0.43039453103095465
1 0.916450870160778 0.39373753067271433 0.9018193950160764 0.34710107062549195 0.8253905832766545 0.37107943987075853 0.840022058421356 0.41771589991798086
1 0.8662004596686179 0.33023935648492475 0.8368971761755868 0.26969663121857523 0.772398744032715 0.30091451633398325 0.8017020275257462 0.36145724160033277
1 0.8048738414490101 0.3689670843156253 0.7698598059193575 0.2756409401122658 0.7030719018409958 0.3006983778357736 0.7380859373706483 0.3940245220391331
1 0.6428811213993723 0.31958059557455765 0.5759960227182483 0.31255068088347293 0.5723154396342706 0.34756905217155304 0.6392005383153945 0.35459896686263775
1 0.6025121733104235 0.2845969962047006 0.5297885908564108 0.2562245103307069 0.5063123719928406 0.3163981146393159 0.5790359544468533 0.34477060051330954
0 0.8420062039062499 0.42105812812500004 0.8387841408390108 0.41674115443295146 0.7901916994327608 0.4530091333392014 0.7934137625 0.4573261070312501
0 0.776938609375 0.47187877578125015 0.7733562364526848 0.46734581137332754 0.7573868265625 0.47996633437500014 0.7609691994848153 0.48449929878292275
0 0.732243849537699 0.5006584778278633 0.7282901235947209 0.49466725892911845 0.5991034023437498 0.5799201765625001 0.6030571282867281 0.5859113954612449
0 0.5533579578124999 0.61146480234375 0.5497778711170891 0.6058725630076408 0.49787178984375 0.63910223359375 0.5014518765391608 0.6446944729298592
0 0.3681910469130917 0.7185622121452362 0.36417280703124993 0.7078248328125001 0.3078351085556582 0.7289080394172638 0.3118533484375 0.73964541875
0 0.304998240982175 0.7409774751267866 0.30340213125000004 0.7356400843750001 0.29352995390625003 0.738592290625 0.295126063638425 0.7439296813767865
0 0.7619277389586975 0.54111760538624 0.7602656187499999 0.5354065203124998 0.7285802579163024 0.5446280391450099 0.730242378125 0.55033912421875
0 0.7167710468914719 0.5553142466251465 0.7154735987565116 0.550645931969442 0.7019255385837898 0.5544112962817955 0.7032229867187499 0.5590796109375
0 0.6749670150754492 0.5690268145296183 0.672400033570656 0.5644946263102447 0.635061766854188 0.5856426094572147 0.6376287483589811 0.5901747976765883
0 0.5497604611082143 0.6503315286538951 0.542565355920712 0.6276365168417446 0.14088543341624044 0.754982971562694 0.14808053860374276 0.7776779833748446
0 0.49636018956845473 0.6471609143868154 0.4941627723404518 0.6422770278127836 0.4704664358969971 0.6529387696759683 0.4726638531250001 0.6578226562500001
0 0.8153802791833126 0.34192112014125015 0.8094736969601911 0.33804540197415334 0.7874097081679997 0.37167085107865533 0.7933162903911212 0.37554656924575214
0 0.7810618629064398 0.41366544603662214 0.7723261930290942 0.4064037936000059 0.736736328512006 0.4492179202901017 0.7454719983893516 0.456479572726718
0 0.6955151921733236 0.5269782542453083 0.6904166720403453 0.5242112880295041 0.6832440125 0.5374279109375001 0.6883425326329782 0.5401948771533043
0 0.6865888699932354 0.5424685090174669 0.6806589624357274 0.5391563401287464 0.6641655343749999 0.5686851796875 0.6700954419325079 0.5719973485762205
0 0.6517327844313531 0.597925943875081 0.6499006546875 0.5915960101562499 0.6450258100998969 0.5930069803436689 0.64685793984375 0.5993369140625
0 0.6448924859375 0.6018172390625002 0.6418125112997473 0.5986570036950197 0.6330528854297872 0.60719416070342 0.63613286006754 0.6103543960709005
0 0.6141548416876794 0.6358168701895539 0.6092083308568881 0.6320988625651319 0.5973990915129587 0.6478101080005781 0.60234560234375 0.6515281156250001
0 0.5944521138811601 0.6724666563612252 0.5853461580557495 0.6640749499007111 0.3920017653782094 0.8738756033311782 0.40110772120362004 0.8822673097916922
0 0.60644191015625 0.37715111796875006 0.5987356484375 0.37605933125000013 0.593244334567192 0.41481919262003625 0.600950596285942 0.4159109793387862
0 0.5919459843210328 0.4713085912541475 0.5848794780989038 0.46918653574666375 0.569910820603395 0.5190325981874894 0.576977326825524 0.5211546536949732
0 0.5546833052265289 0.6566212551911464 0.545249716098166 0.654289746072916 0.527497013973259 0.7261194877861664 0.5369306031016219 0.728450996904397
0 0.54122033565253 0.7341650530731381 0.5309008172449716 0.7313601789374691 0.5139159037334455 0.7938500159693838 0.5242354221410039 0.7966548901050527
0 0.5261216467177992 0.8238220133224562 0.5089828856652929 0.8170056201437784 0.4543296530099936 0.9544226779150726 0.47146841406249995 0.9612390710937502
0 0.7370884941128247 0.34285447840328365 0.7338929529388435 0.3375297659957468 0.6804276814822687 0.36961609540496326 0.68362322265625 0.3749408078125001
0 0.6366293648437499 0.3979766359375 0.6331940632812498 0.39234373437500003 0.5962549929608196 0.41487152836910496 0.5996902945233197 0.4205044299316049
0 0.5728720402554436 0.44287914194007066 0.567920514752829 0.43351063918040456 0.40225533855988527 0.5210694909903341 0.4072068640625 0.5304379937500001
0 0.38820962812499993 0.5432945015625001 0.3849493020883255 0.5382427399281495 0.36356147630707547 0.5520461000843996 0.36682180234374995 0.5570978617187501
0 0.28246734976247573 0.6119354296183234 0.2776342307482351 0.6048870321915262 0.17865112417902723 0.6727602103737645 0.1834842431932678 0.6798086078005617
0 0.17804681606035203 0.6860870625480044 0.17486411782996095 0.68078818247295 0.16437753264894944 0.6870868032429451 0.16756023087934052 0.6923856833179995
0 0.5652273091486345 0.3161457860858284 0.5568388249867314 0.31181143191472177 0.5435613045922545 0.33750805594255917 0.5519497887541576 0.3418424101136658
0 0.505256867236069 0.43178615349201344 0.49917516496914394 0.4286136453997166 0.4708792719497912 0.48285691025956384 0.47696097421671624 0.48602941835186064
0 0.4124804362208945 0.597077062815515 0.4052067305552992 0.5922396913666335 0.3673371940622774 0.6491821579631245 0.3746108997278726 0.654019529412006
0 0.324694207816736 0.72209376743953 0.31671138367453666 0.7160300169282717 0.2864816603624173 0.7558269321575428 0.2944644845046166 0.7618906826688011
0 0.2856201992187501 0.7707812671875001 0.27422689640835396 0.7597035650342155 0.16881312944416563 0.8681205409366981 0.18020643225456173 0.8791982430899827