1 0.23598074050114942 0.46276381637045905 0.1892059385811743 0.46221352485608563 0.1882284438721547 0.5453006163302858 0.2350032457921299 0.5458509078446592
1 0.15637631100796104 0.37534011338705175 0.12271291037297852 0.3577433361682007 0.1119071223868497 0.37841527885575416 0.1455705230218322 0.3960120560746052
1 0.188510291158289 0.33498374634544426 0.11379446976565841 0.3073713814087587 0.09622748936925604 0.3549055702663607 0.17094331076188662 0.3825179352030463
1 0.24973017911603254 0.2733288499358627 0.18845782590445087 0.235884633664748 0.1534681119750031 0.2931405285440641 0.21474046518658474 0.33058474481517885
1 0.31810389446739434 0.28407560811549776 0.2579283320516458 0.24821756719097868 0.20783779541761827 0.3322775474895171 0.2680133578333669 0.36813558841403626
1 0.44416739735201916 0.3389632253510937 0.4431419287827677 0.3049176666676989 0.3757607553526702 0.3069472199540588 0.3767862239219216 0.34099277863745364
1 0.5128594038705586 0.3168570308381894 0.49603302267435057 0.2545539470605746 0.42064363282787537 0.27491458629047594 0.4374700140240835 0.33721767006809067
0 0.21627310476753214 0.42289240179419235 0.17132475784379014 0.3822001564978768 0.16770587807625795 0.38619754376618454 0.212654225 0.4268897890625
0 0.24611725390625 0.45317183125 0.23034579677025113 0.43975960040591816 0.22671759603922476 0.44402600567252837 0.24248905317522357 0.4574382365166102
0 0.39308556328124994 0.5691232390625001 0.2735111583570949 0.4708416437802853 0.2689558967531825 0.47638380753940623 0.38853030167733754 0.5746654028216209
0 0.48757640859375 0.63856267578125 0.4384404678137783 0.6011320213623612 0.4344187644898315 0.6064113887532863 0.48355470526980315 0.6438420431721751
0 0.6656486415214041 0.751974103476293 0.6133595070312501 0.7208841546875 0.6077242579015035 0.7303618898112406 0.6600133923916576 0.7614518386000336
0 0.6816332385122719 0.7605223316360707 0.6751004924185218 0.7517600081985707 0.6708897890625 0.7548992960937502 0.6774225351562502 0.7636616195312502
0 0.2674721069535598 0.5224266608781672 0.23745915468750006 0.5080073945312501 0.23498737578506113 0.5131522736413452 0.2650003280511209 0.5275715399882623
0 0.2932346133001688 0.5327556503377824 0.28012746484375 0.52856866171875 0.27860764060608123 0.5333263918497175 0.29171478906250004 0.53751338046875
0 0.35630668984375 0.5716429578125001 0.3220236535717519 0.5458821607603014 0.31878487636674413 0.5501923968205915 0.35306791263874227 0.5759531938727902
0 0.8304888067215807 0.7911158390658238 0.4440901406250001 0.6230285210937501 0.43464969827400834 0.6447301841091055 0.821048364370589 0.8128175020811794
0 0.5132758166435971 0.65553574591576 0.4910138490499043 0.6420821690199718 0.4882156381485448 0.6467124380472283 0.5104776057422376 0.6601660149430166
0 0.22501267578124998 0.343654225 0.20986779062898422 0.30680122520643516 0.20317183188018867 0.3095529557793294 0.21831671703245448 0.34640595557289416
0 0.26453767578125 0.42831056328125 0.23944408166304704 0.3788598118102954 0.23032483352267102 0.38348733929351636 0.25541842764087397 0.432938090764471
0 0.31384753515625 0.5180686617187501 0.3078694332484886 0.5042165505257716 0.30260052801446735 0.5064904315243073 0.30857862992222873 0.5203425427172856
0 0.329554225 0.55114894375 0.3150510413577949 0.5204486507132876 0.30921700182647227 0.5232047203898043 0.32372018546867726 0.5539050134265165
0 0.34661241070841997 0.5795193602036898 0.3413461265625001 0.57542535234375 0.33829674397908016 0.5793478937025605 0.34356302812500006 0.5834419015625002
0 0.35616267412041547 0.5929621766302051 0.34895274584548963 0.583344610152791 0.34525845078125006 0.586114084375 0.3524683790561759 0.5957316508524142
0 0.3877394514659113 0.6366685208403606 0.37742077500000004 0.6200563382812501 0.37205737978408876 0.6233878174408897 0.38237605625000004 0.6400000000000003
0 0.5669408927394489 0.8841740297553446 0.39959514257741546 0.6532155454842612 0.38819493914061726 0.6614757988460367 0.5555406893026507 0.8924342831171203
0 0.41606546298629965 0.4055503782334148 0.41476056328125005 0.36641760546874996 0.40698169786802485 0.3666769951941952 0.4082865975730744 0.40580976795886
0 0.4273992006963188 0.5118895776248022 0.41882099279640067 0.4605139983773777 0.4116032617322715 0.46171914678720133 0.4201814696321898 0.5130947260346258
0 0.44960800038776283 0.7218366988180687 0.43781446580450173 0.6487080188320111 0.4278781926795583 0.6503104514309598 0.43967172726281933 0.7234391314170173
0 0.45156228449253916 0.79164771900171 0.4461433908185877 0.727309000508251 0.43601079754990896 0.7281624126813571 0.4414296912238605 0.7925011311748162
0 0.48953276001253554 0.9597151641543998 0.4587861874481688 0.8141783403191589 0.44406173229408896 0.8172890755745759 0.4748083048584556 0.9628258994098168
0 0.33418321878477786 0.35145902231380866 0.2842986303083667 0.31406038485355875 0.2805703412110888 0.31903340472725006 0.3304549296874999 0.35643204218749996
0 0.4123556650408019 0.40635089283221293 0.37878873203124996 0.379010915625 0.37462410050981887 0.3841240840168326 0.4081910335193707 0.41146406122404555
0 0.5955740626811509 0.5300560495175024 0.43869213295910975 0.4276662931155061 0.43222123902795884 0.4375810185980038 0.58910316875 0.5399707750000002
0 0.6302012380315463 0.5659606071571421 0.610171446692796 0.5502548066897271 0.6064504906924998 0.555000185470085 0.6264802820312501 0.5707059859375
0 0.8027262051677377 0.703688428711056 0.7082527379021596 0.6297228159413973 0.7017859376658195 0.6379826142120273 0.7962594049313976 0.7119482269816859
0 0.8141160336252877 0.7214008673278292 0.8045395398948918 0.7138098623170801 0.8007202629508017 0.7186281020176117 0.8102967566811976 0.7262191070283607
0 0.47013873203125006 0.33522042265624996 0.46387686900503455 0.3074793541200453 0.454390664493267 0.3096206311661631 0.4606525275194824 0.33736169970236773
0 0.5301405935598463 0.4862547172314562 0.5084447015384104 0.42905852631505426 0.5019575629258963 0.4315192541469287 0.5236534549473323 0.48871544506333053
0 0.6163226551196603 0.662243044188376 0.5846372032304512 0.601642161404098 0.5768940481488897 0.6056907058565091 0.6085795000380988 0.6662915886407871
0 0.6855289794014203 0.7768172671264357 0.6597566416670932 0.734007559430997 0.6512032130280458 0.7391569020343217 0.6769755507623729 0.7819666097297604
0 0.7909169588293754 0.9005156166587494 0.6915471188593503 0.7859425250752654 0.6816999623632977 0.7944830152693312 0.7810698023333228 0.9090561068528151