1 0.8117818625386292 0.443868243024637 0.7642586354123654 0.44244998753766723 0.7617544748564956 0.5263599684618343 0.8092777019827594 0.5277782239488041
1 0.8791336747963123 0.3489240574598548 0.8629491933934181 0.3295516307498494 0.8348914584948876 0.35299215761157055 0.8510759398977819 0.37236458432157593
1 0.8916717613429135 0.32303596114604327 0.8691642345354482 0.2796487436738052 0.7980603489125573 0.3165345525597101 0.8205678757200225 0.35992177003194814
1 0.8311584254425781 0.26922835935480677 0.7917871907805274 0.2146938759860238 0.7336895640290293 0.256637526220562 0.7730607986910802 0.311172009589345
1 0.7808903773679757 0.3077981455235447 0.7203399766844969 0.23026151421250085 0.6634662340103986 0.27467572010533825 0.7240166346938774 0.3522123514163821
1 0.611821850836033 0.33278515369783856 0.6104699231620173 0.2987509952405236 0.543111312314614 0.3014266591680473 0.5444632399886297 0.33546081762536223
1 0.5635504426470248 0.27006839839223856 0.48700486452101516 0.2547552743207151 0.4743343408059594 0.31809130937131946 0.5508799189319691 0.33340443344284293
0 0.8231022492187501 0.3628686781250001 0.8191795021732059 0.3591767945977352 0.7776231576419559 0.40333177037898515 0.7815459046875001 0.40702365390625006
0 0.7684527274195074 0.4248077705648664 0.7644077882589142 0.42084968338706147 0.7499977328125 0.4355759375 0.7540426719730933 0.43953402467780495
0 0.7288298867281963 0.46031975245402024 0.7238958625115981 0.4551061109729616 0.6114757921874999 0.5614968843749999 0.6164098164040981 0.5667105258560585
0 0.57190298984375 0.6005058890625001 0.5674062106009969 0.5956202841149263 0.522058971875 0.6373585179687501 0.5265557511177532 0.6422441229163238
0 0.40814645042148356 0.7381301456623127 0.40232473046875006 0.7282536515625002 0.35050398942226646 0.7587994949626876 0.35632570937499997 0.7686759890625001
0 0.34964818425475136 0.7694404184246587 0.34634423659850133 0.7648653801434088 0.33809781406249995 0.7708206851562501 0.34140176171875 0.7753957234375001
0 0.765088464893197 0.4950096624814885 0.7624598765625 0.48967396562499993 0.7328571882318029 0.5042574929872615 0.7354857765625 0.50959318984375
0 0.7230830260612361 0.5168320014850022 0.7209946445146912 0.5124599082675585 0.7083062582972053 0.5185206645950563 0.7103946398437501 0.5228927578125
0 0.6842952539022235 0.5375954380993383 0.6809802644758612 0.5335778557669626 0.6478815580948458 0.5608882759654839 0.651196547521208 0.5649058582978593
0 0.575109284002203 0.6394068417000299 0.5640825411833451 0.618306034982927 0.1906185189318143 0.8134687972732415 0.20164526175067216 0.8345696039903444
0 0.5219697108615889 0.645557255675016 0.5189575996600411 0.641129144401814 0.4974726559859521 0.655743736383048 0.5004847671875 0.6601718476562499
0 0.78313883478981 0.28955748261577574 0.7766489751523372 0.2867663123207701 0.7607591852436193 0.3237122866889516 0.767249044881092 0.3265034569839573
0 0.7618000630771451 0.36617118117938496 0.7519361356446592 0.36053678337408507 0.7243215575354347 0.40888058229646296 0.7341854849679207 0.4145149801017628
0 0.6972296013882721 0.49261753709102 0.6917280606270737 0.4907779563340074 0.6869594132812502 0.5050393078125002 0.6924609540424485 0.5068788885695128
0 0.6911287449874683 0.5094224997347994 0.6847137733519864 0.5071903677520264 0.6735985476562499 0.5391346515625001 0.6800135192917318 0.5413667835452729
0 0.6664322840821597 0.5700901081707954 0.66352880703125 0.56417448515625 0.6589730346678403 0.5664105269854546 0.6618765117187501 0.5723261500000001
0 0.66037162109375 0.57511008984375 0.6567896695354509 0.5725326980485365 0.6496455840777788 0.5824612498834782 0.6532275356360779 0.5850386416786918
0 0.6360049246929068 0.613930726611957 0.6304879367760037 0.6111281564015479 0.6215863363018469 0.628651364945841 0.62710332421875 0.63145393515625
0 0.6229656944004436 0.6534450628614976 0.6125408741155184 0.6467620780056257 0.4585653183868644 0.8869492894628472 0.46899013867178957 0.893632274318719
0 0.58349233359375 0.36053402421875 0.5757395434762693 0.36019783146558465 0.57403225071666 0.399568943155893 0.5817850408341407 0.3999051359090583
0 0.5855669073742776 0.455778225144026 0.578239266514614 0.45491549441746526 0.5721536946449517 0.5066035631435261 0.5794813355046153 0.5074662938700869
0 0.5810495374761228 0.6447461703178432 0.5713544034068059 0.6440882078384186 0.5663445101476822 0.7179094185290916 0.576039644216999 0.7185673810085162
0 0.5812564408922566 0.7234497239182454 0.5706066382687589 0.7224794276471096 0.5647310096654988 0.7869693023123523 0.5753808122889965 0.787939598583488
0 0.5819559029835893 0.8143664523952856 0.5638938635612842 0.8106297300342378 0.533933157452695 0.9554495487327023 0.5519951968750002 0.95918627109375
0 0.7061985535659066 0.30407188706941124 0.7021269331464255 0.2993829688369772 0.6550456522367689 0.34026598176756606 0.65911727265625 0.3449549000000002
0 0.6168374867187498 0.3758011601562502 0.6124762312499998 0.37085036796875015 0.5800102591248237 0.3994503158390543 0.5843715145935737 0.4044011080265544
0 0.5618460170436772 0.431092839173952 0.5553428925810358 0.42272648799266327 0.40739897788110857 0.5377225800687113 0.41390210234375 0.5460889312500001
0 0.39742598593750006 0.56204895546875 0.3933379631275182 0.5576400918645621 0.3746719951587682 0.5749477043645621 0.3787600179687501 0.5793565679687501
0 0.30520954251802374 0.6480090271339124 0.29922590827948436 0.6419069732606929 0.21353263194316585 0.7259372412576675 0.21951626618170522 0.732039295130887
0 0.21525168773159206 0.7391665662703382 0.21119720039576723 0.734500857105799 0.20196367420295464 0.7425247638032632 0.2060181615387795 0.7471904729678023
0 0.5323104101135027 0.30761234129929893 0.5232967135520895 0.30480048101540147 0.5146830810285326 0.33241233296390804 0.5236967775899457 0.3352241932478055
0 0.4933317940772309 0.43190962952373885 0.48679158611478773 0.42984139533311394 0.4683448145799076 0.4881741134656485 0.47488502254235077 0.4902423476562733
0 0.4306673101755464 0.6107998570658297 0.4226641075601346 0.6072990417168731 0.39525784926028446 0.6699523999322341 0.40326105187569616 0.6734532152811907
0 0.3657252742187501 0.7490591421875 0.35672852685929085 0.7445199334589033 0.3342257787172974 0.7891205570547356 0.3432225260767567 0.7936597657833323
0 0.33589778359375005 0.8038941523437503 0.32275394795352474 0.7949631717839403 0.2377680635724774 0.9200379593241163 0.2509118992127027 0.9289689398839261