1 0.3440382306414217 0.19728371055802335 0.27577772196472256 0.19721550557378706 0.275715049332766 0.2599391581831225 0.3439755580094651 0.26000736316735884
1 0.44864128212988874 0.18608668439297082 0.37540838025881557 0.15289062638367124 0.3471414496005223 0.21524951726509176 0.4203743514715955 0.2484455752743914
1 0.5203882399033949 0.20429545685241837 0.5043207663062169 0.1468010408896479 0.42518731982800445 0.1689157896117795 0.4412547934251824 0.22641020557454997
1 0.6909231382904248 0.21308800728161587 0.6649167402562854 0.1612916774549107 0.5879744354089372 0.19992360779088142 0.6139808334430767 0.2517199376175866
1 0.7835269160328062 0.22007434156835526 0.7233236116408 0.18393715820192613 0.6905115007286255 0.23860100626555295 0.7507148051206318 0.2747381896319821
1 0.8412976946532957 0.23605559155101202 0.784793190923511 0.20272183258744264 0.7541499231347005 0.2546656484936526 0.8106544268644853 0.287999407457222
1 0.8962976964376426 0.31522491346021014 0.8355773012454059 0.25520449446896054 0.7950431863898235 0.2962113303785415 0.8557635815820601 0.35623174936979113
1 0.8488485981717965 0.3373906988269846 0.7875032581086902 0.33724563727292595 0.7873100427579262 0.41895482255602146 0.8486553828210324 0.41909988411008003
1 0.9578780026123359 0.4366815111768732 0.9061296886896331 0.38620111966405585 0.8607872952230448 0.4326823837905424 0.9125356091457476 0.4831627753033597
1 0.9934459434769382 0.5158849723240515 0.9816268784943002 0.4429550651959399 0.9193806847751113 0.45304272110364063 0.9311997497577492 0.5259726282317522
0 0.30960967421875 0.25285041796874996 0.30456541563079254 0.2518882360114014 0.30100062968749997 0.27057669921875005 0.3060448882754575 0.2715388811760986
0 0.27166874006107544 0.5160783104653681 0.26322496395815714 0.5153039568735209 0.24725678695070438 0.6894255892159873 0.2557005630536227 0.6901999428078345
0 0.25554340338931636 0.6945406044514497 0.24983674648928486 0.6942087877052276 0.24687315333227944 0.74517731033367 0.25257981023231096 0.7455091270798919
0 0.25054119218750015 0.80388008046875 0.24297493688635058 0.8035189987199065 0.2414547734375001 0.8353731281250003 0.24902102873864967 0.8357342098738437
0 0.24762007656250007 0.8517400046875002 0.2405823079851813 0.8508750651208571 0.2343323916103583 0.9017288666694521 0.24137016018767712 0.9025938062360952
0 0.3896294265628427 0.22492786233802425 0.38308013895519527 0.22255829247950992 0.36488912567360254 0.2728366910789857 0.37143841328125 0.27520626093750006
0 0.3675028593750001 0.28763519765625 0.36061669712956906 0.2865279013210054 0.35691507499999997 0.30954790937500004 0.363801237245431 0.31065520571024463
0 0.3386713369230322 0.3901093699150093 0.33377649264791437 0.3884509232731618 0.320765746950158 0.42685166073839076 0.3256605912252758 0.4285101073802383
0 0.31440088984375 0.48367699843750006 0.31023921796766674 0.4825117850321522 0.29152624531249993 0.5493469687500001 0.2956879171885832 0.5505121821553479
0 0.29036355932153257 0.5671017684715192 0.2841961942830652 0.5650510735000105 0.2583063743584382 0.6429134433179333 0.26447373939690555 0.644964138289442
0 0.24952827656250012 0.6789003687500001 0.24427709690728908 0.6767115147561688 0.23517705159478908 0.6985430178811687 0.24042823125000012 0.7007318718750001
0 0.23689938627341625 0.7168447431340067 0.22980810687834116 0.7149236981421666 0.20954840836753244 0.78970965225067 0.21663968776260747 0.7916306972425102
0 0.21571230234375002 0.7971156335937499 0.2106152826584636 0.7953844366202673 0.20115793501900064 0.8232289210014798 0.20625495470428706 0.8249601179749625
0 0.20569732423904394 0.8296741405605379 0.1998755384598762 0.8281067385406585 0.19263303899157785 0.8550074824949192 0.19845482477074555 0.8565748845147987
0 0.48235331874999987 0.24089149765625004 0.4780541203124999 0.20581288984374996 0.4723836100646251 0.20650786180295083 0.4766828085021251 0.24158646961545088
0 0.48620971428039655 0.2880516312451857 0.4838025058428134 0.2652383672566112 0.478750403125 0.26577145468749996 0.48115761156258313 0.2885847186760745
0 0.4903309712213478 0.3475649154491729 0.4856479101562499 0.31462612421874997 0.480996145625573 0.31528748720578925 0.4856792066906709 0.3482262784362122
0 0.5048007953125 0.5005115601562501 0.4924534789062499 0.3618086718750001 0.48377985585512767 0.3625807968792292 0.4961271722613777 0.5012836851604792
0 0.51330218359375 0.609382284375 0.511908784375 0.577507153125 0.5050749720799004 0.5778058884819901 0.5064683712986504 0.6096810197319902
0 0.5176609345320383 0.6185241912198496 0.5030224142292088 0.618305575173551 0.4989836621990557 0.8887402234644096 0.5136221825018852 0.8889588395107081
0 0.35741582109375003 0.47403932265625015 0.35476189713590733 0.46445681305894243 0.11952593670840368 0.5296065887815873 0.12217986066624635 0.539189098378895
0 0.49291250078124993 0.44996371171874994 0.49177074623068434 0.4434142536130333 0.3768381993556843 0.4634502254880334 0.37797995390624994 0.46999968359375
0 0.52871992890625 0.443664790625 0.5278661189849491 0.43950018172605876 0.517118748672449 0.4417035606323088 0.5179725585937499 0.44586816953125
0 0.5607231021503007 0.43835693811475246 0.5600448790232128 0.4349898144960126 0.5508198909354121 0.4368479584125102 0.5514981140625 0.44021508203125004
0 0.6054104607182095 0.41111066362475396 0.6003461255064402 0.40710865079680036 0.5838184624418895 0.428023532788536 0.5888827976536588 0.43202554561648954
0 0.6373632305209962 0.42760951891286736 0.6364511760444469 0.4223397238500565 0.5866732806797008 0.4309548885309392 0.58758533515625 0.43622468359375005
0 0.7615389195312499 0.3964131148437501 0.760092978486113 0.3908031142392994 0.7110370320397411 0.4034469642985261 0.712482973084878 0.4090569649029769
0 0.7939265578125001 0.3881961648437501 0.7910578921036837 0.3826786692828569 0.7863805046875 0.3851105445312501 0.7892491703963163 0.39062804009214325
0 0.6578667833812921 0.5424500295139117 0.6527997747449049 0.3063433863236662 0.6389260609883634 0.30664112562686113 0.6439930696247506 0.5427477688171067
0 0.665071194968649 0.3445271394367185 0.6611740741151422 0.34031326279912577 0.6497501908652433 0.3508784163311575 0.65364731171875 0.3550922929687502
0 0.7818786682706758 0.27425674586817583 0.777336767488043 0.27127323207655063 0.7577294406236172 0.3011221080833748 0.7622713414062499 0.304105621875
0 0.533459411665844 0.5095587297355212 0.5284557277688082 0.5052488369302404 0.5094787629779644 0.5272806454759692 0.514482446875 0.53159053828125
0 0.43012915664530216 0.6463150776679802 0.42480977241394136 0.6423593877283628 0.3941094320312501 0.6836434390625001 0.39942881626261084 0.6875991290021175
0 0.38514872168263525 0.7043571029120708 0.37945568793996576 0.7002624957433989 0.35363219985108063 0.7361667920500783 0.3593252335937501 0.7402613992187501
0 0.3445986093750001 0.75934840859375 0.3392945989127366 0.7557634565630765 0.3161548212667444 0.7899992348046438 0.3214588317290078 0.7935841868353174
0 0.40077129231696 0.7323565497475434 0.3954363034291274 0.7268078067661277 0.3351425763294202 0.7847788400542616 0.3404775652172528 0.7903275830356774
0 0.4519228141210531 0.6779661299162071 0.44745522631823187 0.6735723414527498 0.42639269422842874 0.6949886459115427 0.43086028203125004 0.6993824343750001
0 0.5024370101562502 0.6286802351562502 0.4987900496328493 0.6244545032213435 0.4827874686966071 0.638265313241003 0.486434429220008 0.6424910451759096
0 0.5645892037479274 0.5656952055171333 0.5586126474436448 0.5605164816432952 0.5149322284566467 0.6109262910539236 0.5209087847609292 0.6161050149277617
0 0.6098327440909643 0.5482196909184027 0.6045617965276755 0.5450438098276708 0.5770634977492112 0.5906821970342679 0.5823344453125 0.5938580781249999
0 0.9333081671875 0.4936393296875001 0.9310240474491174 0.4865810740737949 0.8944159638553673 0.4984278037612949 0.89670008359375 0.5054860593750001
0 0.8237266820568452 0.5372109143496611 0.8212277625027579 0.5305443737117204 0.7026757940394032 0.5749829886183166 0.7051747135934905 0.5816495292562573
0 0.64378309375 0.6023862734375001 0.6408214374438035 0.5948387331321562 0.5142889503333408 0.6444901060601139 0.5172506066395371 0.6520376463654578
0 0.5099954110422305 0.6528745978722098 0.5074364619962495 0.646230758831433 0.48416025486026903 0.6551958508029732 0.48671920390625 0.66183968984375
0 0.4832257742187501 0.6626743085937501 0.4797926058426604 0.653268674380395 0.29118636826437877 0.7221121947320139 0.29461953664046836 0.7315178289453689
0 0.6575725906250001 0.5725015000000001 0.6502989287594546 0.5724307664366383 0.6498086986428404 0.6228420271604811 0.6570823605083859 0.6229127607238428
0 0.6573781218750001 0.6414536242187501 0.6508073714163591 0.6412903984336801 0.6504260096976091 0.65664233983993 0.6569967601562501 0.6568055656250001
0 0.6616246979616831 0.6841643000860579 0.6518082621163911 0.683257209788027 0.6309868194656085 0.9085846732517195 0.6408032553109005 0.9094917635497506
0 0.6288963230413647 0.6783747977457663 0.62461422578125 0.6724826867187501 0.616796299416152 0.6781643720967525 0.6210783966762667 0.6840564831237687
0 0.6015627228039107 0.7005248153476109 0.5973642141125746 0.6950146238873021 0.5644864250367314 0.7200659645133325 0.5686849337280675 0.7255761559736413
0 0.5284629507812502 0.7575841343750002 0.5244031550680094 0.7526579930737498 0.5096359081930094 0.7648281688549999 0.5136957039062502 0.7697543101562502
0 0.4630938179136411 0.8130877894656509 0.4572018148566578 0.8067207895187524 0.37810147882634126 0.8799200082380878 0.3839934818833246 0.8862870081849863
0 0.4533085631547033 0.7951037520813831 0.4476587389308467 0.7909881116975557 0.4157602967559299 0.8347773096098221 0.4214101209797866 0.8388929499936495