1 0.5751515436176737 0.23215003076573365 0.49089374029130256 0.2232941745255818 0.48420042656151663 0.28697677014959694 0.5684582298878877 0.2958326263897487
1 0.6198751090354288 0.14935881351232683 0.5809902739262321 0.12084055532252418 0.5267788341587668 0.1947582147518014 0.5656636692679632 0.22327647294160408
1 0.6387055644531139 0.27595744651386706 0.5677717878871702 0.2607222519382317 0.5540723785879587 0.3245055422330429 0.6250061551539023 0.33974073680867833
1 0.6828328083166881 0.26332398490882813 0.6392895697521228 0.19949377494349463 0.6099355567634452 0.21951828670818277 0.6534787953280106 0.28334849667351625
1 0.6307499108900719 0.27171304035662375 0.6024022518714975 0.23363866303940312 0.5847760100443391 0.24676199500967355 0.6131236690629136 0.2848363723268942
1 0.5932442973123498 0.24011820433995767 0.5857814125895793 0.23933382518986251 0.5837936816213591 0.2582458616379343 0.5912565663441297 0.25903024078802944
1 0.7687284572685918 0.23200531480538059 0.6823278921509571 0.222924251382758 0.6753797951893026 0.28903099197478743 0.7617803603069373 0.29811205539741004
1 0.5145023665559307 0.40482604328497895 0.5117602301593764 0.36888887893699795 0.46737021197784223 0.3722759988366272 0.4701123483743966 0.40821316318460826
1 0.5377774598288946 0.3962932344990694 0.5321163089742258 0.3635666055778647 0.5169992830970596 0.36618159425178576 0.5226604339517283 0.39890822317299046
0 0.6016896307598633 0.2667507726130582 0.5904537632812501 0.17761804921874996 0.5850870484572677 0.17829456502867333 0.5963229159358809 0.2674272884229816
0 0.5307891268590533 0.28312565345360985 0.52478346008113 0.2824817434812899 0.5199260948110582 0.32778577430039046 0.5259317615889817 0.32842968427271046
0 0.5205989096080278 0.4676902105769372 0.5194561795882339 0.36336653848885253 0.5107129078020267 0.36346230964933157 0.5118556378218206 0.46778598173741626
0 0.5156446823438797 0.45224076328312324 0.4996677933239462 0.4005443962595022 0.49505314687499985 0.40197056406250004 0.5110300358949333 0.45366693108612105
0 0.5164196929687501 0.4804537109375001 0.5108026784005907 0.48011323451331966 0.5101780916818407 0.4904173626383196 0.5157951062500001 0.4907578390625001
0 0.5096270460937501 0.5600989843749999 0.5041334905401358 0.5600510292307151 0.5037940272588858 0.5989386276682152 0.5092875828125001 0.5989865828125
0 0.5153068495555752 0.626401217426982 0.506852675231263 0.6256649830520323 0.5044413108319381 0.6533546640625505 0.5128954851562502 0.6540908984375002
0 0.5298957715657853 0.9561352705378366 0.5167702389553529 0.7190883682155593 0.5050012023649468 0.719740031966688 0.5181267349753791 0.9567869342889652
0 0.5899079712961642 0.32716424738440886 0.5819714545750254 0.323529103686048 0.5681750387476112 0.3536504672391391 0.5761115554687499 0.35728561093750005
0 0.5697632195312501 0.3774246578125001 0.5578330926656702 0.3734446009233262 0.5186949409106097 0.49076028980010056 0.5306250677761897 0.4947403466892745
0 0.5261110298251115 0.5103497698750055 0.51795581171875 0.5071924375000001 0.4872910860451373 0.5863977590618882 0.49544630415149876 0.5895550914368934
0 0.4992275891292216 0.5988060744212003 0.4871792054687501 0.5944193492187502 0.43823850618327853 0.7288376896412999 0.4502868898437501 0.7332244148437501
0 0.4422245544651733 0.7679884919795198 0.4280286002191156 0.7650836660820773 0.3980312926818573 0.9116812317670892 0.41222724692791496 0.9145860576645317
0 0.40971291788235176 0.9752414392502802 0.40953917027787845 0.9460098972555526 0.40158365486227565 0.9460571835651856 0.4017574024667489 0.9752887255599132
0 0.5622588369948858 0.5802409317762506 0.5402038270234722 0.5138960282966651 0.53286264921875 0.516336453125 0.5549176591901637 0.5826813566045855
0 0.6419380164062499 0.759555025 0.624890766035781 0.7278777411916686 0.6177199280308096 0.7317367548487888 0.6347671784012785 0.7634140386571202
0 0.6914211995693963 0.8468886862411533 0.6657241081154545 0.7990500397029695 0.657006521557463 0.803732793820178 0.6827036130114048 0.8515714403583619
0 0.6975253194283325 0.8551267679949411 0.6848487546875002 0.8522917382812499 0.6834546031553917 0.8585255537753007 0.6961311678962241 0.861360583488992
0 0.7082356912901996 0.8733850618731319 0.6993408358214495 0.8592167907793818 0.6926116640624999 0.8634413718750003 0.70150651953125 0.8776096429687502
0 0.7157201794080262 0.8882037679198971 0.7114227653455262 0.8820668866698972 0.70803009140625 0.8844426414062501 0.71232750546875 0.89057952265625
0 0.7832339765624998 0.9723020828125 0.7192319985649525 0.8897776161294448 0.7102949003024919 0.89670879653383 0.7742968783000392 0.9792332632168851
0 0.60996320625 0.37228601406250006 0.6059596950908237 0.3369568868483232 0.6003765296875001 0.33758957343750007 0.6043800408466764 0.37291870065167687
0 0.6117231835937501 0.43219608515625013 0.6047667464261363 0.43164533715005576 0.6024270956448863 0.4611972074625557 0.6093835328125001 0.4617479554687501
0 0.6170527767035945 0.5033699151179726 0.6081133926237304 0.5033387414928743 0.6078890786608426 0.5676632678324205 0.6168284627407068 0.5676944414575187
0 0.6189899209350277 0.7135285492642999 0.6169389781250001 0.59444958671875 0.6061456574400341 0.5946354842356745 0.6081966002500618 0.7137144467812243
0 0.6123840599712617 0.7600371347917869 0.6032599124303812 0.759567402151906 0.5981408984890608 0.8589997909172971 0.6072650460299414 0.8594695235571779
0 0.6769195400427519 0.4229736540651001 0.6672240015053691 0.36616650091582503 0.6599996761152438 0.36739950981247743 0.6696952146526265 0.4242066629617526
0 0.70939133046875 0.5553886054687501 0.7066848860315599 0.5460041300237816 0.7020888617187498 0.5473296046875001 0.70479530615594 0.5567140801324687
0 0.7246000392347226 0.6314026259028578 0.7185395142297062 0.6011247877800425 0.7135856609374999 0.60211636953125 0.7196461859425163 0.6323942076540654
0 0.7353954104836393 0.6833419574955215 0.731513621875 0.6660772796875001 0.7260090754538606 0.6673149214107287 0.7298908640624999 0.6845795992187501
0 0.7656416753604918 0.8869643348174415 0.7564309515625001 0.799330146875 0.7503818775714548 0.7999659301357719 0.7595926013694465 0.8876001180782135
0 0.766136440625 0.9102999593750001 0.765980046875 0.89911383125 0.7613460423257875 0.8991786194717036 0.7615024360757874 0.9103647475967037
0 0.6488835898437502 0.3107365375 0.6393017843750001 0.2788149999999999 0.6343204052548488 0.28031024770526425 0.6439022107235988 0.31223178520526434
0 0.72426732890625 0.28034523437500003 0.7050834773373913 0.2800859766764665 0.7031289845965056 0.42470925631540146 0.7223128361653643 0.42496851401393493
0 0.6937717976562501 0.52121613359375 0.6725261025418816 0.5196325639929885 0.6419587268366392 0.9297346172072206 0.6632044219510076 0.9313181868079822