1 0.4316638690838942 0.19635335384933778 0.36057797569497274 0.14987411539764064 0.3229752610023608 0.20738414905602212 0.3940611543912822 0.25386338750771925
1 0.5348161161772294 0.2533456618684765 0.5215448496852032 0.19923972976984233 0.45774446877064784 0.2148888799566704 0.4710157352626741 0.26899481205530457
1 0.5993235909861367 0.21327209413553178 0.5694315923267196 0.16736652369416963 0.5059470000256205 0.20870532701831324 0.5358389986850376 0.25461089745967536
1 0.6664595856460116 0.2073472688503358 0.6377567957108532 0.15472548671287586 0.5634004661189452 0.19528348421761327 0.5921032560541037 0.2479052663550732
1 0.7588834271700957 0.19587093229850014 0.6947642123730638 0.16799301389725405 0.6693158152792538 0.22652432947156315 0.7334350300762857 0.2544022478728093
1 0.8207553071319296 0.21501777583079465 0.7606533363624057 0.17811305689618356 0.7309185224209365 0.22653832526129153 0.7910204931904603 0.2634430441959026
1 0.8791838014872194 0.27596330930668245 0.8108673753985378 0.2269156138983214 0.7762469827524762 0.27513687028303285 0.8445634088411579 0.32418456569139387
1 0.8551504009547365 0.3920746081602904 0.8502101896664962 0.3146779244538286 0.7929666377873835 0.3183317662934184 0.797906849075624 0.3957284499998802
1 0.9509856634006709 0.3980817647125688 0.8952780315182967 0.3517630604257812 0.8537827735587398 0.40166952026461 0.909490405441114 0.44798822455139764
1 0.9962257267829437 0.4686005092280078 0.9680702564102583 0.4002229351356733 0.9124437454063026 0.4231279680108204 0.940599215778988 0.4915055421031549
0 0.3681921597078961 0.22419496366085995 0.3626218424740715 0.2218076428943137 0.3390627812036754 0.27677781985845373 0.3446330984375 0.2791651406250001
0 0.3465946407421957 0.28462758399862903 0.33788456206102013 0.28178330565997284 0.32891197187500004 0.30926021093750006 0.3376220505561756 0.31210448927615625
0 0.3321199767006576 0.3189336607260903 0.3277745736371457 0.3173349281773036 0.313898610998988 0.3550502112012134 0.31824401406249997 0.35664894375000006
0 0.30858661953125005 0.3868563382812501 0.30284660307814504 0.38449669136976794 0.2864217998829714 0.42445124563826786 0.29216181633607646 0.42681089254974997
0 0.28084964765625003 0.47882570390625007 0.2727800535951801 0.4764472881846259 0.25255140859375 0.5450799296875001 0.26062100265482 0.5474583454091243
0 0.2511394030709836 0.5613155461560512 0.24274204343739073 0.5581549672585745 0.2060837089909246 0.6555526997313414 0.21448106862451746 0.6587132786288181
0 0.20549964765625015 0.6682672539062502 0.19986173894583398 0.6659998771416638 0.17748182317477412 0.7216482916595985 0.18311973188519032 0.723915668424185
0 0.18461302812500005 0.7199232390625001 0.1779965703786452 0.7177744034651493 0.1376463582641322 0.8420163295767953 0.14426281601048707 0.8441651651741461
0 0.50609753515625 0.2884461265625 0.50247570390625 0.261939084375 0.4967238290592171 0.2627250008088184 0.5003456603092171 0.2892320429963184
0 0.5116103055723935 0.3166594380656515 0.5036093041905507 0.316588568614727 0.5033648439306573 0.34418758133032556 0.5113658453125 0.34425845078125006
0 0.5215173808141318 0.40419448926504187 0.5173264085937499 0.38928028203125 0.5136439342212871 0.39031507707971175 0.5178349064416689 0.4052292843135037
0 0.5485718312500001 0.54066161953125 0.540416356128627 0.5070475622853812 0.5347288734374999 0.50842746484375 0.5428843485588729 0.5420415220896188
0 0.533839084375 0.5082299296875001 0.526926123806131 0.5036778174105135 0.492418025368631 0.5560827470980135 0.4993309859375 0.5606348593750001
0 0.5635021124999999 0.6435929578125001 0.5540563924366214 0.563587418082872 0.5451521332314888 0.5646386845340162 0.5545978532948673 0.6446442242636443
0 0.5978126757812501 0.5715112679687502 0.5925811119896418 0.569256817823779 0.5810708946660644 0.5959668501205193 0.5863024584576728 0.5982213002654906
0 0.6056213795404467 0.6162189944274326 0.6015178832923971 0.6063643470382214 0.5589313631269504 0.6240974651107889 0.563034859375 0.6339521125
0 0.5780859173474473 0.7102496278229276 0.5639194394969747 0.6438753766890408 0.5560813353773847 0.6455482893999637 0.5702478132278574 0.7119225405338504
0 0.6148625499045787 0.9194731462448198 0.5847367829904073 0.7547335582709547 0.5755290511843257 0.7564173671575121 0.6056548180984971 0.9211569551313772
0 0.4266190140625 0.6777299296875001 0.42186115597353807 0.6744970932025813 0.40985822406322736 0.6921621520285199 0.4146160821521893 0.6953949885134387
0 0.5134933101562501 0.6577732390625 0.5086716533965278 0.6471578028012857 0.3110804830119152 0.7369060504382999 0.3159021397716375 0.7475214866995143
0 0.4688401959059906 0.6804649035558388 0.46400970044736134 0.6764504109774523 0.44369943422887087 0.7008890285153637 0.44852992968750005 0.7049035210937501
0 0.4219932948170434 0.7403638328754031 0.41478627158477466 0.7343169726929416 0.36190856120694376 0.7973399095003002 0.3691155844392125 0.8033867696827617
0 0.4113739320362633 0.705603316182452 0.40984683125000004 0.7024267609375002 0.40306373203125007 0.7056876757812501 0.4045908328175133 0.708864231026202
0 0.4022332872786669 0.7136088800491944 0.39719401406250004 0.7106443664062498 0.39371988147133324 0.7165499230758055 0.3987591546875001 0.71951443671875
0 0.3971168319285947 0.7227958400773261 0.3907501635621593 0.7190819635106505 0.37373739119518773 0.7482468206914371 0.38010405956162313 0.7519606972581127
0 0.36588802812500004 0.77377816875 0.36021954778596005 0.7706190270747731 0.34099893301616224 0.8051067734715953 0.34666741335520224 0.8082659151468222
0 0.4783216410807311 0.7984151931009604 0.47273378991931797 0.7951689312409782 0.4459983994803654 0.8411890580695477 0.45158625064177843 0.84443531992953
0 0.4915475494450995 0.8150015960539132 0.4842501468455039 0.8087150114875499 0.41378466672120845 0.8905106148732298 0.42108206932080405 0.8967971994395931
0 0.55039753515625 0.7546401406250001 0.5449075142320605 0.7496076310683434 0.5288096356744101 0.7671689867143868 0.5342996565985996 0.7722014962710435
0 0.61910017578125 0.69215510546875 0.61296056328125 0.6860154929687502 0.5817957746093751 0.7171802816406252 0.587935387109375 0.723319894140625
0 0.6583809058817435 0.9076561589748519 0.6423484121037609 0.6374808516575856 0.6296933797025992 0.63823181491269 0.6457258734805817 0.9084071222299561
0 0.7071901864681269 0.8951357365845827 0.6874462459531386 0.6679964286374687 0.6723485009255832 0.6693087905638505 0.6920924414405715 0.8964480985109645
0 0.6835538734375001 0.6455651406250001 0.6816832820799102 0.6295328782133183 0.675838080258806 0.6302148770310246 0.6777086716163958 0.6462471394427065
0 0.6793235914062501 0.6094471828125 0.6697019936072522 0.5251911296559075 0.6609761823350913 0.5261875713759423 0.670597780134089 0.6104436245325349
0 0.6368401583118872 0.6338802767191876 0.6319780568718975 0.60106782789401 0.625489513574065 0.6020292909009288 0.6303516150140547 0.6348417397261065
0 0.618593456302117 0.5266934711737197 0.5919363083054777 0.3900623621915765 0.5838012069071092 0.39164954540014074 0.6104583549037486 0.528280654382284
0 0.5935356290809473 0.38308936977612457 0.58192147890625 0.35275598593750007 0.5751270467003028 0.3553574614738756 0.586741196875 0.3856908453125001
0 0.5847057603211314 0.3266135325049766 0.5725164605390167 0.2930322761789526 0.5626173900616352 0.296625433517726 0.5748066898437499 0.33020668984375
0 0.5682488591789256 0.26770077749213234 0.5616361843997648 0.23628999460829342 0.5566874792179225 0.2373318081175743 0.5633001539970832 0.2687425910014132
0 0.6271095808911407 0.23602927540153687 0.61938943671875 0.2335855632812501 0.6150911237963594 0.2471647386609633 0.6228112679687501 0.24960845078125007
0 0.6458340965669488 0.35342552360842383 0.6380227366453696 0.290935928187968 0.6317470442091722 0.2917204058605538 0.6395584041307514 0.35421000128100966
0 0.660408295689795 0.4704583577847332 0.652436971875 0.43762852109374994 0.6463850144664549 0.4390979804965166 0.65435633828125 0.4719278171875
0 0.7621043885402538 0.24977701903541663 0.7566911585731763 0.2469472154408039 0.7387483258999381 0.28127068570069735 0.7441615558670155 0.2841004892953101
0 0.8006855632812497 0.36697605625000007 0.7982290965918934 0.36236091097565726 0.78977394375 0.36686126796875007 0.7922304104393562 0.37147641324309283
0 0.76484929609375 0.3778876757812501 0.7628439980100359 0.37048978019953294 0.7107157492499022 0.38461983599599603 0.7127210473336163 0.3920177315777132
0 0.6380443664062498 0.407061971875 0.6367761045730804 0.40296438328603806 0.6224235914062499 0.40740668984375006 0.6236918532394192 0.411504278432712
0 0.62609894375 0.41119683125 0.6253641052225196 0.4070490657454334 0.5961206589320409 0.41222997845298276 0.5968554974595212 0.4163777439575494
0 0.5193645537341235 0.43164749496178506 0.5179180899947539 0.42306730003371673 0.3850926206356305 0.44545924179068164 0.38653908437500006 0.4540394367187501
0 0.3669479562452363 0.4580871718050103 0.3642185840357953 0.44838742916100627 0.12790604813251372 0.5148824787627221 0.1306354203419546 0.5245822214067261
0 0.8515052820312498 0.49078591562499996 0.8481230237580932 0.48621271599723015 0.8354210214755673 0.4956068942099745 0.8388032797487238 0.5001800938377444
0 0.825857981725943 0.5093124372862468 0.8235686629916195 0.5047005564932832 0.8032017909834288 0.514810588330849 0.8054911097177524 0.5194224691238127
0 0.8002413404602929 0.5245784283830632 0.7964475646474319 0.5159656275260378 0.7182717093342127 0.5504006126093273 0.7220654851470737 0.5590134134663527
0 0.9332978874999999 0.4593320421875001 0.9300887135794949 0.4497536552499438 0.894875685454495 0.4615515427499438 0.8980848593749998 0.47112992968750006
0 0.7450008404972602 0.5688912977205065 0.7404966159650139 0.5653238175589378 0.7269066910927535 0.5824821674946813 0.7314109156249999 0.5860496476562501
0 0.568290140625 0.5601961265625002 0.5637307542414921 0.556867227359638 0.5515004729914921 0.573618283609638 0.556059859375 0.5769471828125001
0 0.5533986990143968 0.5800668011827639 0.5487739987859699 0.5765465343333579 0.5284869193028232 0.6031983948693441 0.53311161953125 0.6067186617187501
0 0.5450553212337443 0.6739266765009728 0.5400968312500001 0.6716771125000001 0.5332809348685589 0.6867007143726305 0.5382394248523031 0.6889502783736031
0 0.7444590928984395 0.3672287799679055 0.7410179578125 0.3635415492187501 0.7341510367217634 0.36995015359023525 0.737592171807703 0.37363738433939064
0 0.7198908453124999 0.39034260546875005 0.7175227790182417 0.38820918891244316 0.7089058357261442 0.3977738906155529 0.7112739020204024 0.39990730717185974
0 0.6044869225187899 0.3963191684242347 0.6011680213180111 0.3934749374260132 0.5934271104496703 0.4025077193597316 0.5967460116504492 0.40535195035795313