1 0.633306243140562 0.2554169001478145 0.5525378069961528 0.22868976064027766 0.5324707583283995 0.28933164633369934 0.6132391944728088 0.31605878584123615
1 0.695763784144774 0.1881537003352587 0.6667852090702322 0.14903596973130565 0.5938010011864894 0.2031029699064454 0.6227795762610311 0.24222070051039846
1 0.6855491578661891 0.3129016037290574 0.6198605815527789 0.28210026083392653 0.5921641709064893 0.3411670940736535 0.6578527472198995 0.37196843696878434
1 0.7313873429665639 0.3105184016073274 0.7033187727365431 0.23852906224937082 0.6702125613746219 0.25143714040301884 0.6982811316046428 0.3234264797609755
1 0.678752191584872 0.30697635051369937 0.6596959529163333 0.26350098144027356 0.6395693630965859 0.2723229214804174 0.6586256017651246 0.31579829055384323
1 0.6494184844662179 0.2678382326361392 0.6423253413658145 0.26531734933404255 0.6359697166425955 0.2832005078351755 0.6430628597429988 0.28572139113727213
1 0.8186952350067708 0.2931608508308128 0.7348520553521267 0.27530026620348536 0.7203661935498102 0.3433014396749104 0.8042093732044544 0.36116202430223787
1 0.5409637229108384 0.3749529913944224 0.4969524589903601 0.36820389031415035 0.4914911872875282 0.40381714716065886 0.5355024512080064 0.41056624824093096
1 0.563579360909689 0.3751274490106532 0.5482018914160852 0.37323933943355947 0.544211112186294 0.40574173580203976 0.5595885816798978 0.4076298453791334
0 0.66065559921875 0.2062283476562501 0.6552742501437967 0.20568027623241844 0.6461716424699648 0.29505605328494583 0.6515529915449181 0.2956041247087775
0 0.5787861162924781 0.2956101752059307 0.5730792229211872 0.2936317876537612 0.5581551620475347 0.3366820100326841 0.5638620554188256 0.3386603975848536
0 0.5495507258439425 0.3712073960745891 0.5409952660102955 0.3693451603808028 0.5188052356556453 0.4712903191166606 0.5273606954892924 0.4731525548104468
0 0.5259872009605759 0.4569841170753075 0.5220489505268293 0.40301870669608764 0.5172317593750001 0.4033702523437501 0.5211700098087466 0.45733566272297
0 0.520395815625 0.48464830781250007 0.5149993553323169 0.4830530045832201 0.5120728522073168 0.4929525381769701 0.5174693125000001 0.49454784140625013
0 0.4958609757812501 0.5607242656250001 0.4905190071634319 0.5594417583749449 0.481440437632182 0.5972563075936949 0.48678240625000013 0.59853881484375
0 0.48648044821239333 0.6266048543022192 0.47840856996796355 0.623985714228317 0.4698301865993203 0.6504232716448477 0.4779020648437501 0.6530424117187501
0 0.4670562589361243 0.7172456305078452 0.455442269950466 0.7152331350441158 0.414907445425572 0.949157143347381 0.42652143441123036 0.9511696388111105
0 0.6264832202588112 0.35181891018061284 0.619567845209011 0.3464916069759611 0.5993491983876996 0.37273744288909827 0.6062645734374998 0.37806474609374996
0 0.5955486453125001 0.3962595656250002 0.5848196047781202 0.3896978227140441 0.5202942736766364 0.49520254947287334 0.5310233142110162 0.5017642923838295
0 0.5231136147020428 0.5159582094335972 0.515877659375 0.5110472742187501 0.4681815474485952 0.5813245065735348 0.47541750277563805 0.5862354417883819
0 0.47702085563138574 0.5960999264099895 0.46626806953125 0.5891153359375 0.3883441693686142 0.7090792814025104 0.39909695546874996 0.716063871875
0 0.3834210415807193 0.7481233168303991 0.3702423722163078 0.7420995465079593 0.30803661675168154 0.8781919006234314 0.32121528611609307 0.8842156709458713
0 0.31152727880272824 0.9142294333762845 0.30376502597050964 0.9124859061746425 0.29735865396272804 0.9410073305692958 0.30512090679494663 0.9427508577709377
0 0.5426128654226845 0.5921895528104726 0.5360474788117333 0.5225837670351524 0.5283454796875 0.52331023828125 0.5349108662984513 0.5929160240565702
0 0.579912978125 0.784831753125 0.5704284850443688 0.750131558910325 0.562573345893547 0.752278578966249 0.5720578389741782 0.7869787731809239
0 0.6084821114427031 0.8810583526951433 0.5942049880736198 0.8286652189881293 0.5846574421519604 0.8312669242374808 0.5989345655210437 0.8836600579444948
0 0.6125766171917114 0.8904584202942374 0.60086269453125 0.8848444453125002 0.5981019714138347 0.8906048730289671 0.609815894074296 0.8962188480107043
0 0.6189052608693251 0.9106580655843594 0.613425547588075 0.8948520187093594 0.60591851953125 0.8974545898437502 0.6113982328125 0.9132606367187501
0 0.6228644385394752 0.9267806114370757 0.6200576643207251 0.9198343106558257 0.616217515625 0.92138598984375 0.61902428984375 0.928332290625
0 0.6575839171875001 1 0.6263694771139271 0.9290170016093698 0.6166350185028494 0.9332976840523963 0.6478494585764224 1.0042806824430266
0 0.6399206753518499 0.3649714165755286 0.6343382820312499 0.36433194843750005 0.6302918590231499 0.39965618654947144 0.63587425234375 0.40029565468750006
0 0.6241122875000001 0.45906614296875004 0.6174580344112555 0.4569646527839913 0.6085306250362554 0.48523280356524123 0.6151848781250001 0.4873342937500002
0 0.6132946560502317 0.5296146902244564 0.6045913999077739 0.5275733915404469 0.589902964608514 0.5901988249191035 0.5986062207509717 0.592240123603113
0 0.59269530546875 0.6183343960937501 0.5821367993249811 0.6160875603325391 0.5573482389984913 0.7325758996321435 0.5679067451422604 0.7348227353933545
0 0.5510080355361578 0.7786533128033117 0.5422234071003323 0.7761431330791376 0.5148681729814493 0.8718755482505157 0.5236528014172748 0.8743857279746898
0 0.6918795603050648 0.40705152171532333 0.6856255086559074 0.40701844958318184 0.6853214188524426 0.46452285627560874 0.6915754705016 0.46455592840775023
0 0.6915649195312501 0.6010717999999999 0.6910388876237443 0.5913190295478787 0.6862624929687499 0.5915766523437501 0.6867885248762555 0.6013294227958713
0 0.6901902328552307 0.6476936600120335 0.6851402890625 0.647545453125 0.684234451951427 0.6784105943329791 0.6892843957441577 0.6785588012200128
0 0.6882206835937501 0.7138999632812502 0.6825788094726629 0.7138676308581287 0.6824774007812501 0.7315630281250001 0.6881192749023373 0.7315953605481216
0 0.6825240109374999 0.8493427468749999 0.6764869540912877 0.8486014894914303 0.6657482049440551 0.9360615816214459 0.6717852617902673 0.9368028390050155
0 0.66938191875 0.94871706171875 0.6648521097253647 0.9477377649262542 0.6624881628503647 0.9586723743012542 0.667017971875 0.95965167109375
0 0.6876427281249999 0.34907886875000005 0.6854872882812499 0.3158200406250001 0.6802972231461675 0.3161563986332188 0.6824526629899175 0.3494152267582188
0 0.7679309421875 0.3364241437500001 0.7492970904532235 0.33185610310575137 0.7148595339373596 0.47233303231506074 0.7334933856716361 0.4769010729593094
0 0.68403284765625 0.5642615351562501 0.6636879044002076 0.5579393109600261 0.5416510792297677 0.9506543122285759 0.5619960224858103 0.9569765364248