1 0.6043478653959029 0.16898674164811905 0.5530312915575079 0.1271126898669627 0.49820540181633355 0.1943017174266211 0.5495219756547286 0.23617576920777744
1 0.47703086101915215 0.2679179858336714 0.4767977800223274 0.2123943001152801 0.41070045295173163 0.21267176784246228 0.4109335339485563 0.26819545356085356
1 0.4270614970517316 0.21619209506660972 0.355773288300402 0.19342353823837316 0.33890569799004405 0.24623585780029922 0.41019390674137357 0.2690044146285358
1 0.37266341558074834 0.22390647645454656 0.2932866556088468 0.1919932100402654 0.27116857504269615 0.24700674420337645 0.3505453350145976 0.27892001061765764
1 0.2734893181840376 0.27155809094298555 0.23549606134957143 0.22031098006786998 0.17931571794721435 0.2619616054296737 0.2173089747816805 0.3132087163047893
1 0.21308747044792326 0.2839581359780374 0.1724778706273515 0.2446401017810466 0.12319172516233523 0.2955452572627513 0.163801324982907 0.33486329145974214
1 0.17996043628167538 0.34175431205679374 0.1345162140654053 0.30344589961053087 0.08018544424579174 0.36789700627873223 0.12562966646206183 0.40620541872499505
1 0.1825337246956576 0.46831005913733154 0.17596011369864822 0.3900457140581563 0.11960486751486361 0.3947791270277292 0.12617847851187297 0.47304347210690445
1 0.12722753156028843 0.47237075547861485 0.07433402084428634 0.44356624197242045 0.03709071487826883 0.5119558435808373 0.08998422559427093 0.5407603570870316
1 0.08055998756260628 0.5175336978138942 0.021136065637942014 0.5081764061048224 0.009625406343739295 0.5812753903479848 0.06904932826840357 0.5906326820570567
0 0.6062733969515385 0.24662262948625893 0.5715383892457353 0.19786537384449873 0.5663672046566844 0.20154936167737772 0.6011022123624875 0.2503066173191379
0 0.6237959367187499 0.2756624273437501 0.6074137364607058 0.25150787363883764 0.6003600705175544 0.25629183981953146 0.6167422707755984 0.28044639352444395
0 0.6484841619645716 0.31718672496509465 0.6272896707916568 0.2829610465638476 0.6231175103813944 0.2855446861326711 0.6443120015543092 0.31977036453391816
0 0.6911165068959974 0.3782985990795972 0.6643737167280582 0.34410270263864245 0.6595217535968599 0.3478971647064598 0.686264543764799 0.38209306114741454
0 0.7512472781249999 0.48826071249999997 0.7130263081836552 0.4273976358622301 0.7069918013388737 0.43118720282904527 0.7452127712802186 0.4920502794668152
0 0.8209248096088857 0.5857972771219659 0.7641917746168121 0.4985649943817229 0.7562677767355854 0.5037185044693977 0.8130008117276593 0.5909507872096407
0 0.8635363562431454 0.6438448762339619 0.8300939072883258 0.5941469088059272 0.8248042234374999 0.5977064101562499 0.8582466723923196 0.6474043775842846
0 0.9286070783058153 0.7526450596653139 0.8635764214897582 0.6394334754089243 0.8567755890625 0.6433399890625001 0.9218062458785571 0.7565515733188898
0 0.452263045289539 0.2945989531222475 0.4493218504370791 0.26801268414986423 0.44352828249129006 0.2686536169651168 0.44646947734375 0.29523988593750006
0 0.4622520553856691 0.348158764622941 0.4540856328125 0.32237490937499996 0.4457248125830808 0.325023000220809 0.4538912351562499 0.35080685546875
0 0.46148166682350256 0.4114656689915964 0.46064501348465103 0.39588492145693743 0.45696368346958394 0.3960826011280616 0.45780033680843546 0.41166334866272064
0 0.46805699218750013 0.51602376640625 0.4622224847819484 0.5159306643963959 0.46167016541049444 0.5505433593105519 0.4675046728160462 0.550636461320406
0 0.5197658687579579 0.5533136815598946 0.474833994006994 0.5095216903436361 0.468879540625 0.51563113515625 0.513811415375964 0.5594231263725085
0 0.48201606612338976 0.6520749435718255 0.46761760546874986 0.5734605531249999 0.45602836903286015 0.5755831564281744 0.4704268296875 0.654197546875
0 0.4429139522252566 0.6112672292188288 0.42481190230600346 0.5884793085248405 0.42020837784232484 0.5921362121434316 0.43831042776157797 0.61492413283742
0 0.4704696217438194 0.6376486447388402 0.4254713288623117 0.6264391409107374 0.4232447195108415 0.6353774151882277 0.4682430123923492 0.6465869190163305
0 0.4793034788777043 0.7221713254874578 0.4762228520020864 0.6542954437053223 0.46878252742888404 0.6546331316033167 0.471863154304502 0.7225090133854521
0 0.4917996088275638 0.9340205252023448 0.48112707317887027 0.7669281148638148 0.47256639079428464 0.7674749032412256 0.4832389264429781 0.9345673135797554
0 0.6310421414062499 0.66697725234375 0.6153959563584903 0.6524506574940451 0.6114807710937499 0.65666759296875 0.6271269561415096 0.6711941878184551
0 0.7375462099686532 0.6863174319157195 0.5240075290636218 0.6475909097137497 0.5218167253144499 0.6596710376498492 0.7353554062194811 0.6983975598518191
0 0.6000438341885325 0.6830566275494079 0.5747137715459256 0.6638725824012033 0.5709140959511434 0.6688895650080456 0.5962441585937501 0.6880736101562502
0 0.7019888668508034 0.757317965275111 0.634024371893924 0.7109491898961073 0.629067604025017 0.718214514935968 0.6970320989818967 0.7645832903149715
0 0.6407934467679879 0.6786851615542167 0.6363833662992381 0.6740806803042168 0.6333786625000001 0.6769585257812503 0.6377887429687499 0.6815630070312502
0 0.652163323551484 0.6876954828234318 0.6475557476562499 0.6821192500000002 0.6432835413391873 0.6856493240606183 0.6478911172344215 0.69122555688405
0 0.6793754996371442 0.7124906224954801 0.655007473792931 0.6895623834727206 0.6492450331341364 0.6956866786163584 0.6736130589783496 0.7186149176391179
0 0.7234409081370659 0.761653781199855 0.6971300847756023 0.7322378503602083 0.692261378125 0.7365926226562501 0.7185722014864636 0.7660085534958969
0 0.629362265024232 0.8202497174070125 0.5923152138437986 0.7819736049051895 0.5878684889924456 0.7862775436384017 0.624915540172879 0.8245536561402247
0 0.6719014774368268 0.8609757171093516 0.58435196533668 0.7978287040374398 0.5788869008786499 0.805405685174323 0.6664364129787967 0.8685526982462347
0 0.53132581796875 0.767825315625 0.5137768416677784 0.7528756948683951 0.50817571875 0.759450709375 0.5257246950509716 0.7744003301316049
0 0.4691610295626731 0.72997122625534 0.431552509505864 0.7069360497821024 0.42714034721241523 0.7141395932105563 0.4647488672692243 0.7371747696837939
0 0.4498913263164158 0.9307189978771684 0.4040298953404555 0.6639739120406871 0.3919616227767621 0.6660488078065951 0.4378230537527224 0.9327938936430764
0 0.40202600497640467 0.9293878149650769 0.3619708412919382 0.7047183815984215 0.35106900850011236 0.7066620135842849 0.3911241721845788 0.9313314469509406
0 0.35975417044682245 0.6823984555141533 0.35777240808100136 0.6664173555389369 0.3519138696654288 0.6671438531497837 0.35389563203124996 0.6831249531250001
0 0.35899673904173324 0.6456363519271029 0.34661462271999166 0.561808100207039 0.3375106032095085 0.563152838123686 0.34989271953125006 0.6469810898437501
0 0.4034768657814632 0.6606112461382037 0.4003869474501272 0.6276236144960926 0.3937847197081378 0.6282420385390476 0.39687463803947376 0.6612296701811586
0 0.39632633974104803 0.5525705873053735 0.3949078023386938 0.41346347368686065 0.3858454328125 0.41355588671875 0.3872639702148542 0.5526630003372628
0 0.39086601541237226 0.37508476585813905 0.3841828187884411 0.3748627217152719 0.3830848127510689 0.40791106132588284 0.38976800937500006 0.40813310546875003
0 0.38891541640625 0.35138632500000005 0.38660693437500004 0.3151154367187501 0.3789453007109612 0.3156030659024168 0.3812537827422112 0.3518739541836668
0 0.38615543984375 0.28891195703125 0.38591293242621166 0.25686534452293747 0.3808042692839447 0.2569040034827693 0.381046776701483 0.28895061599108185
0 0.3240105335937499 0.28365249453124997 0.32374029843749996 0.26727052734374995 0.317727603361218 0.26736971211044036 0.317997838517468 0.2837516792979404
0 0.33205624230915143 0.3891757127727792 0.3236188268277613 0.326730610873209 0.31661739327409444 0.32767662588576574 0.32505480875548465 0.390121727785336
0 0.3432924656090829 0.47351925713156373 0.33720817818564613 0.4735179040363314 0.3372006500765633 0.5073685734672677 0.34328493750000005 0.5073699265625
0 0.21785009968372693 0.3409191325978441 0.19301377857297125 0.3111669718727742 0.18839184916079613 0.3150252369612423 0.21322817027155186 0.34477739768631216
0 0.18770324531250004 0.43545855937500005 0.1777336527697504 0.43391463784510587 0.17696330976023494 0.43888898775494284 0.1869329023029846 0.440432909284837
0 0.26854967207625496 0.4410059619109913 0.26824497310360645 0.43295107652806186 0.21425755778973113 0.43499330421971194 0.21456225676237964 0.4430481896026414
0 0.3601431517860663 0.44083406550921794 0.35988515468750004 0.43731916640624996 0.3444371535072732 0.4384530650947734 0.3446951506058395 0.44196796419774137
0 0.3868159881578088 0.44030872296624857 0.3865989484935388 0.4361019613767689 0.35693955799197996 0.43763217981677044 0.35715659765624996 0.44183894140625013
0 0.6002140421875 0.4296942500000001 0.5996933092740243 0.42100858180149875 0.46523505782388846 0.4290697735737735 0.46575579073736406 0.4377554417722749
0 0.8658967400225649 0.43117146517081817 0.6207081873821286 0.41913065588656695 0.6202254186257574 0.4289613383465468 0.8654139712661939 0.4410021476307981
0 0.17182288906250004 0.5720120570312501 0.15815230748078535 0.5648785672154439 0.15543105781250005 0.5700935554687501 0.16910163939421471 0.5772270452845563
0 0.20789884493018476 0.582526045588134 0.1857511281250001 0.5774958421875 0.18460241148973872 0.5825535801557037 0.2067501282949234 0.5875837835563378
0 0.2986985190274715 0.597567332236412 0.21453301376251446 0.5830591456887578 0.2128399975479313 0.5928807429403591 0.29700550281288834 0.6073889294880133
0 0.10689782388367637 0.5561420679197162 0.07115392520248084 0.5475122710040662 0.06865920937500006 0.55784517578125 0.10440310805619557 0.5664749726969002
0 0.2974342861925523 0.6313799302173251 0.2802659062500001 0.61786977734375 0.27670870990119784 0.6223901775951749 0.29387708984375005 0.6359003304687499
0 0.4660334951797519 0.5842767172411729 0.4514960984648688 0.5695716948092673 0.44700131328125003 0.57401524296875 0.4615387099961331 0.5887202654006555
0 0.4955200963346698 0.6067489225227276 0.4695079677838073 0.5857717001418387 0.46573137613663756 0.5904547409003611 0.4917435046875 0.6114319632812502
0 0.5091687926960626 0.6897195778502483 0.4995497953125 0.6762968640625 0.49514345850116176 0.6794545371627077 0.5047624558847245 0.6928772509504559
0 0.24257910781249997 0.4259840203125 0.23446284453125005 0.42125621406249997 0.23193423950876957 0.42559709078449826 0.2400505027900195 0.4303248970344982
0 0.27345032061922525 0.4473711818918071 0.26279305820367393 0.44010235839193534 0.26099608695814513 0.44273700677996386 0.27165334937369645 0.45000583027983554
0 0.3870110587560478 0.42592813808565355 0.377299109375 0.41918390468750005 0.37479017623762795 0.42279686263128385 0.38450212561867575 0.4295410960294374