1 0.44348180185885705 0.19999629489036902 0.3770981774705706 0.1440216109633681 0.33437918208529627 0.19468454543566166 0.4007628064735827 0.25065922936266255
1 0.5434030192878908 0.2547109822352344 0.5320281074328517 0.20017484932191404 0.4677204443685469 0.2135878648747891 0.47909535622358607 0.26812399778810947
1 0.6092697453493822 0.21691310410565695 0.5809980371156817 0.16999228239722353 0.5161094146971402 0.2090903231797026 0.5443811229308407 0.25601114488813603
1 0.6765716162423526 0.2133348996474648 0.6497227842395499 0.1597434610818989 0.5739962971150818 0.1976817546860124 0.6008451291178846 0.2512731932515783
1 0.769339673094993 0.20509109996664593 0.7062324432576175 0.17499243666651182 0.678756835800089 0.23259996087626744 0.7418640656374647 0.26269862417640155
1 0.830505647678858 0.22638557882611915 0.7717282462438471 0.18740581205530238 0.7403215281825032 0.23476385003694258 0.7990989296175143 0.2737436168077593
1 0.8867715805974085 0.28933311057334327 0.8202085116169208 0.2379310842384724 0.783926310715332 0.2849147308683332 0.8504893796958196 0.33631675720320403
1 0.8587005951192292 0.4045349234219767 0.8564644980067959 0.3270129770785418 0.7991283005471893 0.3286668223652604 0.8013643976596228 0.40618876870869525
1 0.954267830486768 0.41388302354110174 0.9002106339389886 0.36564836664944544 0.8569989434813767 0.4140762605075025 0.911056140029156 0.46231091739915886
1 0.9970192653119921 0.4859376656092083 0.9712672904754033 0.4166191330135808 0.9148752915710467 0.4375688744808654 0.9406272664076358 0.5068874070764928
0 0.3778979101602434 0.21976294923494355 0.3724143022511105 0.21718268144053599 0.34695116162211725 0.2712971728305925 0.3524347695312501 0.2738774406250001
0 0.35311400481727473 0.27886360110182673 0.3435449492601962 0.2761044451496056 0.3356729164062501 0.30340551875000005 0.3452419719633285 0.30616467470222125
0 0.3385413683610653 0.31318503324420927 0.334254407357857 0.3114356222726557 0.3190706538405417 0.3486436655909465 0.32335761484375 0.3503930765625
0 0.31265188046875 0.38024503203125004 0.3069977108200693 0.37768649868033 0.28918851917832605 0.41704349623991754 0.29484268882700676 0.4196020295908376
0 0.2827295539969213 0.4715530921199759 0.2754293665977087 0.46892465966935254 0.25112888046875004 0.5364166367187501 0.2584290678679626 0.5390450691693734
0 0.24915112075475615 0.5525930850709038 0.24086917909863156 0.5491413677819631 0.20083404336775912 0.6452004104447153 0.20911598502388368 0.6486521277336561
0 0.19980660703125003 0.6578868359375 0.1942512634034097 0.6554240803106455 0.16994287859996593 0.7102575478087512 0.17549822222780626 0.7127203034356057
0 0.17712994296875006 0.7087824210937501 0.1705925088765175 0.706403983401924 0.12593089657912052 0.829162022366107 0.13246833067135308 0.8315404600579331
0 0.51347694453125 0.28878780000000004 0.5107824015625 0.2621705054687499 0.505006602055189 0.26275520576325445 0.507701145023939 0.28937250029450456
0 0.5180017258706491 0.31717631802318313 0.5100080715626018 0.3168262609766113 0.5088005691294527 0.3443999296721783 0.5167942234375 0.3447499867187501
0 0.5248478366269743 0.40500379726326025 0.5211799164062499 0.3899524125 0.5174635717924976 0.39085806043674237 0.521131492013222 0.40590944520000266
0 0.5471231726562501 0.54233198203125 0.5401457796810163 0.5084537798137977 0.534413603125 0.5096343515624999 0.5413909961002338 0.5435125537799522
0 0.53353125 0.50940588359375 0.5267813669049153 0.5046152853690671 0.4904653840924153 0.555783975994067 0.49721526718750003 0.5605745742187501
0 0.5584521070312499 0.6457216765624999 0.5518042941201764 0.56543522293904 0.5428687705468441 0.5661750948140215 0.5495165834579177 0.6464615484374814
0 0.59525738359375 0.5748813187500001 0.5901076857910622 0.5724456629556218 0.5776723137580313 0.5987377228525551 0.5828220115607191 0.6011733786469333
0 0.6015010535979342 0.6198343298661546 0.5977439792407122 0.6098424757482609 0.554564524861528 0.6260785435383565 0.55832159921875 0.6360703976562501
0 0.5707007430305551 0.7128467084611987 0.558859324011066 0.6460184878067661 0.5509676107198623 0.6474168354351735 0.5628090297393514 0.7142450560896061
0 0.6001531766675464 0.9232262595487049 0.5757950907880112 0.7575356526447764 0.5665342039752697 0.758897090571286 0.5908922898548049 0.9245876974752146
0 0.4204610304687499 0.6750607015625001 0.4158188953466869 0.6716637879861933 0.4032067741527398 0.6888991899011849 0.4078489092748029 0.6922961034774916
0 0.50797888359375 0.6581480375000002 0.5035306375282499 0.6473707947321445 0.3029276659381017 0.7301685379327527 0.30737591200360187 0.7409457807006083
0 0.4625610432759516 0.6792675079147248 0.45787359449964116 0.6750868791461182 0.43672280512993955 0.6988017907626436 0.44141025390625 0.7029824195312501
0 0.4147777407392964 0.7386486154752859 0.4084284829745573 0.7324441935706073 0.3509194515166711 0.7912957143305459 0.35726870928141025 0.7975001362352245
0 0.40425246818949134 0.7023850628874039 0.4028371578125 0.6991571476562501 0.39594438671875004 0.7021793492187501 0.3973596970957413 0.7054072644499039
0 0.39483800152384047 0.7100667450366874 0.38990525859375 0.7069281703125001 0.38622714144490966 0.7127088854320629 0.39115988437500004 0.7158474601562501
0 0.3894040431318996 0.7190695483370162 0.3831708656811276 0.7151357405772292 0.3651506178159461 0.7436890938444588 0.37138379526671805 0.7476229016042458
0 0.35641500546875005 0.7689309500000002 0.35086023058933324 0.7655759055936041 0.33044771926835786 0.7993718532404991 0.33600249414777467 0.8027268976468951
0 0.46792030667394435 0.7974768425953335 0.46244915200469183 0.7940375448910595 0.43412396902611333 0.8390965861360501 0.43959512369536585 0.8425358838403241
0 0.48122135372487157 0.8153259928920027 0.474326457043538 0.8087041673436625 0.3995777545837126 0.886535360080751 0.40647265126504617 0.8931571856290912
0 0.5414800218750001 0.7562438695312501 0.5361689769976896 0.7510228262282201 0.5194680219543656 0.7680116762685105 0.5247790668316761 0.7732327195715405
0 0.612885033483184 0.6975061575279377 0.6072196934827234 0.6900060287319678 0.5719589250232884 0.716640803605109 0.5776242650237491 0.7241409324010788
0 0.6440574349683779 0.9129352391228014 0.6374636818161029 0.6423649897912571 0.6247901447856197 0.6426738418359725 0.6313838979378946 0.9132440911675168
0 0.6891885901450867 0.6746980439030159 0.6746083272924113 0.6744712286576615 0.671059446619899 0.9026023357936918 0.6856397094725744 0.902829151039046
0 0.67836190703125 0.6518824039062501 0.6770519729153401 0.6357946255304127 0.6711865309236082 0.636272214318023 0.672496465039518 0.6523599926938604
0 0.6753947007812501 0.6156388132812501 0.6687194582005205 0.5310982978171849 0.659964186969507 0.5317896061089108 0.6666394295502366 0.6163301215729761
0 0.6320844445779052 0.6385743730537357 0.6283704436730012 0.6056122277535454 0.6218522985630675 0.6063466580103178 0.6255662994679714 0.6393088033105081
0 0.6175896238116747 0.5308160624147397 0.5957170714526857 0.3933378640681153 0.5875315334451068 0.39464016953043923 0.6094040858040958 0.5321183678770637
0 0.5975587715656332 0.38642493464331745 0.58701031640625 0.3557047015625 0.5801292331218668 0.3580674700441825 0.59067768828125 0.38878770312499994
0 0.5907052601363457 0.3296753431223316 0.5796953549531068 0.29568914360830445 0.569676915129261 0.29893463954847277 0.5806868203125 0.3329208390624999
0 0.5763144095515975 0.2702241391526674 0.5708019846526863 0.23860171091049248 0.5658199352483313 0.2394701822680318 0.5713323601472424 0.2710926105102067
0 0.636244594913469 0.24062613957116077 0.6286144374999999 0.23791448671875007 0.6238448363365309 0.25133538152258933 0.6314749937499999 0.25404703437500004
0 0.650860633631925 0.3586043497859841 0.6452348878812699 0.2958802081740434 0.6389356406304729 0.29644518941639736 0.644561386381128 0.35916933102833803
0 0.661341567407957 0.4760745226228604 0.6545208445312501 0.44298648984375005 0.6484212904045432 0.4442438437833897 0.65524201328125 0.47733187656250015
0 0.7707232184067958 0.2591359958761017 0.765393203680263 0.2560598362044736 0.746041378619801 0.2895904469555604 0.7513713933463337 0.29266660662718846
0 0.8051448625000003 0.3775508656250001 0.802850958961266 0.37285280280841987 0.7942438960937499 0.37705533750000003 0.7965377996324841 0.3817534003165803
0 0.768949615625 0.3872051703125 0.7672037219204209 0.37974179759083837 0.7146140964917205 0.392043996527743 0.7163599901962998 0.3995073692494046
0 0.6412037640625001 0.4119362664062501 0.640079278995062 0.40779691289206266 0.6255804742187501 0.41173561718749996 0.6267049592861882 0.4158749707016874
0 0.62912131328125 0.41565171718750005 0.6285316772672772 0.41148083301442256 0.5991252342394459 0.41563800859939015 0.5997148702534186 0.4198088927724676
0 0.5217382256902139 0.43236494697466493 0.5205920876230079 0.4237394979853746 0.3870660642765439 0.4414822564794596 0.3882122023437499 0.45010770546874995
0 0.3684917448607064 0.453469257305738 0.36610255104268424 0.44368016744785627 0.1276133261989728 0.5018875176646608 0.13000252001699497 0.5116766075225425
0 0.85161272109375 0.5030588859375001 0.8483921254048635 0.4983704330777112 0.8353700093795929 0.5073155951568402 0.8385906050684794 0.5120040480166291
0 0.8253344782523984 0.5206790444290647 0.8232075066131793 0.5159900770502184 0.8025002062359479 0.5253831559668812 0.8046271778751668 0.5300721233457276
0 0.7992006667193795 0.535041728052555 0.7957097843855052 0.5263017728260694 0.7163797882503699 0.5579874822923211 0.7198706705842441 0.5667274375188065
0 0.9344532257812499 0.47447869453124997 0.9315802875205307 0.46479414329110735 0.8959769695517809 0.4753559268848574 0.8988499078124998 0.485040478125
0 0.7424473211861473 0.5773997374632074 0.7380703435780243 0.5736772350775368 0.7238898794231268 0.5903508507393295 0.7282668570312498 0.5940733531250001
0 0.56614772578125 0.5625427484375001 0.5617072939947388 0.5590567569473828 0.5488998596197388 0.5753707780411328 0.55334029140625 0.5788567695312501
0 0.5505718793460147 0.581881614506468 0.5460728517304851 0.578202092139309 0.5248679934782204 0.6041297081015911 0.52936702109375 0.6078092304687501
0 0.5389579210643414 0.6753931329161359 0.5340809601562502 0.672971890625 0.5267449003237578 0.68774846922412 0.531621861231849 0.690169711515256
0 0.7489438239314037 0.37584116004193663 0.7456334671875 0.37203608125 0.7385470724020995 0.3782011296105031 0.7418574291460032 0.38200620840243976
0 0.72358388125 0.39808348593750004 0.7212917130513544 0.3958687248811209 0.7123462153416291 0.4051268727577192 0.7146383835402746 0.40734163381409827
0 0.6080416807735574 0.40002886875497945 0.6048240637648241 0.3970705425453362 0.5967726289826553 0.4058276679141904 0.5999902459913887 0.4087859941238336