1 0.6025054165796042 0.24099404052144974 0.5190817972720969 0.22430931814071764 0.5065547126613351 0.2869447467534211 0.5899783319688425 0.3036294691341532
1 0.6563000870246405 0.16662055110636306 0.6227702614871188 0.13132599799140313 0.5569191762585267 0.19388452910467283 0.5904490017960485 0.22917908221963276
1 0.6613645444850497 0.29168345405489576 0.5924118617884209 0.2691171213336998 0.5721203304911391 0.3311190219640131 0.641073013187768 0.35368535468520906
1 0.7065706131458904 0.2837317513315968 0.6699379793062124 0.21569970378792186 0.6386516382744445 0.23254619182672864 0.6752842721141226 0.3005782393704036
1 0.6538961341591486 0.2866307072012859 0.6296836231642697 0.2458017683934878 0.6107821778842035 0.25701076537029127 0.6349946888790823 0.2978397041780894
1 0.6190126564638008 0.25083207151994047 0.6114547328773049 0.24980144533379853 0.6088556692889153 0.26886124049680127 0.6164135928754113 0.26989186668294324
1 0.7979434521100626 0.26814708582522623 0.7157758442016322 0.23981342944320566 0.6929278113712568 0.30607272819987896 0.7750954192796872 0.33440638458189953
1 0.52541898889502 0.37089285105965497 0.4809132697492607 0.369557680166637 0.4798328694227075 0.4055710427631463 0.5243385885684668 0.40690621365616436
1 0.5478873242187501 0.3683098593750001 0.53239436640625 0.3683098593750001 0.53239436640625 0.40105633828125004 0.5478873242187501 0.40105633828125004
0 0.6255137473486787 0.2786579971071883 0.6236563382812501 0.18883908437500002 0.6182483078226573 0.18895091967232397 0.6201057168900859 0.27876983240451225
0 0.5532900030453973 0.2875320537637404 0.5473845428839955 0.28626390803787216 0.5378182256731157 0.3308120258352208 0.5437236858345175 0.33208017156108904
0 0.5334855124353943 0.36612868264184817 0.5247668742291274 0.365322976035646 0.5151662345430228 0.46921253499859156 0.5238848727492897 0.4700182416047937
0 0.5205511788497589 0.4541377080130077 0.5100655544365125 0.4010544997595044 0.5053271125000001 0.40199049296875 0.5158127369132466 0.4550737012222532
0 0.5183728875000001 0.4822771125000001 0.5128222330681488 0.4813513634057053 0.5111239932243988 0.49153375793695525 0.5166746476562502 0.49245950703124997
0 0.5032922539062501 0.5607760562500002 0.49783380488372797 0.5601541308003742 0.493431340039978 0.5987932151753743 0.4988897890625001 0.5994151406250001
0 0.5020104718162465 0.6273087798413197 0.49367956724439377 0.6256928768474593 0.48838705324064746 0.6529788149748899 0.4967179578125001 0.6545947179687502
0 0.493777399136031 0.7196411464503361 0.48200471726425115 0.7190590410116704 0.47028019831481294 0.9561793675418663 0.48205288018659276 0.9567614729805319
0 0.6074817017326514 0.337509002422259 0.5999686380723211 0.3330641803927884 0.5830992605584199 0.3615784170330295 0.5906123242187501 0.3660232390625001
0 0.58219366171875 0.38538838046875007 0.5707449188362429 0.38018308902246517 0.5195583410708289 0.49276505948829374 0.531007083953336 0.49797035093457875
0 0.5248861454869698 0.5130224182843247 0.5171056335937501 0.5090299296875 0.4783296818058343 0.584596020044461 0.486110193699054 0.5885885086412856
0 0.48890377313836053 0.5981840650055025 0.47737992968750004 0.5925619718750001 0.41465679014288953 0.7211282592132476 0.42618063359375 0.7267503523437501
0 0.4145286292866726 0.7604812442942157 0.4007140788141779 0.7561084499960822 0.35555748119127806 0.8987673665826552 0.36937203166377275 0.9031401608807889
0 0.3634139953534271 0.9341108770423834 0.35549711802899886 0.9333263263865346 0.35261438530963274 0.9624158964840156 0.360531262634061 0.9632004471398643
0 0.5535303158854668 0.5863091842210807 0.5385310556119693 0.5180223482915648 0.530975 0.5196820421874999 0.5459742602734974 0.5879688781170158
0 0.6140295773437499 0.7729697179687499 0.6003868910132486 0.7396840431734819 0.5928519586485927 0.7427723602770053 0.6064946449790941 0.7760580350722733
0 0.654112832985393 0.8649973575672609 0.6335570127564963 0.8147346985134307 0.624397701370652 0.8184805639692607 0.6449535215995488 0.8687432230230909
0 0.6593223995390505 0.8738283642661125 0.6470116195312501 0.8696838031250002 0.6449734939547882 0.8757377409837523 0.6572842739625885 0.879882302124865
0 0.6680655879915052 0.8931061765763341 0.6607004473665051 0.8780857547013339 0.65356654921875 0.881583803125 0.6609316898437501 0.8966042250000001
0 0.6739600983599859 0.9086260454570614 0.6703277046099859 0.9020735806133112 0.6667052820312499 0.90408168984375 0.6703376757812499 0.9106341546875001
0 0.73231338046875 0.9993207749999999 0.6772881676108861 0.9105583579640193 0.667675522213019 0.9165173874362609 0.7227007350708831 1.0052798044722415
0 0.6227105632812501 0.3844799296875 0.6224218828028893 0.3489258578851311 0.61680316875 0.34897147890625 0.6170918492283606 0.38452555070861894
0 0.61819859140625 0.444245775 0.6113378307744736 0.4429708983326746 0.6059219854619735 0.4721163202076747 0.6127827460937499 0.47339119687500003
0 0.6160592973152628 0.5155868010588869 0.6071721425036416 0.5146213780725025 0.6002253131680202 0.5785700809999066 0.6091124679796414 0.5795355039862911
0 0.6064257039062501 0.6061556335937501 0.5956720787800317 0.6052123035757521 0.585264645734947 0.7238533214144213 0.5960182708611652 0.7247966514324193
0 0.5845871259655122 0.7703599571794676 0.5755620624270892 0.7689390647572215 0.5600775763194362 0.8672916696366879 0.5691026398578592 0.868712562058934
0 0.6840018020237949 0.44188873968054077 0.6802973406067616 0.3843793226203404 0.6729837063194711 0.3848504293959003 0.6766881677365044 0.44235984645610066
0 0.70245457734375 0.5769725351562499 0.7007439031108653 0.5673565679456857 0.69603450703125 0.56819436640625 0.6977451812641348 0.5778103336168142
0 0.7096343422932728 0.6541598857041211 0.7067719133491186 0.6234144150011636 0.70174154921875 0.62388274609375 0.7046039781629042 0.6546282167967076
0 0.7149414365365498 0.7069431114776539 0.7128855632812501 0.6893672539062499 0.7072818025259503 0.6900227338348459 0.70933767578125 0.7075985914062499
0 0.7237376757812501 0.8244947179687501 0.7176552820312502 0.8244947179687501 0.7176552820312502 0.91261161953125 0.7237376757812501 0.91261161953125
0 0.7228042249999999 0.9247299296874999 0.7181888339445954 0.9243099775223869 0.7171751019133454 0.9354511743973871 0.72179049296875 0.9358711265625003
0 0.6678514085937499 0.3273359156250001 0.661658803125 0.29458767578125 0.6565484158760373 0.29555403648266027 0.6627410213447873 0.32830227632641035
0 0.7459989437500001 0.3049908453125001 0.726947282574314 0.30272774935690416 0.7098862482782357 0.4463544673985823 0.7289379094539218 0.44861756335417835
0 0.6904926054687502 0.5413545773437501 0.6695288249871091 0.5375589029276873 0.5962615633816029 0.9422192136984947 0.6172253438632441 0.9460148881145576