1 0.7078345921466784 0.20270994807620052 0.644776984058289 0.16061390024054295 0.6148718251611763 0.20541021453867084 0.6779294332495658 0.2475062623743284
1 0.7073824881260735 0.5194570667153859 0.6526285072276172 0.47404272614901266 0.6172494258395285 0.5166976567803889 0.6720034067379849 0.5621119973467622
1 0.658733862096033 0.36000821809329564 0.6374188566608407 0.35469379207660684 0.6272009113838315 0.3956757454299903 0.6485159168190238 0.4009901714466791
1 0.6305108944935757 0.27868473516012804 0.5934200587358583 0.2539535671751336 0.5620905581698212 0.3009403233433525 0.5991813939275386 0.325671491328347
1 0.5822621317139676 0.2856952007948672 0.5676129212359088 0.2840581292650429 0.564570251531069 0.3112852284536742 0.5792194620091278 0.3129222999834985
0 0.6551563095409371 0.23642721435755615 0.6497176110123253 0.23620974537591483 0.6483766226562501 0.2697466265625001 0.6538153211848619 0.2699640955441414
0 0.6467933640625 0.33230189531250004 0.6417157942896499 0.3307712768700289 0.6348387138209 0.35358483702627885 0.63991628359375 0.35511545546875
1 0.6216158344023875 0.37632913900451365 0.5855677203739122 0.3606844731948704 0.5784332558595696 0.3771235581503706 0.6144813698880449 0.3927682239600139
0 0.6341320843978501 0.371619370060735 0.6282060128306153 0.3696826320136523 0.6129620485289681 0.41632643268458497 0.6188881200962029 0.4182631707316677
0 0.596474365625 0.42143548750000004 0.5935905902216378 0.41991807126160563 0.5894769012388908 0.4277359361330658 0.592360676642253 0.4292533523714603
0 0.6405421 0.5404673343750002 0.6362711439738798 0.5362374470461366 0.61551314319263 0.5571969907961366 0.6197840992187501 0.561426878125
0 0.5706291117187501 0.5870936343750002 0.5650862516034335 0.5859458810418733 0.5557699562909335 0.6309371872918732 0.5613128164062501 0.6320849406250001
0 0.5849270125 0.6001956765625 0.5801508203391212 0.5953113568200047 0.5659491739982041 0.6091986114431858 0.5707253661590829 0.614082931185681
0 0.527235991411404 0.7510889025210234 0.5155332027770633 0.7484259833307497 0.474156394742978 0.9302655376646586 0.4858591833773188 0.9329284568549323
0 0.5858892776255126 0.2585305948109306 0.570132001525848 0.2504384082902434 0.4887150966113098 0.4089751210364014 0.5044723727109744 0.41706730755708865
0 0.58429284140625 0.3215314367187502 0.5786393079476564 0.3186036950794464 0.5492869548226564 0.3752837341419464 0.5549404882812501 0.37821147578125014
0 0.5409138253614758 0.2536290297557852 0.5356681898437501 0.2501240531250001 0.5232622449510245 0.26869109993171497 0.5285078804687501 0.2721960765625001
0 0.49126632890625005 0.34986737031250015 0.4880707230680369 0.3477652672528909 0.4674159560269394 0.3791645337359214 0.4706115618651525 0.3812666367955306
0 0.4928149536471982 0.45654539647108655 0.4824673501357305 0.4516944163072451 0.39820697698584234 0.6314298313440532 0.40855458049731 0.6362808115078946
0 0.5366719921743519 0.5370839193404098 0.5314334972794261 0.5344737027221531 0.5149582796875001 0.5675381398437501 0.5201967745824259 0.5701483564620068
0 0.5063665382160807 0.49640859127718995 0.496345299212413 0.49155143499761456 0.4360641523722079 0.6159229283426235 0.44608539137587566 0.620780084622199
0 0.5325064425244426 0.41947931224756624 0.525367948429638 0.41680578748665614 0.5191865480926955 0.43331054945784003 0.5263250421875 0.4359840742187501
0 0.412278728125 0.48373902812500014 0.40631779987628125 0.48103272037280576 0.3945572709819434 0.5069365256031197 0.4005181992306621 0.5096428333553142
0 0.3983846124499698 0.5307112995441265 0.3905483140625 0.5262431523437501 0.3586684141548123 0.5821545619361326 0.3665047125422822 0.586622709136509
0 0.3608272570312502 0.6063302125000002 0.3528322095825782 0.6025947766921033 0.3207654877760942 0.6712279899370523 0.3287605352247661 0.6749634257449492
0 0.5293401765625 0.6494166914062499 0.5157769289145613 0.6354458766670672 0.34729336146114537 0.7990143150609872 0.3608566091090841 0.81298512980017
0 0.4524420871361773 0.6790494942432137 0.44606932554118667 0.6743932395526924 0.39732031160709197 0.7411133535587596 0.4036930732020826 0.7457696082492808
0 0.41174628437500027 0.6928228882812502 0.40409275166098224 0.6899995210013126 0.3880610665047321 0.7334579217825625 0.3957145992187502 0.7362812890625002
0 0.3730791638979796 0.7891378118187202 0.3639203443828719 0.7869873748967466 0.34756610000000016 0.8566409281249999 0.3567249195151079 0.8587913650469735
0 0.351205734375 0.8717976109375002 0.3388432580075117 0.8698583713031093 0.3269113584198865 0.9459231464115229 0.33927383478737483 0.9478623860459138
0 0.32526507968750007 0.8707378710937501 0.31854915582546617 0.8698515721986169 0.31582301988796624 0.8905088487611168 0.32253894375000014 0.89139514765625
0 0.3011677826947584 0.8738751477938498 0.292363309187886 0.8649485457946163 0.19800166039040384 0.9580191942870186 0.20680613389727626 0.966945796286252
0 0.3394114904367652 0.8281966166086366 0.33310017883962145 0.8220714926706725 0.2944103734375 0.8619373664062501 0.3007216850346437 0.868062490344214
0 0.33560958183538164 0.8186373177891983 0.33201685114926327 0.8137866731140573 0.30939169141022765 0.8305444674108328 0.312984422096346 0.8353951120859738
0 0.3041953890625001 0.8419856031249999 0.29987804081769615 0.8357241003634979 0.19744149711162157 0.9063547858424419 0.2017588453564255 0.912616288603944
0 0.1614929226562501 0.9436864468750003 0.15691985733987698 0.9372067259880309 0.11422408312112693 0.9673392838005308 0.11879714843750003 0.9738190046875002
1 0.6313422995724192 0.21934194235737592 0.5568655431950645 0.18605714195398243 0.5350643632165996 0.2348386022697083 0.6095411195939542 0.26812340267310175
1 0.5669626390684814 0.19577530083944233 0.5144192608351974 0.1802456076704329 0.4950084097877512 0.24592054904346689 0.5475517880210352 0.26145024221247626
0 0.5981352123535133 0.5021966004007764 0.5933719179687501 0.5010193859375001 0.5881679860839869 0.5220757527242237 0.59293128046875 0.5232529671875