1 0.3164143486689937 0.2408924359752306 0.2759035169861462 0.20578304920158869 0.2264111321835225 0.2628896481646622 0.26692196386637 0.29799903493830415
1 0.3901785783410805 0.5430641047737621 0.34391417995410717 0.5113399443715236 0.30396923412288873 0.5695929876057637 0.35023363250986206 0.6013171480080021
1 0.3516116842302114 0.42901266657392967 0.3266329514822144 0.39332876462756117 0.30973626927173364 0.4051564428309642 0.3347150020197306 0.4408403447773327
1 0.39057183163158843 0.32666899824320456 0.3519141054354903 0.2841932237211679 0.31866749069252465 0.3144513777899992 0.3573252168886228 0.35692715231203587
1 0.38789841145112836 0.3353861052456007 0.38307471159891565 0.306979872518309 0.3695851408603716 0.30927055432052525 0.3744088407125843 0.3376767870478169
0 0.30032746484375006 0.31248168984375 0.2906753523437501 0.28033485937499997 0.28551843439223157 0.28188322826535483 0.29517054689223154 0.3140300587341049
0 0.3325555900112043 0.3917408251215049 0.3227730894662385 0.37017567664751194 0.3169971828125 0.372795775 0.32677968335746577 0.39436092347399293
1 0.3940729253455181 0.39927123147024624 0.38296366213228844 0.3851594649739516 0.35202045655366465 0.4095190102884426 0.36312971976689423 0.42363077678473726
0 0.37070842950904453 0.44567921354494633 0.34322194971521247 0.40501171293141847 0.3374811863312113 0.408891798365118 0.36496766612504344 0.44955929897864594
0 0.39534331015625007 0.45184612656250006 0.39004907971959574 0.44503697456244834 0.387384859375 0.4471084507812499 0.39267908981165434 0.4539176027813016
0 0.4015198477951068 0.5828983062817195 0.3752933462765043 0.569581158259507 0.3724080055126476 0.5752634855715376 0.3986345070312501 0.58858063359375
0 0.4776046658741876 0.640421209056713 0.4570457403961871 0.5993379106924137 0.4519037503032495 0.6019110680419508 0.47246267578124995 0.6429943664062501
0 0.46170774609375 0.6231380281249999 0.4457970661052803 0.6120698906465742 0.4418352109375 0.617765140625 0.4577458909259698 0.6288332781034256
0 0.6300553619400033 0.9107121855317042 0.5438094834774087 0.7453157750485688 0.5322770545140422 0.7513293545685091 0.6185229329766369 0.9167257650516444
0 0.4796440140625 0.4170721828125001 0.3717420830873402 0.2749113678852219 0.3618714147200767 0.2824033351856906 0.46977334569523654 0.4245641501129688
0 0.42243826606728974 0.3903284714729377 0.37923864364901905 0.3433592457318311 0.3740285463317294 0.3481511969151434 0.41722816875 0.39512042265625
0 0.42029251301361936 0.283076019602167 0.4049408453125 0.26617535234375006 0.40029740003282316 0.270393211191094 0.4156490677339425 0.28729387844951104
0 0.50211338046875 0.37516408437500004 0.4747763808302564 0.3494284003574737 0.4721538734375 0.352214084375 0.4994908730759935 0.37794976839252636
0 0.6299706688722686 0.6034267889149095 0.5060627733215204 0.44840173655134696 0.4964653554598334 0.4560727279932587 0.6203732510105815 0.6110977803568213
0 0.5018250000000001 0.56915070390625 0.4756102109375001 0.54295774609375 0.4716190451923602 0.5469522383871095 0.49783383425486016 0.5731451961996095
0 0.5897935071295448 0.5972948975354088 0.5016423805920963 0.4908143650500886 0.49296452921002915 0.49799842355730195 0.5811156557474776 0.6044789560426221
0 0.46520968297738036 0.4392778395996353 0.4545447179687499 0.42590563359374994 0.44830510530386947 0.4308820189941146 0.4589700703125 0.444254225
0 0.603545775 0.48157288750000005 0.5864432582063523 0.45901180064570896 0.5811816898437498 0.46300035234375 0.5982842066373976 0.48556143919804107
0 0.6540820421875002 0.54831866171875 0.6125492960937501 0.49898485937499987 0.6065393522609477 0.5040444627176784 0.6480720983546978 0.5533782650614285
0 0.7132320582639904 0.6245001094580858 0.6685024214559722 0.5637992453614313 0.6607623242187499 0.5695028171875 0.705491961026768 0.6302036812841544
0 0.7203526594826883 0.7529160274791407 0.5116163454930882 0.6444951479213696 0.5050567203218671 0.6571240067258634 0.7137930343114671 0.7655448862836343
0 0.6570658588383583 0.7103311620172919 0.5946374149249448 0.6561956404324815 0.5897223046936466 0.6618636874821833 0.6521507486070601 0.7159992090669935
0 0.6649233985911405 0.699618847716444 0.6390992483516745 0.6611653199065706 0.6322802820312499 0.6657447179687501 0.6581044322707158 0.7041982457786237
0 0.7341852109375 0.8091700703125 0.7005955643421037 0.745892845760558 0.6924831279930942 0.7501991956663948 0.7260727745884905 0.8134764202183368
0 0.7780335404017841 0.8887743688127774 0.7425817833344199 0.8204692280006596 0.7290718282884802 0.8274811693946035 0.7645235853558443 0.8957863102067213
0 0.772378874667775 0.8349585189823928 0.7656528926927995 0.81526136407886 0.7592341546875001 0.8174531687500002 0.7659601366624755 0.837150323653533
0 0.90291373203125 0.8729073945312502 0.7898566828910878 0.8039116009538917 0.7837159443486577 0.8139738633492073 0.8967729934888199 0.8829696569265657
0 0.7870433101562502 0.8014496476562503 0.7388226734618942 0.7734495600710535 0.7346610849515164 0.7806164822108409 0.7828817216458723 0.8086165697960377
0 0.76453873203125 0.7755144367187501 0.7392481741037671 0.7632092035570722 0.7366411288230207 0.7685673815636153 0.7619316867505036 0.7808726147252931
0 0.891862003850276 0.821136499801451 0.7754356279910414 0.7772579504547841 0.7727221828124999 0.7844577460937502 0.8891485586717346 0.8283362954404169
0 0.9871700774203358 0.8610282210217697 0.9388280311200614 0.8412047802344652 0.9357894367187498 0.8486147890625 0.9841314830190244 0.8684382298498046
1 0.4015733177052274 0.2529656645796686 0.37125053528780855 0.21011825543689194 0.3042272400114481 0.25755012682009104 0.3345500224288669 0.3003975359628678
1 0.44232441610231066 0.2535707536274619 0.4101900002009762 0.19424567586726332 0.36133472000068884 0.2207089516387372 0.3934691359020232 0.28003402939893574
0 0.41969146479933384 0.5428346571718967 0.4096482390625001 0.5235778171875002 0.4053091614827859 0.5258408227303626 0.41535238721961976 0.545097662714759