1 0.29033593480772757 0.26150178087785164 0.24637709605161598 0.23081926150397383 0.20312510004039758 0.2927863866728363 0.2470839387965092 0.3234689060467141
1 0.39573854433657907 0.5589638692631929 0.34960550132495954 0.5274774010279142 0.3090468937538789 0.5869026745640428 0.3551799367654984 0.6183891427993216
1 0.3450043737612602 0.4449123455589943 0.3164324946507655 0.4120349118514273 0.3008647031673647 0.42556398045932 0.3294365822778594 0.45844141416688694
1 0.3721882545385438 0.34226226223795286 0.33156417864377385 0.3011528958810296 0.29956849681665887 0.33277087304867653 0.34019257271142883 0.3738802394055997
1 0.3713056787009991 0.34800568414879857 0.36353914283092836 0.3202592777139821 0.3503629112910882 0.32394745532094305 0.35812944716115896 0.3516938617557595
0 0.28182029140625 0.33438039765625005 0.26886079531249996 0.30341859140625005 0.2638939756382607 0.305497523095407 0.2768534717320107 0.336459329345407
0 0.32215670325857304 0.40983658705728576 0.31017361998445225 0.3894121243068461 0.30470322890624996 0.39262161640625 0.31668631218037074 0.41304607915668967
1 0.384124181558784 0.4108954282966599 0.37160069436006277 0.3980222016848818 0.34337326496420784 0.425482749172515 0.35589675216292904 0.4383559757842931
0 0.365738633571774 0.4594914373620035 0.33415181626350915 0.4219198371235608 0.3288480807871249 0.4263787401907903 0.36043489809538976 0.463950340429233
0 0.39088317968749997 0.46304952109375 0.3849062016934696 0.45683106848054145 0.38247310468749995 0.4591696835937502 0.38845008268153036 0.4653881362069588
0 0.41072456487333253 0.592738159790269 0.38324971447740913 0.5822353802888302 0.3809741449165766 0.5881881790923111 0.40844899531250006 0.5986909585937501
0 0.4924053628071173 0.6419929170170222 0.46766468793102456 0.6032836701336004 0.4628198344989074 0.6063802156165783 0.487560509375 0.6450894625
0 0.47478894374999997 0.6264660953125001 0.45780848901072224 0.6171217094092845 0.4544636531250001 0.6231998867187502 0.4714441078642778 0.6325442726219658
0 0.6722740200340619 0.894867773110183 0.5692119698376759 0.7393925722249853 0.5583713057908896 0.7465786768628371 0.6614333559872755 0.9020538777480347
0 0.4710872093749999 0.41965424999999995 0.3489165247260441 0.28955103006339844 0.33988305226724236 0.2980337218490982 0.46205373691619817 0.4281369417856998
0 0.41139936135670896 0.3990366726461168 0.3635267692034349 0.3568403392035916 0.35884610862797606 0.3621506431199748 0.40671870078125005 0.40434697656249996
0 0.39726466538009475 0.2937288088528165 0.38102025859375 0.27739265546874997 0.37660835886533883 0.28177977722280856 0.39285276565168353 0.298115930606875
0 0.489052896875 0.37562703984375007 0.45917554028408586 0.35288983346590325 0.4568585828125 0.35593438359375007 0.4867359394034142 0.3786715899715969
0 0.6403465467237085 0.5889743454899409 0.5002841554473088 0.44833733090854205 0.4918911207811938 0.456696072800929 0.6319535120575936 0.5973330873823278
0 0.50904321953125 0.5685811250000002 0.48023412812499994 0.54527184609375 0.4766823644169521 0.5496616466418536 0.5054914558232022 0.5729709255481037
0 0.5994716952218343 0.5873759282406718 0.5006732227909099 0.4906930099177691 0.49279384859688663 0.4987447955649628 0.591592321027811 0.5954277138878654
0 0.45905307372104903 0.4432470605658138 0.44704875624999996 0.43106290078125 0.44136349893520094 0.4366642417779361 0.45336781640624996 0.44884840156249994
0 0.6010523828125 0.47085035234375017 0.5816852791251225 0.45020055736321474 0.5768694515624999 0.45471724296875016 0.5962365552498775 0.47536703794928553
0 0.65828863984375 0.5319480078125001 0.611826628125 0.4872258156250001 0.6063784798436131 0.4928859122551924 0.6528404915623631 0.5376081044426925
0 0.7269299452735624 0.5996648437304549 0.673409554455375 0.5460643181558416 0.66714667421875 0.5523178351562501 0.7206670650369373 0.6059183607308635
0 0.7455824681060274 0.7284974023521666 0.5266565652811565 0.6424893495292349 0.5214529496001231 0.6557346936979863 0.740378852424994 0.7417427465209181
0 0.6781910286376551 0.6927610929032957 0.6104458718716597 0.6454476808147878 0.606150159167606 0.6515984469022854 0.6738953159336014 0.6989118589907932
0 0.6848857823127208 0.681286125071957 0.6551836107068161 0.6457426086667222 0.6488806773437499 0.6510096960937501 0.6785828489496547 0.6865532124989848
0 0.7652193921875001 0.782997384375 0.7251994829166499 0.7235778726682793 0.7175816231382596 0.7287086125281756 0.7576015324091099 0.7881281242348963
0 0.8171484310981942 0.8575822033750985 0.7747510506353612 0.7933569627761505 0.7620480515832885 0.8017426671940264 0.8044454320461216 0.8659679077929742
0 0.8058994540547989 0.8046522361735542 0.7971514039180905 0.7857660402804083 0.790996934375 0.7886167789062499 0.7997449845117084 0.8075029747993957
0 0.9396859656250001 0.8287486156250002 0.8200362305867598 0.7719484678728904 0.814980924250856 0.7825974905878985 0.9346306592890963 0.8393976383400084
0 0.8169809250000002 0.7697940789062502 0.7660976402320611 0.7469878074134743 0.7627079965956133 0.7545504729052814 0.8135912813635524 0.7773567443980574
0 0.79188866171875 0.7463533124999999 0.7654504013978877 0.7367590724763374 0.7634177198858798 0.7423604085729253 0.7898559802067422 0.7519546485965879
0 0.9232832473243281 0.7784165474565743 0.8029081105147664 0.7469482387163741 0.80096211328125 0.7543922257812501 0.9213372500908117 0.7858605345214503
0 1.0020268529610066 0.8022180708613522 0.9720896963171635 0.7934656050988785 0.9698423046875 0.8011526406250002 0.9997794613313431 0.8099051063874739
1 0.37629039012070753 0.2646073341921128 0.34165494504823185 0.22516424150123493 0.27995679105594456 0.2793421184851874 0.31459223612842024 0.3187852111760653
1 0.41688149865255236 0.2609494591905305 0.37872195871473024 0.20530833131642306 0.3329004789362742 0.23673340579680172 0.3710600188740963 0.2923745336709092
0 0.42460884396238985 0.550994532577969 0.41260774843750003 0.5328929859375 0.4085289892016787 0.5355971515087823 0.42053008472656855 0.5536986981492513