1 0.16191341989488134 0.3863696658613168 0.10586183682514008 0.3604001050180624 0.07130548955933025 0.4349850385503323 0.12735707262907153 0.4609545993935867
1 0.2029465629328729 0.35368510260360336 0.1720264847101683 0.3093464214925477 0.11909531099446066 0.3462585711257301 0.15001538921716523 0.3905972522367858
1 0.2744057558432886 0.28152033161587575 0.22339867302899363 0.23800878419022778 0.1733108679247251 0.29672498653410806 0.22431795073902006 0.34023653395975606
1 0.32275116660670133 0.13178270485944213 0.30500176619434866 0.07151807040469826 0.22649978944681778 0.09463881163311277 0.24424918985917046 0.1549034460878566
1 0.39703912345080583 0.10534351738781025 0.3167514422783984 0.10521443924026078 0.3166532421739804 0.1662957208072396 0.3969409233463878 0.16642479895478907
1 0.48474825513058545 0.24866607323292328 0.4766524919531728 0.1729334205988729 0.4192774323098013 0.17906677099671459 0.42737319548721403 0.254799423630765
1 0.5637097178717638 0.21830050465955245 0.5267679703656263 0.15535425105487974 0.4642674628431177 0.19203440016117326 0.5012092103492554 0.254980653765846
1 0.4785987242260369 0.2991915206484888 0.4225614028451451 0.2375347138000156 0.3885390358689651 0.26845623584815337 0.4445763572498569 0.33011304269662656
0 0.43157011406249995 0.23518204921875005 0.4295204272879311 0.2297527531677476 0.414669834375 0.23535920078125 0.4167195211495688 0.24078849683225245
0 0.39348317421874995 0.25061378828125 0.39079942293962394 0.24459728795669777 0.33851813351841037 0.26791815054951773 0.3412018847975363 0.27393465087406993
0 0.32805239371097733 0.27822227627318635 0.32605452031249993 0.27303328984374997 0.2728988730380914 0.29349937799266834 0.2748967464365688 0.29868836442210467
0 0.21083677688391528 0.3223512314480438 0.2092472919419593 0.3164237851994286 0.1581592565529613 0.3301233886304846 0.15974874149491733 0.33605083487909976
0 0.13912037067096847 0.3410996315848264 0.1372241797608719 0.3360032880425741 0.04247136612115342 0.37125786270774774 0.044367557031250004 0.37635420625000005
0 0.03079077421875003 0.37941923515625003 0.028341213837467905 0.37380862020259836 -0.002449560381282123 0.3872516850463484 0 0.39286230000000005
0 0.28972196875 0.17973746718750003 0.2848559578125 0.14071518984375 0.27995949010327237 0.14132577095408166 0.2848255010407723 0.18034804829783171
0 0.29845692042487626 0.2281093244615791 0.29228606875 0.19634337968750004 0.28776208660637365 0.19722220835092097 0.29393293828125 0.22898815312500004
0 0.3082669261702035 0.3049159243107852 0.30588138629575884 0.29587406018615836 0.3011383484375 0.29712542890625004 0.30352388831194466 0.30616729303087686
0 0.36199110555025654 0.7423190507789911 0.35301216802111124 0.6344458606816448 0.3442425171875 0.63517581171875 0.35322145471664534 0.7430490018160963
0 0.36558842949341064 0.7948289068899832 0.3634739817823764 0.7706606616791263 0.35888131330824785 0.7710624681511286 0.3609957610192821 0.7952307133619854
0 0.20179584609374998 0.4381587531249999 0.1516868898692678 0.41467116699906725 0.14839855703125004 0.421686571875 0.19850751325573227 0.4451741580009327
0 0.266623684375 0.4714949960937499 0.2446525826426036 0.45825892877346847 0.24235178515624994 0.46207811875000004 0.26432288688864636 0.4753141860702816
0 0.34764724343749026 0.5067378618581458 0.29653698359375 0.48708346640625005 0.29344257956924163 0.49513030733510116 0.34455283941298187 0.514784702786997
0 0.5241347187237799 0.5877571902547958 0.449953403416974 0.5417155093546236 0.44551059506313634 0.5488736617265653 0.5196919103699423 0.5949153426267373
0 0.7453703882354725 0.7336476059928123 0.6025252359375001 0.643444340625 0.5970250016082779 0.6521544666634378 0.7398701539062502 0.7423577320312501
0 0.3213518198009542 0.42678733161631904 0.2303730877848868 0.37950656702671787 0.225044890625 0.38975920625000005 0.31602362264106726 0.4370399708396013
0 0.3981013940669169 0.45686691839536897 0.33659205916690993 0.42730213515513393 0.33218721329952955 0.4364663876861954 0.39369654819953653 0.46603117092643054
0 0.6120140284967295 0.566104900439274 0.4126530341215712 0.4620931595696903 0.40878366280562856 0.46950964646534066 0.6081446571807867 0.5735213873349243
0 0.2791639286812305 0.3360206001046639 0.24169172031250002 0.3060701585937501 0.23853256751522456 0.310022702393314 0.2760047758839551 0.33997314390422784
0 0.3039553453125 0.35825053906250004 0.2872990236025759 0.34352177724692295 0.2836438323160074 0.34765532511352015 0.3003001540259315 0.36238408692909724
0 0.356235139394366 0.4029628556892737 0.31913529306077065 0.3654422747599614 0.314701185632928 0.369826660612343 0.35180103196652335 0.40734724154165536
0 0.4564372648437499 0.48589871640625004 0.39798939610046813 0.43460742939310776 0.39459639305629635 0.43847385209606105 0.45304426179957813 0.4897651391092034
0 0.5716975816692914 0.5805218053277641 0.4657506373141477 0.4957380654454626 0.46225541278720617 0.5001057467836376 0.5682023571423498 0.5848894866659391
0 0.7828940703125 0.7156125156250003 0.5849512602129066 0.5918566536670935 0.5801328356083946 0.5995635411743254 0.7780756457079882 0.7233194031322322
0 0.6871784286963745 0.6070557533158257 0.6339678070312502 0.5798464375000002 0.6310856798973756 0.5854827341841744 0.6842963015625 0.6126920499999999
0 0.8049763755047754 0.6659278199662296 0.7180679656596938 0.6246705865048117 0.7151124945312498 0.63089628984375 0.8020209043763316 0.672153523305168
0 0.28010876640624993 0.45905934453124997 0.2713195984828617 0.4396851542495783 0.26452020624999995 0.44276972187499997 0.2733093741733882 0.4621439121566716
0 0.32222022940002104 0.5398207806853245 0.3078386881419397 0.5045896031124961 0.3011474939434599 0.5073209817396325 0.31552903520154124 0.5425521593124609
1 0.25845484765625004 0.38621695546875 0.249053642211652 0.3801582171158606 0.24326643359375008 0.38913809609375005 0.2526676390383481 0.3951968344466395
0 0.3808506525183672 0.6290764935718933 0.35278736953124995 0.5977167046874999 0.3463241904348594 0.6035004816334186 0.37438747342197665 0.634860270517812
0 0.4272725843750001 0.72985447421875 0.4089508842615923 0.697042349081245 0.40386559687499995 0.6998818820312501 0.42218729698840773 0.7326940071687552
0 0.48938952154479176 0.8439697588588639 0.4279092125000001 0.7347475382812501 0.4219544234798584 0.7380994411021113 0.4834347325246501 0.8473216616797252
0 0.5069756077113603 0.8853555304615787 0.4912092796875 0.8510930218749999 0.48490817287902815 0.8539925561167706 0.5006745009028885 0.8882550647033494
0 0.5668824507812501 0.9954194109375001 0.5329630091715665 0.9325657296964269 0.5281007584172472 0.9351896783227645 0.5620202000269308 0.9980433595638376
0 0.35355399062500004 0.26877634062500005 0.34739339472023073 0.2679769794101902 0.3443097763639967 0.29174211370158404 0.350470372268766 0.2925414749163939
0 0.33527005195393994 0.5171439319175681 0.33306022109375 0.50924020390625 0.32937471798345697 0.5102706465653077 0.33158454884364685 0.5181743745766259
0 0.33105281640625 0.6479899765624999 0.3306603375 0.6366843312499999 0.3265160721527981 0.6368282006785659 0.32690855105904815 0.6481338459910659
0 0.33430000392528064 0.6829306976399272 0.3290221995116598 0.6817734965117769 0.3146498268363792 0.7473235293405999 0.31992763125 0.7484807304687501
0 0.316603084375 0.76018155859375 0.31217757254389433 0.7587834321959747 0.3042503824784082 0.7838754935990455 0.30867589430951387 0.7852736199968208
0 0.3084746882812501 0.7963568773437502 0.3016955645131408 0.7954204564383346 0.28059606763814077 0.9481681150320848 0.28737519140625006 0.9491045359375002
0 0.3439733089378278 0.6300715339741572 0.3346908300760717 0.6297146484336669 0.326926325646825 0.8316669274122479 0.33620880450858115 0.8320238129527381
0 0.47841270156250004 0.34488415234375014 0.47313172865547726 0.3432111483785496 0.4496371237366231 0.4173737771699291 0.45491809664364596 0.4190467811351296
0 0.44997732343749997 0.4350248375 0.4440143485017477 0.43376298723165857 0.4358698172517477 0.4722506247316586 0.4418327921875 0.473512475
0 0.4848156279090633 0.46987076413610973 0.4782870947263273 0.43758785592536 0.4729164585937501 0.43867395312500007 0.4794449917764861 0.4709568613357498
0 0.5055564648437499 0.5755136375000001 0.5032719143344239 0.5511271550330175 0.4977927543830313 0.5516404483164822 0.5000773048923574 0.5760269307834649
0 0.5178556903785014 0.6543219741952951 0.5048634510512653 0.582944499086327 0.4944896066418152 0.5848327624229794 0.5074818459690513 0.6562102375319476
0 0.54094191875 0.7816456773437499 0.5283440390624999 0.7069460195312499 0.5207535097444239 0.7082261401892801 0.533351389431924 0.7829257980017801
0 0.5689935671875 0.8989786398437503 0.56475433671875 0.88155151640625 0.5577814824843719 0.883247696285307 0.562020712953122 0.900674819722807
0 0.5071951372878009 0.23548175110266553 0.5015935835937501 0.23361009218750003 0.4940063140827832 0.25631748679479044 0.4996078677768341 0.25818914570995594