1 0.17310347742953128 0.3573358768208961 0.11952858417456895 0.3265799206010488 0.07860322896900662 0.3978692513858455 0.13217812222396894 0.4286252076056928
1 0.21682912483243588 0.3283519623713055 0.18989107720887793 0.28148714026439675 0.1339442164897448 0.31364557233958007 0.16088226411330273 0.3605103944464888
1 0.2943059681133406 0.26268987970709984 0.24728526497900657 0.21489834576636607 0.19227060347642533 0.26902567446346687 0.2392913066107593 0.31681720840420063
1 0.35551790351984613 0.11773562951044456 0.3430884541948193 0.05615335756973512 0.262870095769209 0.0723442188284416 0.2752995450942358 0.13392649076915103
1 0.431827499983706 0.09787167389089393 0.3518565879144207 0.09074555310040253 0.34643517602112905 0.15158584286763593 0.4264060880904144 0.15871196365812734
1 0.5067114886854902 0.24829319732276284 0.5052470651301113 0.1721431367019515 0.4475557787090397 0.17325258399702087 0.4490202022644185 0.24940264461783218
1 0.5880190115146443 0.22492512525354896 0.5567039675861969 0.15899871486600575 0.49124440707947625 0.1900920051081838 0.5225594510079238 0.25601841549572696
1 0.4961817749083538 0.2980904133287995 0.44573143714989144 0.23178425517765144 0.4091435470719679 0.259622867212645 0.4595938848304303 0.3259290253637931
0 0.4549109156250001 0.23022570390625 0.4533422229411711 0.22463842618383428 0.43805950703125013 0.228929225 0.43962819971507905 0.2345165027224157
0 0.41562394375 0.24227922500000004 0.41347477776138575 0.23605171541171116 0.3593598869859088 0.25472721981413565 0.361509052974523 0.26095472940242453
0 0.3480359083354153 0.2640799859740284 0.3464978875 0.25873661953125004 0.2917607769081686 0.27449200847232713 0.29329879774358397 0.27983537491510546
0 0.22742024067910047 0.29782500427259123 0.2263534151953211 0.2917815800868571 0.17426578605520787 0.30097643526308226 0.17533261153898722 0.3070198594488164
0 0.1543427061796511 0.3102515637173382 0.15289790641259118 0.3050093491921819 0.05543301742044009 0.33187151750609384 0.0568778171875 0.3371137320312501
0 0.04308556328125 0.33898380312500004 0.04107378641072225 0.3330444079010331 -0.0011952276517777527 0.3473616610260331 0.0008165492187500068 0.35330105625
0 0.31843485937500005 0.16262922500000002 0.31698838046875005 0.12333133828125002 0.3120573294822949 0.12351284069354507 0.31350380838854486 0.16281072741229505
0 0.3229206862516904 0.21157831367125338 0.3195419015625 0.17939542265625003 0.31495853952955966 0.17987661601624666 0.31833732421875005 0.21205950703125
0 0.3259992257704563 0.2889476395904152 0.3244108144254664 0.27973226922433725 0.31957676093750004 0.28056549296875005 0.3211651722824899 0.28978086333482794
0 0.34185377254250326 0.6211234201094211 0.3330538734375001 0.6210862679687501 0.3325968746367036 0.7293315336651538 0.3413967737417068 0.7293686858058248
0 0.34040387343750006 0.7577316898437501 0.3357936617187501 0.7577316898437501 0.3357936617187501 0.7819922539062499 0.34040387343750006 0.7819922539062499
0 0.20832042265625011 0.41240387343750007 0.16044922424030655 0.38463838128755057 0.15656197187500012 0.3913404929687501 0.20443317029094366 0.41910598511869956
0 0.26999612656250005 0.4512633804687501 0.24926223057673919 0.4361627727482089 0.24663732421875006 0.43976690156250003 0.26737122020451093 0.4548675092830411
0 0.3476397483383698 0.4934338049746675 0.298436971875 0.46939964765625 0.2946530145284169 0.4771461729454135 0.3438557909917867 0.5011803302638309
0 0.5163943357562631 0.5895267271680107 0.44650810000232594 0.5371949208864718 0.44145832353810527 0.5439386183347235 0.5113445592920426 0.5962704246162622
0 0.7240729491151824 0.7541439444311042 0.5896330984375 0.6518341546875001 0.5833946563535678 0.6600317594751461 0.7178345070312502 0.7623415492187503
0 0.32841253464168113 0.41149571324281187 0.24190079449515797 0.3564655468953234 0.23569929609375 0.36621478906250005 0.32221103624027314 0.4212449554099885
0 0.40224844491187445 0.4481500042385747 0.3435499123046791 0.4133368319862575 0.33836311098854194 0.4220823040729632 0.3970616435957373 0.4568954763252805
0 0.6058263595619493 0.5756160169977171 0.4162892141296529 0.4546246175914611 0.41178817763708686 0.4616756444617517 0.6013253230693831 0.5826670438680077
0 0.29429602326602244 0.31739745972225786 0.25957676093750004 0.2842950703125 0.25608514282252126 0.2879572351122783 0.2908044051510437 0.3210596245220362
0 0.31705563359374994 0.34170352109375 0.3017463909951701 0.32557911249388327 0.2977448462066229 0.3293783600481445 0.3130540888052027 0.34550276864801127
0 0.36523955254461915 0.39080217814680973 0.3315510158804939 0.35019091000169966 0.3267516575819379 0.354172153764575 0.3604401942460632 0.394783421909685
0 0.45783204218749984 0.48215563359375 0.4040769151716871 0.42596545830692156 0.40035984304287914 0.4295214480042494 0.4541149700586919 0.4857116232910779
0 0.5644068130541937 0.5864642516509809 0.4662524183762836 0.4927692546895459 0.46238982572472664 0.49681568679260646 0.5605442204026367 0.5905106837540416
0 0.76302570390625 0.7394478875000001 0.5766221601962587 0.5989111019420478 0.5711503717385392 0.6061687089443778 0.7575539154485307 0.7467054945023299
0 0.6771356345494993 0.6229620487843518 0.62649894375 0.5912186617187501 0.6231365482630007 0.5965823168406483 0.6737732390625 0.6283257039062502
0 0.7893542862382018 0.691876856888022 0.7063723938018309 0.6432020524509425 0.7028855632812501 0.6491464789062502 0.785867455717621 0.6978212833433297
0 0.28451373203124997 0.44005035234375 0.2774465820231666 0.4199838604407968 0.27040422499999994 0.4224640843749999 0.2774713750080834 0.44253057627795317
0 0.3194261252517139 0.5241747225741029 0.30816990936127897 0.4878241767642213 0.3012661223563823 0.489961985571691 0.3125223382468172 0.5263125313815726
1 0.26929084531249997 0.36559788750000005 0.26045346905026834 0.35874283526115097 0.25390563359375007 0.3671841546875 0.26274300985598165 0.37403920692634907
0 0.36904760503702044 0.6192553076294518 0.34634267063099516 0.5835530765796453 0.34000130923327265 0.5875858832235586 0.36270624363929793 0.6232881142733653
0 0.40751619687499996 0.722641196875 0.39212398141253424 0.6883570897426669 0.3868105632812501 0.69074260546875 0.40220277874371585 0.725026712601083
0 0.4594509576143538 0.8417360856598236 0.40772394375000004 0.7275711265625 0.40149967707458806 0.7303912802345212 0.4532266909389418 0.8445562393318449
0 0.4733631164183289 0.884497100467299 0.4606429578125 0.8489908453125002 0.45411311691675726 0.8513301686655982 0.4668332755225862 0.886836423820397
0 0.5234492960937499 0.99936338046875 0.4951369868941966 0.9337926020511744 0.49006454605856964 0.9359827928160322 0.5183768552581229 1.0015535712336079
0 0.37426373203124996 0.25689260546875003 0.3681962475015038 0.2555593546082866 0.3630530950311723 0.2789653009108558 0.3691205795609185 0.2802985517713193
0 0.3344027073121624 0.5027215329112469 0.33289014062499994 0.49465528203125003 0.3291288527941286 0.4953605909484217 0.3306414194812911 0.5034268418284186
0 0.31939190156250014 0.6214052820312502 0.31525086765767535 0.6211874075179538 0.3146565012514253 0.6324842379867037 0.3187975351562501 0.6327021125000002
0 0.31898708120556496 0.6677928846581409 0.3138302171208568 0.6661800960896825 0.29379947419654184 0.7302280567440417 0.29895633828125 0.7318408453125
0 0.29462464765625007 0.7432073945312502 0.2903378310719057 0.7414288797895345 0.28025388949047497 0.7657345585634638 0.2845407060748194 0.7675130733051795
0 0.2833742960937502 0.7785366195312502 0.2767025830806385 0.7770129223620927 0.24237054089313848 0.9273403872058428 0.24904225390625018 0.9288640843750002
0 0.3332305560112157 0.6159779506116351 0.3240145049007536 0.6148134018664052 0.29867824625031253 0.8153204700563721 0.3078942973607746 0.816485018801602
0 0.49201408437499994 0.3435929578125001 0.48689901945673997 0.34146605317536344 0.45703011970556934 0.41329878069713877 0.46214518462382925 0.4154256853342754
0 0.45583063359375 0.4309123242187501 0.45000032685811747 0.4291355680330799 0.43853236904561743 0.46676690553308 0.44436267578125 0.4685436617187501
0 0.4874993452282281 0.46866200999237784 0.4838092957020178 0.43593294870881094 0.4783644367187499 0.43654683125 0.48205448624496017 0.4692758925335669
0 0.49895387343750014 0.5757105632812501 0.4988034387782768 0.5512177668782642 0.4933003916497416 0.5512515665720945 0.49345082630896486 0.5757443629750805
0 0.5043376981643373 0.6552909581975451 0.4976158544707454 0.5830527475945821 0.4871169124868507 0.5840296855111607 0.4938387561804426 0.6562678961141237
0 0.516239084375 0.7841422539062501 0.51019964765625 0.7086288734375 0.5025264326606214 0.7092425646284889 0.5085658693793713 0.784755945097239
0 0.53395774609375 0.9034735914062502 0.53125352109375 0.8857433101562501 0.5241593686631479 0.8868253112867535 0.5268635936631479 0.9045555925367535
0 0.5302220420585713 0.23711541991961066 0.5248049296875 0.23476267578125007 0.5152674525226557 0.25672238856773666 0.5206845648937269 0.2590751327060972