1 0.18385152707384297 0.33488025170458446 0.1325525674928828 0.3004620189049976 0.08675401103984408 0.3687228825591874 0.13805297062080427 0.40314111535877417
1 0.22949247702451386 0.3090170868014298 0.2058891740796572 0.2603873212754227 0.14783533804275972 0.28856476083879284 0.1714386409876164 0.3371945263648
1 0.3113609457079058 0.24891946479443675 0.2677885513857475 0.19796435036209808 0.20913217153664113 0.2481221989071997 0.25270456585879947 0.29907731333953835
1 0.3825352694665555 0.10858824457461021 0.3744318593566657 0.04628894916372455 0.2932794913831295 0.056844621017492436 0.30138290149301933 0.1191439164283781
1 0.46004461857827544 0.09409576474824193 0.3807656049703271 0.08140851451566503 0.3711133955872923 0.14172242217861486 0.4503924091952406 0.15440967241119177
1 0.5281044228793962 0.17330779636919905 0.47047627830795224 0.17039019986685433 0.46662517419656535 0.24645691584774312 0.5242533187680093 0.2493745123500878
1 0.6069928545176235 0.23173509026844163 0.5803528874722387 0.16378484577625943 0.51288382415253 0.1902361652211337 0.5395237911979146 0.25818640971331597
1 0.5102755768106755 0.2983159087279721 0.464573417088957 0.2286520317398149 0.4261327297024266 0.2538705884826519 0.471834889424145 0.3235344654708091
0 0.47383925390625 0.2277376046875 0.4726641312862667 0.22205451079085892 0.45711933203125 0.22526878906249997 0.45829445465123336 0.2309518829591411
0 0.43380717187499995 0.23702124375000005 0.43209765040796383 0.230658986266112 0.3768118435641554 0.24551413380788395 0.3785213650311915 0.251876391291772
0 0.36486303368859613 0.2540541960405454 0.36370149375 0.24861655859375 0.30799867967485645 0.26051530025748565 0.3091602196134525 0.265952937704281
0 0.2421872460761021 0.27930329066896065 0.24154458739084833 0.27320016949587267 0.18894243993663135 0.27873917584454494 0.18958509862188508 0.28484229701763286
0 0.16842089153354894 0.2866019478253198 0.16734528962217227 0.2812717189280188 0.06824401058862331 0.301269645321449 0.0693196125 0.30659987421875
0 0.05543050625 0.30750329062500004 0.05383794125783755 0.3014380291565023 0.010673170945337563 0.31277186900025233 0.012265735937500011 0.31883713046875006
0 0.34370926484375 0.11148263906250004 0.33877756496017647 0.11131972663451946 0.33747923839767646 0.1506227867907695 0.34241093828125 0.15078569921875007
0 0.34347132199646774 0.1999284659437804 0.3423457328125 0.16758827890625 0.3377399694097823 0.16774858093121964 0.33886555859375 0.20008876796875003
0 0.34114535155119197 0.2773240717621126 0.34020364126716307 0.2680203476498035 0.33532324062499996 0.26851433515625006 0.33626495090902886 0.2778180592685592
0 0.33378986656285503 0.6097966468166164 0.3250139945312501 0.60914573515625 0.3170073004303398 0.7170954418587657 0.32578317246194477 0.7177463535191321
0 0.3228141874304953 0.7459710052597084 0.31821520577770807 0.7456494132562612 0.31652287503682924 0.7698508795375146 0.32112185668961646 0.7701724715409619
0 0.21514133671875008 0.3922707140625001 0.16932357228253586 0.36123353151465565 0.16497827343750004 0.36764815625000014 0.21079603787371423 0.39868533879784457
0 0.27395609921875 0.43533784140625 0.25432607545619484 0.41882769438332346 0.2514561515625 0.42223993984375 0.27108617532505513 0.43875008686667655
0 0.348468925374836 0.4828216861701161 0.3010625421874999 0.45541386250000004 0.2967474319155082 0.4628775624096246 0.3441538151028442 0.4902853860797407
0 0.5101093312893468 0.5904522555329993 0.4440438172659573 0.5333729095363811 0.43853592511568884 0.5397479252226933 0.5046014391390783 0.5968272712193115
0 0.7057989328227213 0.7691554019396303 0.57882334140625 0.6577167828125001 0.5720282601460288 0.66545924649787 0.6990038515625001 0.7768978656250003
0 0.33500426040611875 0.39974196852683763 0.25254196774160503 0.33881109964349654 0.24567550390625 0.34810399765625 0.32813779657076375 0.40903486653959115
0 0.4061034357216438 0.4414575041666698 0.34997633356162694 0.4026345328557971 0.34419211373124253 0.4109968886048291 0.40031921589125935 0.4498198599157018
0 0.6002938644452087 0.5828138954167317 0.41965835714607813 0.44889577877062015 0.41467643064342885 0.45561565240438046 0.5953119379425595 0.5895337690504919
0 0.3075348173125635 0.3034930861655402 0.27520923515624995 0.2680494390625 0.27147066274395437 0.271459120050172 0.30379624490026785 0.3069027671532122
0 0.32854348125 0.32932756953125014 0.31439631319254796 0.3121745203332074 0.3101394938331721 0.3156853794330681 0.3242866618906241 0.3328384286311108
0 0.37318507717294447 0.3816677646844321 0.34241150281862676 0.3388054304120347 0.33734611820285654 0.3424421896495503 0.36811969255717425 0.3853045239219477
0 0.45917952109375 0.47925761328125 0.40947496686379703 0.41945454665061294 0.40551889672326896 0.42274258376837226 0.4552234509532219 0.4825456503990093
0 0.5582184799570191 0.5907464213167986 0.4668390169004414 0.4904327562398206 0.46270356855813255 0.4941998905452854 0.5540830316147103 0.5945135556222634
0 0.74568194609375 0.7572123499999999 0.5695358231437242 0.6040150510135897 0.5635710986178412 0.6108732861564458 0.739717221567867 0.764070585142856
0 0.6681267420338544 0.6350188764192793 0.6198277062499999 0.5998205781249999 0.6160993517161456 0.6049366188932206 0.6643983875 0.6401349171875
0 0.7752647806135601 0.7115937887602046 0.695880410968502 0.6572490294209576 0.69198741171875 0.6629357468750003 0.771371781363808 0.7172805062142473
0 0.289220521875 0.42516482421874996 0.283570354303436 0.4046542340229838 0.27637214062500004 0.40663716640625003 0.282022308196564 0.4271477566020162
0 0.3181796509915583 0.5115196370289418 0.3094865398668296 0.474472445650356 0.30245044418826955 0.476123463159157 0.3111435553129982 0.5131706545377427
1 0.27922825859375006 0.34983182734375 0.27089059444901664 0.34237700939507026 0.26376987187500006 0.35034101250000005 0.2721075360197335 0.3577958304486798
0 0.3621255664511623 0.6088482835899552 0.33931354062499997 0.5734845203125001 0.3320251522735183 0.578186025126924 0.3548371780996806 0.6135497884043791
0 0.39221081796874996 0.71564751015625 0.3792476358390622 0.6803732108200323 0.37378075546874995 0.6823822703125 0.3867439375984377 0.7176565696487176
0 0.43571142901596716 0.8380750757169698 0.3920741640625 0.7205799226562499 0.38566833550985413 0.7229590236703474 0.4293056004633213 0.8404541767310674
0 0.44660684018743685 0.8817023894402178 0.43639445859375015 0.8453953125 0.4297173411944688 0.8472734386553935 0.4399297227881556 0.8835805155956112
0 0.48855834609375004 0.9997826968749999 0.4648889904653187 0.932396678373453 0.4596761263966772 0.9342276981640125 0.48334548202510863 1.0016137166655594
0 0.39152833359375006 0.24871388437500003 0.38556863235357286 0.2469606350942796 0.3788052924819952 0.2699507971115246 0.3847649937221724 0.271704046392245
0 0.33461624916415067 0.4911634204276708 0.33367004062499994 0.48301130703124995 0.32986871529831835 0.48345252347529205 0.3308149238374691 0.49160463687171285
0 0.3113630492187501 0.6085109609375001 0.3072473006994389 0.6080047533171902 0.30586635538693885 0.61923260409844 0.30998210390625003 0.61973881171875
0 0.3077233799749336 0.6547573266099469 0.30269158024714915 0.6527887420340139 0.2782418705847156 0.7152834115178172 0.2832736703125001 0.7172519960937501
0 0.27815964140625005 0.72828869296875 0.2740073303448109 0.7262154774080275 0.26225247395390505 0.7497585286672879 0.2664047850153442 0.7518317442280104
0 0.2644722531250001 0.7627470734375001 0.2579230797901598 0.7607616927300883 0.2131883547901598 0.9083280849175885 0.2197375281250001 0.9103134656250003
0 0.32554658507551787 0.6040621855512126 0.3164342185978163 0.6022575943717092 0.27717301206453226 0.800508869425855 0.28628537854223385 0.8023134606053584
0 0.50294394140625 0.34341688828125005 0.49798970195238235 0.34093835579082826 0.4631827635273954 0.41051255273188475 0.468137002981263 0.41299108522230654
0 0.4607575406250001 0.4279995187500002 0.45506537606182745 0.4258203889213369 0.4410003244993275 0.4625600943900869 0.4466924890625001 0.4647392242187502
0 0.48971582393142976 0.46786634578003483 0.4883178271011615 0.43495960669963757 0.48284340937500003 0.43519217968749996 0.4842414062052683 0.4680989187678972
0 0.4952335828361198 0.5510095353256304 0.4897415829134819 0.5506593794112776 0.48818311960861216 0.5751030058043973 0.49367511953125004 0.57545316171875
0 0.49349458175326405 0.6552152600416674 0.4918281951275059 0.582684125984662 0.48128668055222346 0.5829263149305797 0.4829530671779816 0.6554574489875852
0 0.49637876484375 0.7845828789062499 0.49562158749999996 0.7088321554687499 0.48792425523809024 0.7089090952698707 0.48868143258184027 0.7846598187073706
0 0.50573013203125 0.9048595226562499 0.50426929609375 0.8869837945312501 0.49711694783368954 0.8875682970087295 0.4985777837711895 0.9054440251337293
0 0.5484863241401063 0.2398639770245199 0.5432465265624999 0.23713908515625004 0.5322004498489141 0.25838000362346664 0.5374402474265205 0.2611048954917365