1 0.8727298505730333 0.30739795872202086 0.8636541653572577 0.2386183092946732 0.7841850948642612 0.24910449633095016 0.793260780080037 0.3178841457582978
1 0.746656343399523 0.3152433968872292 0.6843378747170628 0.30240476703655894 0.670374487216365 0.37018278827282614 0.7326929558988252 0.38302141812349644
1 0.5627763075302759 0.1266911614117162 0.5472193248542639 0.06917184158389415 0.4686740778547115 0.09041560890438438 0.4842310605307234 0.14793492873220643
1 0.6386275973603123 0.06886126170914184 0.5952003175867103 0.009992676992547888 0.5300843758194921 0.05802862408487637 0.573511655593094 0.11689720880147032
1 0.4870169845047768 0.24429321948395444 0.4681061186606642 0.17341610217447684 0.41254202734901035 0.18824126883520115 0.4314528931931231 0.25911838614467875
1 0.4357216475380561 0.20658133800724138 0.3709469220972437 0.17959746550117972 0.34600999455352105 0.23945850415006936 0.41078471999433336 0.2664423766561311
1 0.33481974078125026 0.25667664007650637 0.3188051933443519 0.1924457962187331 0.2538910421896396 0.20863071129310234 0.269905589626538 0.2728615551508756
1 0.2783059883804149 0.27550424616141617 0.22798005074821376 0.24456927605559642 0.18195555750859477 0.31944330271240495 0.23228149514079596 0.3503782728182248
0 0.9492536141492366 0.2275716404415181 0.9021512850800064 0.22583778162565885 0.9018562717120201 0.23385216930914088 0.9489586007812502 0.23558602812500012
0 0.88764823125 0.23315348671875 0.8875148152583827 0.22372715231203538 0.587186271875 0.22797786406249995 0.5873196878666171 0.23740419846921462
0 0.5813353531250001 0.2271700375000001 0.5179373091784618 0.22387059650482205 0.5176002785768199 0.23034656650260418 0.5809983225233581 0.23364600749778225
1 0.5192238054093281 0.2374442151874694 0.47337050952447096 0.22862713900064432 0.45821731787301445 0.30743146887957007 0.5040706137578715 0.3162485450663951
0 0.49116684375 0.22200898984375006 0.47603944536913767 0.2198400322306088 0.4750740961503876 0.2265728619181088 0.49020149453124995 0.22874181953125006
0 0.5977786456534553 0.1275942741203578 0.5916895052992792 0.08846524513158047 0.5857474148437499 0.08938993515625002 0.5918365551979261 0.12851896414502734
0 0.60763643984375 0.17793886640625 0.6026461932756909 0.1442618019552814 0.597027056904319 0.14509444210518282 0.6020173034723781 0.17877150655615143
0 0.6226310109375001 0.25331332343749996 0.6204063826907407 0.23572815788448248 0.6154020220377477 0.23636123933214098 0.6176266502845071 0.25394640488515846
0 0.57807418359375 0.25458313125000004 0.5671501852974182 0.23047912181330169 0.5616013368517693 0.2329938740218942 0.572525335148101 0.2570978834585925
0 0.6296982820343473 0.2961834731330159 0.6285968902902906 0.2838130833582345 0.6249513828125 0.28413765937499996 0.6260527745565566 0.2965080491497814
0 0.6579713590741157 0.4650529602288877 0.6444438446683336 0.4300489240335293 0.639180357469218 0.4320830294296415 0.6527078718750001 0.4670870656249999
0 0.66652126484375 0.46431253593749994 0.6629402803515909 0.4489784260174128 0.6585067801491432 0.45001378415386073 0.6620877646413023 0.4653478940739479
0 0.6504047381328768 0.4645135358571865 0.6181317543884525 0.41352491379660644 0.6105080334430758 0.41835030840817 0.6427810171875 0.4693389304687501
0 0.7063189189780774 0.3713157993640821 0.69919817734375 0.3699243164062501 0.6913733216469227 0.40996704594841804 0.6984940632812501 0.4113585289062501
0 0.6734722802446268 0.556168584316246 0.66789182265625 0.55359138203125 0.6634554463178733 0.5631975391212543 0.6690359039062501 0.5657747414062502
0 0.6551005532514502 0.6588505001966944 0.6499716616287147 0.6580952023005444 0.6450656421875001 0.6914097953125001 0.6501945338102357 0.6921650932086502
0 0.6480157164062501 0.7064978078125 0.641769547378741 0.7056736858799176 0.6348830500000001 0.7578676937500002 0.6411292190275092 0.7586918156825826
0 0.6327424130832242 0.8010192658017254 0.6273314728013892 0.800293403104803 0.6246403718750001 0.8203542031250002 0.6300513121568351 0.8210800658219227
0 0.6297355504533412 0.8304326620232612 0.6230848287071973 0.8299788608521981 0.62070595390625 0.86484266328125 0.6273566756523941 0.8652964644523131
0 0.6167287052334284 0.9159426976434739 0.6121013758074632 0.9151955940217344 0.6000366648437502 0.9899206929687503 0.6046639942697153 0.9906677965904898
0 0.796734216706403 0.34561497406071384 0.7894270134285927 0.3423952032747163 0.7542563484520095 0.42221430080716055 0.7615635517298197 0.42543407159315816
0 0.758041465919504 0.46034518886523756 0.74707643984375 0.4523922218750001 0.6922297194666892 0.5280112606365457 0.7031947455424432 0.5359642276267832
0 0.6859949839095939 0.5691915406324977 0.68113276796875 0.56555147265625 0.675091030934156 0.5736217148362525 0.6799532468749999 0.5772617828125001
0 0.6729189392901038 0.6017206609895075 0.6644212140625001 0.5983448750000001 0.6328506896161462 0.6778160390104926 0.64134841484375 0.681191825
0 0.6317918252952996 0.7031317935290025 0.6257321331848423 0.7014323577863336 0.6074094649207927 0.766765647851081 0.6134691570312499 0.76846508359375
0 0.6111581350631201 0.7747051742236432 0.6030716962654565 0.7722186193801068 0.5537153053993329 0.9327288269268832 0.5618017441969965 0.9352153817704195
0 0.6775962108898277 0.8546696761385844 0.5481463765624999 0.6804127765625 0.5416735414539222 0.6852212371426656 0.67112337578125 0.8594781367187501
0 0.532816909375 0.6582989421875001 0.5193599804687501 0.6439195929687501 0.5148734680122089 0.6481183003126092 0.528330396918459 0.6624976495313593
0 0.50580446796875 0.626350325 0.44600894843749994 0.55853377109375 0.4414266956966701 0.5625740557658404 0.5012222152279202 0.6303906096720904
0 0.5078483375119948 0.6715055857657857 0.44114731796875006 0.55162620078125 0.43365353983175525 0.5557957470467143 0.5003545593750001 0.67567513203125
0 0.42476611406250003 0.5216058921875001 0.39442940836034335 0.46473851738345556 0.39010094453125 0.4670475976562501 0.42043765023340673 0.5239149724602946
0 0.3919826736986588 0.45630044204277953 0.3274570630111978 0.29100911538301233 0.313115499714366 0.29660770393960234 0.3776411104018269 0.46189903059936943
0 0.414721559482308 0.522749259596184 0.36289813828124995 0.46535467343750014 0.3567934345248203 0.47086680716388407 0.40861685572587836 0.5282613933225679
0 0.3480814959088277 0.43782531754802917 0.2845098362364484 0.36140492967364046 0.27763679225067006 0.3671223936296645 0.3412084519230494 0.4435427815040532
0 0.42651334296875004 0.27017555937500004 0.4088408099368963 0.24541624134154957 0.40272691875 0.24978017187499998 0.4203994517818536 0.27453948990845045
0 0.52323280625 0.4086995023437501 0.47503884233601035 0.3460211922572244 0.46915605778218 0.35054452267423303 0.5173500216961696 0.4132228327607586
0 0.5726847562499999 0.4815445203125 0.5300737764749569 0.42049642750331717 0.5206786252576803 0.4270541524064385 0.5632896050327234 0.48810224521562134
0 0.6182985656250001 0.5438801906250001 0.5878794964657779 0.4921645798265845 0.5777605778711818 0.49811651735170387 0.6081796470304038 0.5498321281501195
0 0.68193054375 0.64012213203125 0.6816037621537687 0.6339764782226838 0.6712051966796689 0.6345293990232999 0.6715319782759003 0.6406750528318661
0 0.753829005161436 0.7460122159692052 0.6888141615330279 0.6494326433377555 0.6806442159266789 0.6549324371510532 0.7456590595550872 0.7515120097825029
0 0.7915910067921638 0.8071660865953911 0.7682704737576933 0.7754833129807319 0.7619721301764197 0.7801192937612018 0.7852926632108901 0.8118020673758608
0 0.7068384398753244 0.6492007239570706 0.6906636202388917 0.5758222412336428 0.6841262396399223 0.5772632761005205 0.7003010592763548 0.6506417588239485
0 0.7142245515625 0.68123314140625 0.7081836404347702 0.6530336391451745 0.7021407870200226 0.6543281421508811 0.7081816981477523 0.6825276444119565
0 0.7697766843749999 0.7577487468750002 0.7022821964165449 0.5837336939595769 0.6944752524828829 0.5867617405250598 0.7619697404413379 0.7607767934404831
0 0.727762115625 0.73514073203125 0.7231165399028898 0.710993728761701 0.7178654455546105 0.7120039723992475 0.7225110212767207 0.7361509756687965
0 0.7553005087233842 0.6738690866599168 0.7210342759893986 0.6163909190134542 0.7155244736002497 0.6196756474367073 0.7497907063342353 0.67715381508317
0 0.77577998046875 0.7033020046875 0.7627544006315568 0.6821894097411614 0.7570429273437499 0.68571314765625 0.770068507180943 0.7068257426025888
0 0.8511198904439988 0.8522545962600461 0.7852402425952058 0.7125838407892916 0.7767651218750001 0.7165813703125 0.8426447697237931 0.8562521257832545
0 0.5173552352869517 0.5170238134249124 0.5050716828125 0.4345946679687499 0.4981649521166112 0.4356239057275591 0.5104485045910628 0.5180530511837216
0 0.5426045815652814 0.6482403816949726 0.53264330936109 0.579881402458823 0.5215043984374998 0.58150456484375 0.5314656706416913 0.6498635440798994
0 0.6057038633025281 0.8586990920967331 0.5930399060453385 0.834915184082989 0.5875634372740604 0.837831179486256 0.60022739453125 0.8616150875
0 0.5913992999278483 0.8257005138335692 0.51102436473679 0.6765421248950678 0.501819979929302 0.6815019654889511 0.5821949151203605 0.8306603544274525
0 0.5766559535951832 0.9633133188558662 0.5764944390625 0.9481310812500002 0.5684932073423169 0.948216201456634 0.568654721875 0.9633984390625001