1 0.1676344386964811 0.4036732368443509 0.16307915296268807 0.33372981572731364 0.08370966750714036 0.33889900360831765 0.08826495324093339 0.408842424725355
1 0.3012188345724121 0.42011728137600574 0.2711963275336814 0.3570150019452739 0.21448848475048546 0.38399519385701936 0.24451099178921623 0.44709747328775123
1 0.4251082194602661 0.09969618427987552 0.34527111599554916 0.09412219036607508 0.3411145768406555 0.15365688877017408 0.42095168030537244 0.15923088268397453
1 0.352733054591492 0.07450253072512732 0.2676016589462095 0.06075159164297028 0.2566635405771037 0.1284689509398021 0.3417949362223862 0.14221989002195912
1 0.5038666707233026 0.2495849320129535 0.503788817917175 0.17622840156026853 0.44628099180461955 0.17628943424010673 0.44635884461074715 0.24964596469279177
1 0.5812099394715038 0.20804876585721394 0.5412633045589631 0.15711068559973795 0.48609266106901294 0.20037657905789424 0.5260392959815535 0.2513146593153702
1 0.6628364693645032 0.15554367178801032 0.5962507364358874 0.15347536541438045 0.5941910171005308 0.21978465272333483 0.6607767500291466 0.22185295909696473
1 0.7604417180062011 0.24338837568469063 0.6968333247194779 0.18284072362888887 0.6560672725426293 0.2256675384031801 0.7196756658293525 0.28621519045898186
0 0.0423242703125 0.3448878625000001 0.040045671260274904 0.33848487232214636 -0.002278599052225094 0.3535465918533963 0 0.35994958203125005
0 0.3476908641198023 0.2689519307834284 0.34538001953124997 0.25981226171875005 0.054184756973947645 0.33343713718532164 0.0564956015625 0.34257680625000003
0 0.4128974507812499 0.24313313984375004 0.41024434966115236 0.23585539601859679 0.35082249140625 0.25751763125000005 0.35347559252634764 0.2647953750751533
1 0.4927858138629987 0.2990384423779034 0.44227436593257874 0.23262175110994382 0.4044855592290709 0.2613610229061851 0.454997007159491 0.3277777141741447
0 0.4531279843750001 0.22901654609375005 0.45026778003529283 0.22284885091715384 0.43639764175404283 0.2292809829484038 0.43925784609375 0.23544867812500003
0 0.31273872109375 0.16520554921875 0.31090065234375 0.12557419765625 0.3052365019374744 0.1258368961877562 0.30707457068747446 0.1654682477502562
0 0.3184780612661509 0.21598265395695995 0.3139086953125 0.18235922187499998 0.30810626217134907 0.18314776244929 0.31267562812500005 0.21677119453125
0 0.3228997522307483 0.2923892688518067 0.31939382109375003 0.27533610546875 0.31419439855050174 0.2764050459919432 0.3177003296875 0.29345820937499995
0 0.370340628125 0.2578619046875001 0.36416284849407954 0.25712716365689364 0.3610675695312501 0.28315259375 0.3672453491621706 0.28388733478060646
0 0.3252927984374999 0.33611600234375005 0.32343694765625 0.32383278750000005 0.3198438418862967 0.3243756639566204 0.3216996926675467 0.3366588788003704
0 0.3478730523437501 0.47040786875000007 0.34233729676221675 0.46983003111643934 0.33844127332471674 0.5071544147101894 0.3439770289062501 0.5077322523437501
0 0.3344686972451475 0.5084196407986358 0.3337534 0.4927481859374999 0.3292009168173525 0.49295597638886407 0.32991621406249994 0.50862743125
0 0.3678455 0.4483985546875001 0.3597546867645108 0.4465183205327309 0.34605764613951073 0.5054578931889807 0.354148459375 0.50733812734375
0 0.29056909901192063 0.4634270928835925 0.27392327187499993 0.4259128203125 0.26735284549958915 0.4288282488724883 0.28399867263650985 0.4663425214435809
0 0.3576551530584612 0.6048724973750212 0.3516994226562499 0.5952189007812501 0.34675827791903424 0.5982673113552065 0.35271400832124544 0.6079209079489777
0 0.40941784999999997 0.7224334156250001 0.3953390314115534 0.691738869130232 0.390634182582012 0.6938968652800845 0.4047130011704586 0.7245914117748525
0 0.43645404921875003 0.7839913671875001 0.4156869255503969 0.7355363914878235 0.40990018925325994 0.7380165055851584 0.43066731292161303 0.786471481284835
0 0.46252041484374995 0.8416977007812501 0.45439103437500006 0.8231578804687499 0.4494880247165707 0.8253077627374822 0.4576174051853206 0.8438475830499822
0 0.47783523203125 0.88365195078125 0.4657504125000001 0.8508532867187502 0.45953665550084527 0.8531427742357639 0.47162147503209517 0.8859414382982639
0 0.5301728078125001 0.9991184437500001 0.4984267640625001 0.9303996984375003 0.49419086835074355 0.9323565579519506 0.5259369121007434 1.0010753032644506
0 0.23593202718084977 0.4888375831135005 0.17714544653872527 0.4243264740190086 0.16949658426121247 0.43129659847368024 0.228283164903337 0.49580770756817216
0 0.31943088246787754 0.579750661018991 0.2490206859375 0.51796250625 0.2404986142019187 0.5276737647912471 0.31090881073229626 0.589461919560238
0 0.3498721642784394 0.6167969320964279 0.34200515078125004 0.6101984703125001 0.3381569495252384 0.6147864867642563 0.34602396302242777 0.6213849485481842
0 0.41626461738302145 0.7074095056246177 0.3666348296874999 0.6375491960937498 0.3597671039225155 0.6424281291239083 0.409396891618037 0.7122884386547761
0 0.46529458644248783 0.7854739944325472 0.4306764125 0.7271166374999999 0.42526291355751217 0.7303279797862027 0.4598810875 0.78868533671875
0 0.5612057893044564 0.9311130837262354 0.4694457109375 0.7905292554687501 0.4612443590787446 0.7958823369618506 0.553004437445701 0.936466165219336
0 0.5067004178831324 0.6892686611276941 0.49951423906826237 0.6864633721483827 0.42056112118513 0.8887139164894385 0.42774730000000005 0.89151920546875
0 0.5229234203958326 0.6459272809199692 0.5170953326771823 0.6433947941711123 0.5092720812500001 0.6613986773437501 0.5151001689686503 0.6639311640926071
0 0.5710037806214757 0.5443007517595093 0.5654546336368971 0.5417000286008907 0.527095184375 0.6235473492187501 0.5326443313595786 0.6261480723773688
0 0.5781946185477219 0.5366179525578278 0.5699795748096244 0.5345778695283138 0.5369105484494024 0.667740831032986 0.5451255921875001 0.6697809140625
0 0.5976256265624998 0.43972645468750005 0.5928546074156715 0.4386154547941315 0.5782362745194249 0.5013916499666067 0.5830072936662533 0.5025026498599752
0 0.6294172820439875 0.25586621690611155 0.6164199656673058 0.2537278485806758 0.587597700161326 0.4289138064991299 0.6005950165380076 0.4310521748245657
0 0.6307322758884364 0.4352139452942586 0.6234633585937501 0.4310506109375002 0.585179853955656 0.4978911779251865 0.5924487712503422 0.5020545122819449
0 0.6812163043564298 0.314689641817864 0.6725840990823024 0.3104729491550344 0.6290273798821227 0.3996401167121705 0.63765958515625 0.4038568093750001
0 0.52919692421875 0.23313007968750005 0.5225812170698052 0.2302162792370615 0.5101679293279522 0.25840032198553653 0.516783636476897 0.26131412243597507
0 0.49150664719692216 0.3478683299621238 0.48437503035575646 0.3447952863098969 0.45306682843878177 0.41745227570733406 0.4601984452799474 0.42052531935956095
0 0.4550106640625001 0.4326689312500001 0.4387775248408031 0.42954193070355123 0.4250152875000001 0.5009855750000002 0.4412484267216971 0.5041125755464491
0 0.42425837830017193 0.5189414300807129 0.4151002993020748 0.5153771165976639 0.3932534519209163 0.5715099890645574 0.4024115309190134 0.5750743025476066
0 0.3707222150303441 0.6802774090832653 0.3694472493954617 0.6742565863382209 0.3592598999901176 0.6764138530362056 0.360534865625 0.68243467578125
0 0.3638826132812501 0.6958142023437501 0.35483171611157655 0.6928739322237034 0.3188901199213078 0.8035112811577794 0.32794101709098133 0.8064515512778261
0 0.3196392368823172 0.8384787228508438 0.31221270870045165 0.8354750418895541 0.29747128197438455 0.8719228612262103 0.30489781015625017 0.8749265421875002
0 0.3458238443779751 0.6973301012830067 0.34129024029881705 0.6222847331495007 0.3345056787620473 0.6226945987631076 0.3390392828412053 0.6977399668966136
0 0.34620373523061637 0.7301580860799295 0.3446083546875 0.7013915749999999 0.3383861811756337 0.7017366545450704 0.33998156171875005 0.730503165625
0 0.33253066967012174 0.633882026866338 0.32405226759329553 0.6330636918124048 0.30612601796875005 0.818789515625 0.3146044200455763 0.8196078506789333
0 0.34635829805232665 0.7854038466917628 0.34339847656250005 0.76124187578125 0.3378977683539234 0.7619157079957375 0.34085758984375003 0.7860776789062501
0 0.3219987531428212 0.6711494974513066 0.3156114490874223 0.6694512578297619 0.2984202182847153 0.7341097529151328 0.30480752234011427 0.7358079925366776
0 0.29978169765625007 0.7459127304687501 0.29426491155876605 0.7435209413262346 0.2841514139570435 0.7668482497307882 0.28966820005452754 0.7692400388733037
0 0.2887208046875001 0.7808336234375001 0.28014256277219085 0.7791019049016132 0.2495724694698509 0.9305339363123883 0.25815071138516016 0.9322656548482751
0 0.4943708078125 0.520166103125 0.4851291684183128 0.4373596019387718 0.47817298515625 0.43813594843750003 0.4874146245504372 0.5209424496237282
0 0.5070332969647817 0.6531781064078117 0.5003232796874999 0.5842931117187499 0.4896841424473524 0.5853294592574121 0.49639415972463424 0.6542144539464738
0 0.5020280810532248 0.848617378937659 0.4959835632382634 0.8474257135356865 0.4907361243725387 0.8740424447542778 0.4967806421875001 0.8752341101562502
0 0.5453605812756317 0.6758324928032982 0.5366478614063682 0.6735811553629111 0.4942522730994868 0.837652910215863 0.5029649929687502 0.8399042476562502
0 0.55362097265625 0.9653776695312501 0.548724782535553 0.9504811502354675 0.5412181216002125 0.9529484406394373 0.5461143117209095 0.9678449599352199