1 0.17132428522077295 0.39438337686373753 0.16365939770745025 0.32539934956204786 0.08400893421380837 0.33424939597051306 0.09167382172713108 0.4032334232722027
1 0.3026432563429466 0.41666023618907166 0.2737266065588202 0.35304360409764085 0.21655653145392542 0.3790300008242781 0.2454731812380518 0.44264663291570894
1 0.43210589084930395 0.09845011120437026 0.3523782266712192 0.09148361629286221 0.347183296584375 0.15093670520682292 0.4269109607624598 0.15790320011833095
1 0.36018143875693864 0.07199717369037097 0.27530299613774456 0.05676258154920335 0.2631847131737177 0.12427873004036169 0.3480631557929118 0.13951332218152931
1 0.5093559623511197 0.2488826426107294 0.5081461760368893 0.17508580360048717 0.4508884167461817 0.1760244569967902 0.45209820306041204 0.24982129600703243
1 0.5862928223252128 0.2095105397525055 0.5472412631823186 0.1578830535891645 0.4913239289927521 0.2001794977024435 0.5303754881356463 0.2518069838657845
1 0.6688232604178767 0.15843802234497012 0.6022837656277163 0.15520794994933262 0.5990671035999269 0.22147119114754182 0.6656065983900873 0.22470126354317932
1 0.7648805417076985 0.247972792936996 0.7023385380302131 0.18632424404775386 0.6608312646016776 0.2284330705194642 0.7233732682791632 0.29008161940870636
0 0.04510105625000003 0.3369239437500001 0.04290849607396634 0.33044719834583 -0.0017827008010336653 0.34557642334582994 0.0004098593750000212 0.35205316875000003
0 0.35174640627607856 0.266328960161075 0.34959542265625 0.25715035234375005 0.057159579661421364 0.3256819554639251 0.059310563281249985 0.33486056328125
0 0.41739366171875 0.24165211250000002 0.4148679786303888 0.23432917385854277 0.3550771124999999 0.25495105625 0.35760279558836106 0.2622739948914572
1 0.4962941750199322 0.29894314473718453 0.44694955182968404 0.23165502295904564 0.40866493106986235 0.2597304118308556 0.45800955426011053 0.32701853360899447
0 0.45786443671875 0.2282397890625 0.4551123095839449 0.2220231160945489 0.44113202755269487 0.2282122004695489 0.44388415468750003 0.23442887343750002
0 0.3186102109375001 0.16198838046875003 0.31746408437500007 0.12233098593750003 0.3117962118418961 0.12249479143556256 0.3129423384043961 0.16215218596681255
0 0.32346249376176195 0.2128579162998788 0.31948063359374995 0.179159859375 0.313665322644488 0.17984701338762127 0.3176471828125 0.21354507031250006
0 0.32655003219484424 0.2893300632230393 0.32334225390625 0.27221831015625 0.31812496780515576 0.2731963453707106 0.32133274609374995 0.2903080984374999
0 0.37458626796875 0.25563591562500004 0.3684222524231374 0.25479346953124216 0.3648732390625 0.280760915625 0.3710372546081126 0.28160336171875794
0 0.32817957734375 0.33309190156249996 0.32653838046875 0.32077816875 0.3229363479012912 0.32125825425155974 0.3245775447762912 0.3335719870640597
0 0.34841267578125007 0.46775739453125 0.34288784797206034 0.46708303263246165 0.3383410175033103 0.5043337365387116 0.34386584531250003 0.5050080984374999
0 0.33434696516166845 0.5055294392523221 0.33390528203125 0.48984788749999997 0.32934986608833144 0.4899761943414277 0.32979154921874987 0.5056577460937499
0 0.36876619687499995 0.4461000000000001 0.36070943022546526 0.44407884803208864 0.34598583881921524 0.5027703972508386 0.35404260546874994 0.50479154921875
0 0.291239281994773 0.4597775896347388 0.27525070390624995 0.42197852109374995 0.268630396911505 0.42477883600734884 0.28461897500002803 0.4625779045483377
0 0.3558465552603538 0.6023722645668078 0.35006021093750006 0.5926161968750001 0.34506661669963745 0.5955779081486062 0.3508529610224912 0.6053339758404139
0 0.40554964765625 0.7208186617187501 0.3920086673372679 0.6898830803286785 0.38726687301221074 0.6919586367186699 0.4008078533311929 0.7228942181087413
0 0.43150739453125003 0.7828390843749998 0.4115890897624975 0.7340290523467419 0.40575995138891907 0.7364077960156037 0.42567825615767163 0.7852178280438618
0 0.45656267578124987 0.84099154921875 0.44875809843749986 0.82231267578125 0.44381831511938186 0.8243766611225831 0.4516228924631319 0.8430555345600832
0 0.47114295781250004 0.88320668984375 0.45963239453125004 0.8502021125000001 0.4533796271479334 0.8523828062231461 0.4648901904291834 0.885387383566896
0 0.52145739453125 0.9995690140625 0.49091549296875003 0.93030668984375 0.4866460902749338 0.9321893248589046 0.5171879918374337 1.0014516490776546
0 0.23616705736924995 0.48423066127637604 0.17851530389031162 0.4187034107494414 0.17074596080425813 0.42553898295319714 0.22839771428319647 0.4910662334801317
0 0.31806654307022897 0.5765871495431693 0.24874542265625 0.51357957734375 0.24005516400941745 0.523140626040866 0.30937628442339643 0.5861481982402852
0 0.3478566424225965 0.6141590517710614 0.34010598593749997 0.6074242960937501 0.33617829857342174 0.6119444534681863 0.3439289550585183 0.6186792091454977
0 0.4126575753999034 0.7059165321712648 0.36425457734375005 0.6352007039062502 0.35730274848804067 0.6399590354827196 0.40570574654419395 0.7106748637477344
0 0.4603176641487517 0.7848248221043289 0.42672323906249987 0.7258721828125 0.4212545186637481 0.728988557583171 0.4548489437499999 0.787941196875
0 0.5536725065851429 0.9321156113826128 0.4643799296875001 0.7899517609375001 0.456086402807621 0.7951608938102777 0.5453789797052638 0.9373247442553904
0 0.5033962033382958 0.6893567726616883 0.49626007833928004 0.6864264949677743 0.4137892273447342 0.8872683137123364 0.42092535234375 0.8901985914062502
0 0.5203731467395587 0.6463051245355659 0.5145901445853646 0.6436713092385788 0.5064538734374999 0.6615359156250001 0.5122368755916941 0.6641697309219872
0 0.5702198116537853 0.5455331911725689 0.5647168987981976 0.5428360182132911 0.524934859375 0.6240014085937501 0.5304377722305876 0.6266985815530279
0 0.5775436382150281 0.5379770597992598 0.5693654501123683 0.5357939151751495 0.5339774454910903 0.6683594608446397 0.5421556335937501 0.6705426054687502
0 0.5986626757812502 0.4414394367187501 0.5939117730270457 0.440245340322317 0.5782000711611677 0.5027568493519201 0.5829509739153721 0.5039509457483532
0 0.633658293240926 0.2581620425891037 0.6207002762536884 0.25579716552277665 0.5888249838406305 0.4304534241684189 0.6017830008278682 0.432818301234746
0 0.631843037368103 0.43750540567283835 0.6246478875 0.4332158453125001 0.5852036845352103 0.4993780922373 0.5923988344033132 0.5036676525976382
0 0.6844228161680641 0.3178805259582736 0.6758655169811683 0.3135138227451595 0.6307592500318542 0.401907240536886 0.6393165492187501 0.40627394375000014
0 0.5338499999999999 0.23368028203125008 0.5272861533966002 0.23065146543008033 0.5143828768471399 0.25861457416343636 0.5209467234505396 0.26164339076460613
0 0.4941630046037891 0.34774327069338834 0.4870861057444024 0.34454623107284543 0.4545146324209224 0.416645751182121 0.4615915312803091 0.41984279080266373
0 0.45619260546875007 0.4318940140625001 0.44001651180662094 0.42848418231418206 0.4250095070312502 0.49967676093750013 0.44118560069337925 0.5030865926858181
0 0.4239393408655016 0.5176166717764141 0.4148448619344289 0.5138930704067969 0.39202168820805633 0.569636113764855 0.40111616713912907 0.5733597151344725
0 0.3675956299573574 0.6779937441055804 0.3664259369132493 0.6719515871573445 0.3562024897683919 0.6739307305517639 0.3573721828125 0.6799728874999998
0 0.3604859156250001 0.6934088031250002 0.3514877113692452 0.6903110207711805 0.3136207013461851 0.8003042520006328 0.32261890560193995 0.8034020343544526
0 0.3137594388648586 0.8352794414765661 0.30638646253260016 0.8321466068421357 0.2910111783552416 0.8683316020843195 0.2983841546875 0.87146443671875
0 0.3424034407848535 0.6946093017653936 0.33918024953433623 0.6194962416437046 0.3323895680445427 0.6197876379085818 0.33561275929506007 0.6949006980302708
0 0.3422103470678322 0.7274389171515969 0.34111725390625003 0.6986489437500001 0.3348900052759177 0.6988853789421532 0.33598309843749996 0.72767535234375
0 0.33021961287160195 0.6309388933142581 0.32175678352000586 0.6299727143179841 0.30059190156250015 0.8153573945312502 0.3090547309140962 0.8163235735275242
0 0.3414007150145483 0.7826789606546003 0.3388630281250001 0.7584690140625001 0.33335139748545173 0.7590467432516499 0.3358890843749999 0.7832566898437501
0 0.31903889374835537 0.6680168804397877 0.31268220106367445 0.6662074255826802 0.294365141180393 0.7305560442329653 0.30072183386507384 0.7323654990900728
0 0.2955204226562501 0.7423809859375001 0.2900462194295865 0.739893279885427 0.2795271443173853 0.7630405302901695 0.2850013475440488 0.7655282363422425
0 0.28385176093750014 0.77710352109375 0.275305047891856 0.7752223552682181 0.24209675706115558 0.9260978010232777 0.25064347010679977 0.9279789668488094
0 0.49401971796875 0.5200647890625 0.48622465868346365 0.4371096106041653 0.4792559859375 0.43776443671875 0.48705104522278636 0.5207196151770846
0 0.5043588989915516 0.6532775246074081 0.4988521125000001 0.5842859156250001 0.4881965095477948 0.585136426741671 0.4937032960393464 0.6541280357240788
0 0.49594356004832185 0.8485996774928186 0.48992075967643045 0.8473027021398627 0.4842095941593586 0.8738237996470442 0.49023239453125 0.8751207750000001
0 0.5422849724835433 0.6765973636931067 0.5336128704405152 0.6741943111172881 0.48836029248822194 0.8375011724241819 0.4970323945312501 0.8399042250000004
0 0.5454908453125 0.9662426054687501 0.5408553818654802 0.9512629046821235 0.5333068042850895 0.9535988095142237 0.5379422677321092 0.9685785103008502