1 0.18930841693861994 0.3634165483712405 0.12889076864785404 0.31060272919517135 0.0802796012782118 0.36621265210855525 0.14069724956897772 0.41902647128462434
1 0.3582034231314164 0.2189025580378733 0.35200772380322476 0.15425302980958294 0.28148728395573497 0.16101136902350582 0.2876829832839266 0.22566089725179625
1 0.4225838848478067 0.1624819339019003 0.3884834169359097 0.1369203104904045 0.3464444131811618 0.19300241746418106 0.3805448810930588 0.21856404087567688
1 0.5686769560948097 0.24919825558545652 0.5684636174234206 0.1863336606380586 0.5033993913467109 0.18655446402600348 0.5036127300181 0.24941905897340141
1 0.6362408830467128 0.21596337491514 0.5652898859847733 0.20173420135910508 0.5535838867853056 0.2601038818987197 0.6245348838472451 0.2743330554547546
1 0.7850332049247413 0.3951255711898952 0.7197766586407532 0.32603774422939924 0.6767296277648188 0.3666975925171434 0.741986174048807 0.4357854194776394
0 0.16208564154694396 0.4189080073687119 0.1404281181666973 0.3873648529814833 0.13544298198093058 0.39078764647168257 0.1571005053611772 0.42233080085891117
0 0.20042616718750006 0.4795944609375001 0.18078615529211414 0.44976299055624 0.17537041853924426 0.4533285249697049 0.19501043043463015 0.483159995350965
0 0.30657877421875007 0.6154116875000002 0.22680610086218816 0.5024901349089606 0.21801915734977612 0.5086976122109846 0.29779183070633797 0.6216191648020243
0 0.3817708313463614 0.6941861129201806 0.3631812253992276 0.6731799385980146 0.35911736592786603 0.6767762881778341 0.3777069718749999 0.6977824625000001
0 0.4488211179834458 0.7643842298781285 0.43745384917856456 0.7536776496874968 0.4338051288513688 0.7575515276218685 0.44517239765625005 0.7682581078125001
0 0.5089533113058061 0.8190692735211123 0.48874825135131494 0.7982878606588504 0.48431243233753973 0.8026006564112199 0.5045174922920308 0.8233820692734817
0 0.5840095835937501 0.8922380937500002 0.5601899064687521 0.8643116515075796 0.554649184593752 0.8690375741638297 0.57846886171875 0.8969640164062502
0 0.19891736718749997 0.16616286484375 0.19338504296874998 0.15305298671875 0.18887813540608916 0.1549548864635713 0.19441045962483913 0.1680647645885713
0 0.2516619242016578 0.29740052725815613 0.22555751102217347 0.20139921059462185 0.21411121419955675 0.20451165604867577 0.24021562737904106 0.30051297271221006
0 0.29417280859375 0.40894087968750004 0.2830763322767062 0.3760816352419669 0.27851173527869594 0.37762308707203646 0.28960821159573974 0.4104823315175697
0 0.37375337136260867 0.5949112212773755 0.2966259513270601 0.41362900792639046 0.2891885862718375 0.4167932719099797 0.3663160063073861 0.5980754852609648
0 0.39698400730057065 0.6438450298745406 0.37892317265625 0.6084011554687501 0.37359635519942935 0.6111154966879595 0.39165718984375 0.6465593710937501
0 0.39621885 0.6851707757812501 0.3905025828125 0.6621402132812501 0.3860260972695843 0.6632512928488589 0.3917423644570843 0.6862818553488589
0 0.46031968203125 0.7496553781250002 0.44536780945939514 0.7325816780483806 0.44026973731584584 0.7370461892387145 0.4552216098877008 0.7541198893153339
0 0.46165602347256074 0.8894672833944297 0.41838893196119675 0.7692796497041372 0.4064036189560987 0.7735943168513431 0.4496707104674627 0.8937819505416356
0 0.42146828616633003 0.7904866834314428 0.40769094310791265 0.7852096512560471 0.3637044828125 0.9000500640625001 0.3774818258709174 0.9053270962378956
0 0.470433772610458 0.6230048655387854 0.45794154132338927 0.6181039697846149 0.3438854134905941 0.9088295024349062 0.3563776447776629 0.9137303981890768
0 0.32439862172961836 0.26576150944470267 0.32121769694036006 0.21868023101553127 0.31555220148856195 0.21906300556047417 0.31873312627782024 0.2661442839896456
0 0.32498336673832706 0.3031651172306075 0.32475778876124506 0.2840137377722138 0.32020920703125 0.28406731406249996 0.320434785008332 0.3032186935208937
0 0.34008511455551926 0.4355538733692209 0.328010880647935 0.319546612600845 0.3208218204201105 0.32029486227238735 0.33289605432769476 0.4363021230407632
0 0.346215203125 0.47271300703124997 0.33933278769563985 0.4465945616201067 0.333655282498363 0.44809062881533646 0.34053769792772315 0.47420907422647973
0 0.41668003211528715 0.39386305077298733 0.4097699900809927 0.29757929756847873 0.4026952790236761 0.2980870317308842 0.4096053210579706 0.39437078493539274
0 0.42520646875000007 0.48283925156249996 0.42234209297412056 0.46419384775785594 0.41653628749999994 0.46508575703125005 0.41940066327587944 0.48373116083589407
0 0.4412062480056992 0.572585465849819 0.42882025504028637 0.4907910421177696 0.42139648499927873 0.4919152112152375 0.43378247796469155 0.5737096349472869
0 0.47314959292602426 0.7492891431732477 0.46050089735578503 0.6572656332777471 0.45243581359145174 0.658374184662055 0.465084509161691 0.7503976945575557
0 0.49168875972563153 0.8310803627708937 0.48283427093123965 0.7992490236046695 0.47698819529876035 0.8008752200681183 0.48584268409315223 0.8327065592343427
0 0.5354456887096601 0.2489948899674947 0.5300514715873753 0.24802677737981452 0.5145935062818849 0.3341568640945888 0.5199877234041698 0.335124976682269
0 0.5170981662494553 0.36112872286794345 0.5080254050419679 0.3592851512304141 0.5000992092864321 0.39829230447027875 0.5091719704939195 0.4001358761078081
0 0.58812720546875 0.26019184140625 0.5821615650218398 0.2577185638609197 0.5742503923655897 0.27680061620466967 0.5802160328125 0.27927389375
0 0.5690773579221495 0.3106449440367304 0.5647256025442254 0.3094842113342874 0.5593197563408261 0.32975151339130704 0.5636715117187501 0.3309122460937501
0 0.5502019222011 0.3643213220711739 0.5381392186389056 0.3612017300491776 0.5052433323747267 0.48840212087673185 0.517306035936921 0.49152171289872815
0 0.71770519453125 0.40268351640625005 0.7140332842188706 0.39820283212501534 0.669091179628723 0.4350327819600713 0.6727630899411025 0.439513466241306
0 0.6654048158000163 0.4453959988671764 0.6611477689673195 0.44016890055689756 0.5761383599408636 0.5094021565555213 0.5803954067735604 0.5146292548658001
0 0.52489865390625 0.5679773265625 0.52244541397465 0.5639136502098452 0.4913874530371499 0.5826633298973452 0.49384069296875 0.5867270062500001
0 0.48852537968750004 0.5904925109375 0.48418606288390204 0.5840300840904288 0.3558440448723528 0.6702077211522061 0.3601833616759508 0.6766701479992773
0 0.32201166799297926 0.6960927639072125 0.31105305066898514 0.6827614718306156 0.150069272583253 0.8150937025908519 0.1610278899072471 0.8284249946674487
1 0.21594171787763541 0.16880375498938832 0.21423922524000566 0.09603218253532717 0.137036051210138 0.09783835259535263 0.1387385438477678 0.1706099250494138