1 0.4126692580948215 0.06409964550534557 0.3331299516319072 0.05706652143025659 0.32758134113131393 0.11981710372315421 0.4071206475942282 0.12685022779824318
1 0.48707656300936053 0.14671854272091478 0.48367946569622894 0.08267327401128906 0.4047101986999774 0.08686197194538985 0.408107296013109 0.15090724065501557
1 0.5537482144485576 0.21057183493281523 0.48004768111320334 0.16898447037617323 0.44830995589037964 0.22522961359959628 0.5220104892257339 0.2668169781562383
1 0.5835886234555232 0.29116080541663764 0.5537808151880602 0.2334589471181256 0.5041942698883703 0.259074521356523 0.5340020781558332 0.316776379655035
1 0.660221811888834 0.17028869990017714 0.5789956243749222 0.15449990320043805 0.565289603764769 0.22501115376130248 0.6465157912786806 0.24079995046104155
1 0.7314602439275619 0.19813522036651668 0.6585738610776125 0.18649356777001694 0.6506697204633273 0.23598003149475022 0.7235561033132767 0.24762168409124996
1 0.7391591597681073 0.2851559323072775 0.6956007875875392 0.21751764587737393 0.63506029079978 0.25650511333503334 0.6786186629803483 0.3241433997649369
1 0.8180011097286094 0.28368208665561545 0.7635451282809264 0.21549225501668928 0.7184824747269069 0.2514790138477558 0.77293845617459 0.31966884548668195
1 0.4372661787256196 0.36471400599076403 0.4211100620052684 0.30577156101219255 0.3502724445323679 0.32518814301010324 0.3664285612527191 0.3841305879886747
0 0.3877037772202979 0.1579088767012776 0.38035535390624997 0.120512915625 0.37280654058403007 0.12199628105308054 0.38015496389807796 0.15939224212935815
0 0.40111144384448405 0.2716573693190293 0.39029650640140945 0.1750933336965191 0.3812092500510319 0.17611108433551173 0.39202418749410656 0.2726751199580219
0 0.42247730951133616 0.40481879987294683 0.41479091216399694 0.3734134998823338 0.40745456078070263 0.3752090602440739 0.41514095812804186 0.40661436023468694
0 0.49997939793618673 0.24555552731528696 0.4918009067811228 0.24322666429416495 0.46258075816496114 0.3458418567032916 0.47075924932002505 0.3481707197244136
0 0.47111230986820535 0.35507739374943353 0.4646224015625 0.35329222890625 0.44388665263179466 0.42867636484431654 0.4503765609375 0.4304615296875001
0 0.4309834906250001 0.4911619593750001 0.4264242992207823 0.4895080377015467 0.4214460515645323 0.5032310478577966 0.4260052429687501 0.5048849695312501
0 0.42406175625 0.5116428742187502 0.4170008406803308 0.5094677645684887 0.37089289927408087 0.6591449458184888 0.37795381484375007 0.6613200554687501
0 0.3734134164062501 0.6736707656250001 0.3650581508463508 0.6718968992738195 0.3169169274319155 0.8986516971977594 0.3252721929918148 0.90042556354894
0 0.4396801432042726 0.5511154589705698 0.43832131275735736 0.5138142409561085 0.43105730236558476 0.5140788585480387 0.4324161328125 0.5513800765625
0 0.4388960562952091 0.6678152544693061 0.43662149460305894 0.6169894927307462 0.42989244106134245 0.61729063228846 0.4321670027534926 0.6681163940270199
0 0.43935494980859974 0.6989929234420769 0.43349290865732587 0.6962142094612906 0.42677207916122606 0.7103926313317137 0.43263412031250004 0.7131713453125
0 0.42379460624615 0.8296127783411679 0.42372511836038784 0.8171486570467354 0.41911640390624993 0.8171743507812502 0.4191858917920121 0.8296384720756826
0 0.4222307798597454 0.8530813499787395 0.41593532578125 0.8527886070312499 0.41203613702163044 0.9366408876414883 0.41833159110012585 0.9369336305889779
0 0.47268174865822254 0.5900674723072118 0.44482316149380463 0.5177905165463862 0.43775028861036 0.5205167000671521 0.46560887577477794 0.5927936558279777
0 0.48882235625000015 0.6976485656250001 0.48284409861196487 0.6597380894643811 0.4760107953125 0.6608156609375 0.48198905295053524 0.698726137098119
0 0.5149530839346909 0.8134452408470141 0.49172776997728357 0.7017863100643169 0.4836507152891191 0.7034663559833383 0.5068760292465265 0.8151252867660356
0 0.5493337446266938 0.9994203076659753 0.5157756016309876 0.8363389917468307 0.5075205410846838 0.8380376811441398 0.5410786840803901 1.0011189970632843
0 0.5490682620341134 0.3792892841549933 0.543835889376777 0.3767245453950843 0.5344874765614136 0.3957964213963411 0.53971984921875 0.3983611601562501
0 0.6079063156496394 0.2219150900386307 0.6023916631776995 0.21975414221542017 0.5961846752953717 0.23559412719836392 0.6016993277673115 0.23775507502157445
0 0.5742182875125895 0.34318305343905375 0.5631642458427761 0.33789813649949807 0.530696604340504 0.40580812755355977 0.5417506460103174 0.4110930444931153
0 0.49988095596132737 0.5258903536557904 0.49251151484375005 0.52330063671875 0.46917467826383363 0.5897092239224013 0.4765441193814109 0.5922989408594417
0 0.46108837801959296 0.6509201432137462 0.4525629578014744 0.6483636328549621 0.41697272137343183 0.767049528325205 0.42549814159155036 0.7696060386839891
0 0.41320109086134915 0.8364100680474047 0.4065024027503011 0.8346677727032658 0.39678160642020205 0.872041793718361 0.4034802945312501 0.8737840890624999
0 0.5395515550991253 0.4854942211948473 0.5329190003571138 0.48507080774753975 0.5294810529766062 0.5389244922404929 0.5361136077186177 0.5393479056878004
0 0.5215893812500002 0.7084409976562502 0.5139965279095975 0.7075206864418313 0.5090255109375 0.7485331203125001 0.5166183642779028 0.7494534315269189
0 0.5089354472971819 0.8562958745248379 0.5023901182420284 0.8554118769407735 0.48945954828859667 0.9511529024159356 0.4960048773437501 0.9520369000000001
0 0.5106206453125001 0.9582536710937498 0.5094585461251577 0.9208028135777967 0.5009809719976436 0.9210658724944055 0.5021430711849859 0.9585167300103586
0 0.6743020039062502 0.29948456796875006 0.6685003645026408 0.2984623607425613 0.6662351601562502 0.31131875468750014 0.6720367995598595 0.31234096191368893
0 0.6604445190847986 0.342096189401617 0.6554488256264308 0.34049863648539647 0.6450778872756413 0.3729295051909835 0.6500735807340091 0.374527058107204
0 0.6458148945642429 0.38563009301659823 0.6402191753311384 0.38410626371889806 0.6231048390625001 0.44695255546875023 0.6287005582956047 0.4484763847664503
0 0.6256471476471027 0.4699308880712623 0.6179688588722494 0.46604227817214927 0.5753434862251467 0.550208581507137 0.583021775 0.5540971914062501
0 0.57568758515625 0.5706490484375001 0.5686004729984419 0.5680150571781123 0.5508147246489614 0.6158700350236407 0.5579018368067695 0.6185040262830285
0 0.5511811398437502 0.6523648406250002 0.5420449336604714 0.6505412299920753 0.5098546941716291 0.8118128631737115 0.5189909003549079 0.8136364738066362
0 0.6610567495456081 0.40479986125248446 0.6554190953125001 0.4041338187500001 0.6531987770803244 0.42292749397910595 0.6588364313134324 0.4235935364815903
0 0.647235546875 0.48333378828124995 0.6423591750764871 0.48207454275073375 0.633266518045237 0.5172854490007339 0.63814288984375 0.5185446945312501
0 0.6229399598228955 0.5893933450113877 0.6155477300528716 0.5874849460824624 0.5891053514799761 0.6899101440398248 0.5964975812500001 0.6918185429687502
0 0.59000748515625 0.7156002101562502 0.5840864055891524 0.7135286223743835 0.5816375618391525 0.7205279872181334 0.58755864140625 0.722599575
0 0.5860207133400239 0.7282694951040627 0.5784982847379043 0.726321984003015 0.5662058335937501 0.7738026304687501 0.5737282621958697 0.7757501415697978
0 0.5705556359375 0.79136227421875 0.5616284373466638 0.7891955674019961 0.5357255428154138 0.8959198744332459 0.5446527414062501 0.89808658125
0 0.71351571328125 0.3895849710937501 0.7086885163242116 0.3869364727998888 0.6881563358554615 0.4243587657686387 0.6929835328124999 0.4270072640625
0 0.6735540648437501 0.47652378906250015 0.6685026747652637 0.4738663092258781 0.6415549192965136 0.5250891342258781 0.6466063093750001 0.5277466140625001
0 0.6175964140320824 0.5894417954705707 0.6121212419420086 0.586645950087559 0.5856050636803485 0.6385732276243751 0.5910802357704223 0.6413690730073867
0 0.5844541606817582 0.659263426177829 0.578257011176196 0.6561174095090627 0.5613094655831071 0.689501362885855 0.5675066150886693 0.6926473795546212
0 0.5637048784258711 0.7009706027224818 0.5573189297288247 0.698710846199632 0.4801928290774125 0.9166650005445621 0.48657877777445896 0.918924757067412