1 0.17858665987567118 0.39101484546916854 0.11379589324032309 0.3436677433716329 0.07021642837500139 0.4033027962702425 0.13500719501034947 0.45064989836777813
1 0.3342437454485178 0.2323306042348353 0.32243704427735714 0.16846707787689932 0.25277398480921826 0.18134596153263885 0.2645806859803789 0.24520948789057478
1 0.3934618387134086 0.17051355101586507 0.35726329141413793 0.14802124922871962 0.32027213638063456 0.2075538878980172 0.3564706836799053 0.23004618968516266
1 0.5465568067227171 0.24416704192505229 0.5408652706606081 0.18156025889451372 0.47606787781436954 0.18745094166502307 0.4817594138764786 0.25005772469556165
1 0.6109670219416922 0.20517004471227143 0.5390458606040396 0.1971788045636434 0.5324716593368902 0.25634661596798786 0.6043928206745427 0.2643378561166159
1 0.7748081590770732 0.37068237007748983 0.7037785335098544 0.30754492473972217 0.6644390482572904 0.3518018453760925 0.7354686738245093 0.41493929071386015
0 0.1563038752917797 0.44866776372626005 0.13197959758996156 0.4191322183086196 0.12731174755546826 0.4229764703413462 0.1516360252572864 0.45251201575898675
0 0.19978767578125003 0.5057816898437502 0.17762241641514442 0.4777754771364676 0.17253804496294506 0.48179945614175157 0.19470330432905064 0.509805668849034
0 0.3189089485129763 0.6304570405501496 0.22666645677826897 0.5273250224920087 0.21947742617755836 0.5337549761402808 0.3117199179122657 0.6368869941984217
0 0.39914651231324305 0.7037563871322396 0.37881139657002183 0.6844333327868029 0.37507509519427884 0.6883653261233135 0.3954102109375001 0.7076883804687502
0 0.4720427071653031 0.7678098159188644 0.45973523313751635 0.7582078317419472 0.45645379394096325 0.7624138611355827 0.46876126796874995 0.7720158453125001
0 0.5367279607148705 0.8170747859218036 0.5147885676951052 0.7981334399933443 0.5107455135866049 0.8028164310237382 0.5326849066063704 0.8217577769521975
0 0.61787570390625 0.8834235914062502 0.5917127158961202 0.8576794415107084 0.5866049698023701 0.8628702868232085 0.6127679578125 0.8886144367187502
0 0.17096725390624998 0.19367429609375 0.16431338046874994 0.18109647890624997 0.15998938492998718 0.1833839441023442 0.16664325836748722 0.19596176128984424
0 0.2349492312383148 0.31981556313998544 0.2005770679661079 0.2264547159767663 0.1894456015533707 0.23055292837118452 0.22381776482557755 0.32391377553440365
0 0.28701971796875003 0.42722640859374994 0.2731015948772856 0.39545932552738117 0.26868871388401694 0.39739274260328894 0.2826068369754814 0.4291598256696577
0 0.38250583597093524 0.6055531737414127 0.28987212315931665 0.4316828922014896 0.2827388434092878 0.43548332423574376 0.3753725562209064 0.6093536057756669
0 0.409912934642067 0.6522760914162314 0.38883168984375005 0.6185411968750001 0.38376171301418305 0.6217094718650186 0.40484295781250007 0.65544436640625
0 0.41275246484374994 0.6935112679687501 0.40505070390625 0.67106654921875 0.40068808997355676 0.6725635521416408 0.40838985091105673 0.6950082708916407
0 0.48222957734374994 0.7521637320312501 0.46584653033221946 0.7364581440278631 0.4611569661799103 0.7413499920729221 0.4775400131914408 0.757055580076309
0 0.4957462441659188 0.8913271405248514 0.4421687545201295 0.7753678325577544 0.43060509719529527 0.7807106699845228 0.4841825868410846 0.8966699779516197
0 0.44708470548482016 0.7962257839110851 0.43289986639654643 0.7921696071547046 0.3990897890625001 0.91040668984375 0.4132746281507738 0.9144628666001304
0 0.4812668608779531 0.6251136613672683 0.4683950258077524 0.6213201849419924 0.38011131649810503 0.9208800657014068 0.39298315156830577 0.9246735421266828
0 0.3046516082747027 0.2819575260665084 0.2973793840614103 0.23533264189876985 0.2917688083348219 0.23620774036555892 0.29904103254811437 0.2828326245332975
0 0.30849406713499516 0.31916783779384905 0.3066001949672298 0.300108995709589 0.30207359140624995 0.300558803125 0.3039674635740154 0.31961764520926006
0 0.3350767884317092 0.4497366108847122 0.3129378025138598 0.33522313164649853 0.3058413128174691 0.3365951018852836 0.32798029873531853 0.4511085811234973
0 0.3444221828124999 0.4862200703125 0.33528958377576845 0.46080085565795026 0.32976407384364126 0.46278605730046285 0.33889667288037273 0.4882052719550126
0 0.40667147890625 0.40170105625 0.3930189684001539 0.3061726352122228 0.38549808212231007 0.30724748788756234 0.3991505926284062 0.40277590892533965
0 0.42399542265624995 0.48942323906249996 0.41951689297616196 0.47109843339642915 0.41381091562499994 0.4724929578125 0.41828944530508794 0.49081776347857076
0 0.4477562164003805 0.5774334693012101 0.42828850189188883 0.49702980815946224 0.4209909596021311 0.4987967235945714 0.4404586741106229 0.5792003847363192
0 0.4949787479474681 0.7506806900076495 0.4743578060072936 0.6601097640484923 0.46642002927491477 0.6619170154528367 0.4870409712150893 0.7524879414119937
0 0.520575941815581 0.830544874145747 0.5089808627337403 0.7996063828073461 0.5032987651318248 0.8017359104020925 0.5148938442136656 0.8326744017404935
0 0.5134342700053866 0.24686074476263759 0.5079762030309694 0.24636645317633077 0.5000837921021831 0.3335160398419601 0.5055418590766003 0.3340103314282669
0 0.5049296733149911 0.3601669664205579 0.4957307589198212 0.35912115343853007 0.49123442239323306 0.39867068620466833 0.5004333367884028 0.39971649918669605
0 0.5668911968750001 0.2534235914062501 0.5607326971918816 0.2514796652900122 0.5545147393793816 0.2711786090400122 0.5606732390625001 0.27312253515625007
0 0.5523111167475253 0.30534500829706895 0.5478747566941401 0.30456797320010254 0.5442558938528649 0.32522930318428367 0.5486922539062501 0.3260063382812501
0 0.5381857127471077 0.3604622345365772 0.5258970211165901 0.3584058474198944 0.5042125583011174 0.48798926804675224 0.516501249931635 0.4900456551634352
0 0.7083950703124999 0.3840795773437501 0.7043466151129849 0.37993597114580036 0.6627854698519797 0.42054273409372966 0.6668339250514947 0.42468634029167934
0 0.6600163483394885 0.4311878039683215 0.6553199292821231 0.42635162251090775 0.5766680824201326 0.5027304837576009 0.581364501477498 0.5075666652150146
0 0.53072852109375 0.5655485914062501 0.5279304438518659 0.5617141927808781 0.498624810258116 0.583099404499628 0.5014228875000001 0.5869338031250001
0 0.49645598593750007 0.5911482390625002 0.49156994375655794 0.5850885998078533 0.3712271817180502 0.6821240480880982 0.3761132238989923 0.6881836873427452
0 0.33977957787518515 0.7108592770991036 0.3277007625878723 0.6985338209126924 0.17886309029771447 0.8443931484861803 0.1909419055850273 0.8567186046725915
1 0.1861024771230926 0.1975449239427888 0.18175084920376286 0.12356726540613852 0.10641087865676398 0.12799902934350854 0.11076250657609372 0.20197668788015882