1 0.28051034739264147 0.18036781830947599 0.25832864538261474 0.12165483405964958 0.18321659140592156 0.15003208689324193 0.20539829341594826 0.20874507114306834
1 0.36133018081723467 0.17481469172491496 0.3352069447073548 0.11624069288652102 0.26298387803076184 0.1484512344371782 0.28910711414064166 0.20702523327557215
1 0.4464565041552905 0.21053389379163243 0.36274755075427756 0.19812065021359807 0.35327428582431036 0.26200379949629704 0.43698323922532334 0.27441704307433146
1 0.5031954287424427 0.2750763340478232 0.4546889462851563 0.2318891690491723 0.4175757172636446 0.2735735952559272 0.466082199720931 0.31676076025457817
1 0.5464479904050326 0.1991979723353114 0.5283673280545456 0.13124151738146123 0.44773593758838015 0.15269450439879564 0.46581659993886715 0.22065095935264578
1 0.6189738416678283 0.18199293823960622 0.6069457496415659 0.13328489994978115 0.5351556293000984 0.15101294247339078 0.5471837213263608 0.19972098076321584
1 0.6462810824173614 0.21371880636819104 0.5813764452170522 0.1661829500196758 0.5388288808236494 0.22427665954420944 0.6037335180239587 0.2718125158927247
1 0.7199955109896188 0.18553327039245515 0.6456163367137978 0.1394136990173724 0.6156324358272813 0.18777012825149272 0.6900116101031022 0.23388969962657544
1 0.39295076815966373 0.3961814339380013 0.35674465040934694 0.34694375641545006 0.29757031829529074 0.39045662997323716 0.3337764360456075 0.4396943074957885
0 0.2725679502963289 0.2208737895345938 0.25230609218750005 0.18859509218749998 0.2457902582380409 0.1926851860820889 0.2660521163468698 0.22496388342918267
0 0.3258488992889316 0.32226227862933665 0.28114683023350545 0.23598771154474685 0.2730278741553735 0.24019444531956574 0.3177299432107997 0.32646901240415555
0 0.3935164418251141 0.4389223424569855 0.3750859191612471 0.41235752696782724 0.3688803157243626 0.41666294045105473 0.3873108383882295 0.443227755940213
0 0.41829065867556814 0.3687341040154685 0.40879602280382094 0.26246300423200297 0.4003261532041968 0.2632197323348783 0.409820789075944 0.3694908321183438
0 0.4287521703124999 0.4528636953124999 0.4210954007363023 0.3750555142536055 0.414396803125 0.37571469453124995 0.4220535727011976 0.45352287559014426
0 0.43267056015625 0.53107786171875 0.4324002671875 0.5164822835937499 0.4275511827648413 0.5165720829434636 0.42782147573359125 0.5311676610684637
0 0.44387200781249997 0.6943426875 0.43327797500000004 0.5380833921875 0.42590655248352005 0.5385831582453093 0.4365005852960199 0.6948424535578093
0 0.4803772275542723 0.9364463142757338 0.44405927890625 0.7075002015624999 0.4356232699333414 0.708838414022373 0.4719412185813637 0.9377845267356069
0 0.4620047046452244 0.5693370953816155 0.4473685662128345 0.5350003692718625 0.44068185844261 0.537850599671497 0.45531799687500013 0.5721873257812501
0 0.503094162111482 0.6785667318793395 0.4827563531328982 0.631931925412993 0.4765821589850667 0.6346245404507739 0.4969199679636505 0.6812593469171203
0 0.51469565414012 0.7075091408633943 0.5082271656815089 0.7070157554570127 0.5070338224788891 0.7226609825623683 0.5135023109375 0.72315436796875
0 0.5469787909314612 0.835029609248229 0.5424471776880817 0.82341825148075 0.5381537796875 0.8250938539062499 0.5426853929308794 0.8367052116737289
0 0.5803389817573088 0.9371800259748868 0.5539292176786879 0.8574998335306185 0.5479469953124999 0.8594826234375 0.5743567593911211 0.9391628158817683
0 0.5067735105972642 0.5938752150898526 0.45486353522508294 0.5363824879705138 0.44923741626376373 0.5414622904317333 0.5011473916359449 0.5989550175510722
0 0.56039568203125 0.6885265414062501 0.5412285985679406 0.6552764790984158 0.5352353273437501 0.6587313156250001 0.5544024108070594 0.6919813779328344
0 0.6262886346734633 0.7872676362268135 0.564590953667013 0.6913482517934504 0.5576524488741131 0.6958112668336633 0.6193501298805635 0.7917306512670264
0 0.7353840549345472 0.9647372289437841 0.6352609074902593 0.8083460292611969 0.6281171518193301 0.8129195302241545 0.728240299263618 0.9693107299067417
0 0.5062393125084771 0.3888511205152575 0.49913399036452366 0.3692806592696914 0.49355224894979643 0.37130718641068394 0.5006575710937499 0.39087764765625005
0 0.5010825047176297 0.2017152061971247 0.4951597193993216 0.20167406246218542 0.4950415403788805 0.21868634800781858 0.5009643256971886 0.21872749174275788
0 0.5111447076637604 0.32649431373424237 0.5006100360056663 0.3263598247412177 0.4996488398526611 0.4016513831297644 0.5101835115107551 0.40178587212278905
0 0.5111790308993767 0.5945743204397521 0.5091671357916838 0.52421338911515 0.50135909765625 0.5244366515625001 0.5033709927639428 0.5947975828871022
0 0.5270646865863445 0.7783979985964053 0.5177578136880866 0.6548407702804445 0.508882477266709 0.6555092995856813 0.5181893501649668 0.779066527901642
0 0.5438433296874999 0.8835470781250001 0.5395248234321283 0.8451718021200442 0.532646676919417 0.8459458244029502 0.5369651831747888 0.8843211004079062
0 0.5478159856296356 0.5237924749170383 0.5317261513266023 0.4722836790949551 0.525382389888338 0.47426528376597493 0.5414722241913714 0.5257740795880581
0 0.6049106940700322 0.7269293517962506 0.5948539968750001 0.6868594937500002 0.587435648117468 0.6887213442974998 0.5974923453125001 0.7287912023437502
0 0.6582657687500001 0.9234445257812499 0.6360269804271615 0.829428676653929 0.6295995924013832 0.8309490301166784 0.6518383807242218 0.9249648792439992
0 0.6741386554687502 0.9240105593749999 0.6596325555809484 0.889463630356866 0.6518123298538459 0.8927473079156719 0.6663184297416477 0.9272942369338057
0 0.5923337942773405 0.2503660523553027 0.5873626011578164 0.25027257995079427 0.5870994374421418 0.26426855726142673 0.5920706305616659 0.26436202966593514
0 0.595140275780732 0.32907935608127176 0.5932001978641885 0.2950859206911555 0.5879638049958293 0.29538477280920905 0.5899038829123728 0.32937820819932523
0 0.6016879107730186 0.40577640615290844 0.5951434219336883 0.34097110856139445 0.5893732752231696 0.34155381803348606 0.5959177640625 0.40635911562500004
0 0.6065259117383449 0.42690015531210956 0.5979640589473719 0.426021477815045 0.5883323503340272 0.5198730576591856 0.5968942031250001 0.5207517351562501
0 0.5965240664397131 0.5898828765955477 0.59597880234375 0.5388325640625 0.5884184753751389 0.5389133152791954 0.588963739471102 0.5899636278122431
0 0.6301267932536959 0.7859991428783504 0.6023843859374999 0.6239031531250001 0.5932014792506071 0.6254747894007775 0.620943886566803 0.7875707791541278
0 0.6209049558619635 0.37174653496387583 0.6162427502420591 0.35340543707928596 0.61074085859375 0.35480398750000003 0.6154030642136543 0.3731450853845899
0 0.635613321875 0.46780697968749996 0.6314835890625 0.4316762500000001 0.6264798299810981 0.43224817833477325 0.630609562793598 0.46837890802227305
0 0.6588298710937499 0.6444963968749999 0.6468100505696734 0.5393981358934339 0.6392249001632062 0.5402656302333246 0.6512447206872827 0.6453638912148906
0 0.6615155867187499 0.6764363953125 0.6612934320312499 0.6690243382812499 0.6550232372812819 0.6692122689932466 0.6552453919687818 0.6766243260244967
0 0.6676512750269955 0.7310130891269975 0.6621117249909709 0.6822808661731027 0.6543910077764753 0.6831585051711052 0.6599305578125 0.731890728125
0 0.6843483968749999 0.85564372890625 0.6702842617187499 0.7467252375000003 0.6611735259570934 0.7479016641789826 0.6752376611133435 0.8568201555852323
0 0.65976488359375 0.3204015015625 0.6543091704014838 0.3196588280191145 0.6485516782139837 0.3619536241128646 0.65400739140625 0.3626962976562501
0 0.6536135562500002 0.41588685468750014 0.6479453218835086 0.4152161398688328 0.6411440437585085 0.4726939789313328 0.6468122781250001 0.4733646937500001
0 0.6418387837304877 0.5413583239161545 0.6357253282488593 0.5407103034438286 0.6295794145005794 0.5986911415478874 0.6356928699822078 0.5993391620202132
0 0.6359196586405155 0.6184195530645242 0.6290066895506821 0.6177033533504291 0.6251485322894538 0.6549434155365542 0.6320615013792871 0.6556596152506494
0 0.637599416493976 0.8959096889991311 0.6314950505308679 0.6647924337612892 0.6247234293340105 0.6649712886629131 0.6308277952971186 0.8960885439007551