1 0.9260599200356705 0.38844476308163267 0.8811323249630547 0.3303726603958656 0.8173803340190157 0.3796945120550935 0.8623079290916313 0.4377666147408606
1 0.7362197084597517 0.17358591877084412 0.666711437123557 0.16219113060541795 0.656176843858721 0.22645220825233964 0.7256851151949155 0.23784699641776577
1 0.6698358961848949 0.19811162588299241 0.6251757209588943 0.1433253859478958 0.5911656796891824 0.1710493984800249 0.635825854915183 0.22583563841512153
1 0.5137145088008082 0.18766683120078304 0.4484327253105983 0.1825762565411066 0.4435879803303807 0.24470550795335236 0.5088697638205906 0.24979608261302882
1 0.46034759419285376 0.25555261306019456 0.4494571160484785 0.19681904746932474 0.3782081871388988 0.2100301456768639 0.389098665283274 0.26876371126773374
1 0.3290988955540999 0.35444358173968726 0.28661563808461976 0.3136604308379777 0.22100079046355656 0.38201053139848823 0.2634840479330367 0.4227936823001979
0 0.8697622860817085 0.4100354465444047 0.8650857000790733 0.40636348872882183 0.841467908528615 0.43644298280941723 0.8461444945312501 0.4401149406250001
0 0.8263434758983038 0.4701557619141856 0.8208405687659335 0.4662516569879167 0.80023122109375 0.49530090859375003 0.8057341282261203 0.49920501352001895
0 0.7810931365745419 0.5235481251764899 0.773862612305931 0.5175830356079176 0.6858179229353982 0.6243055342221873 0.6930484472040092 0.6302706237907595
0 0.6304001382812501 0.682887271875 0.6264698654233558 0.6794053919988402 0.6078440232358557 0.7004298513738403 0.61177429609375 0.7039117312500001
0 0.5520199828125001 0.7599492210937502 0.5484442021044958 0.7562092622895041 0.5371371372607459 0.767019965414504 0.5407129179687501 0.7707599242187502
0 0.4993442731710805 0.8023331374991736 0.49420983202394675 0.7975776537895656 0.47458454407660905 0.8187668518006058 0.4797189852237428 0.8235223355102137
0 0.4259274475384949 0.8654577922079655 0.4206036538609448 0.8604890828215618 0.3955393922599497 0.8873445390510962 0.4008631859374999 0.8923132484374999
0 0.8286967836396071 0.17165175077799763 0.8242776304829309 0.16953964200536342 0.8181416953125 0.1823778242187501 0.8225608484691762 0.1844899329913843
0 0.800937763189625 0.22012615332110758 0.7916090976875929 0.21639451979423957 0.7546042821218144 0.308902410478583 0.7639329476238464 0.31263404400545103
0 0.7275907762779374 0.3894536454757746 0.7231804786069114 0.3876264136868909 0.7099046648843934 0.41966957903547775 0.7143149625554195 0.4214968108243616
0 0.7148056625417023 0.4279025110864597 0.7074510280615149 0.4243186644102807 0.6211516159786645 0.601419050970659 0.6285062504588519 0.605002897646838
0 0.619747305290339 0.6170690074294592 0.6145371647375565 0.6142041087999315 0.5953138649159675 0.6491638427767225 0.6005240054687501 0.65202874140625
0 0.6043252684690994 0.6685241590733575 0.5997562127410093 0.6673692549409702 0.5939478320312502 0.6903484914062501 0.5985168877593403 0.6915033955386373
0 0.5464242257812499 0.7390514976562501 0.5412471396177817 0.7345391483356899 0.526559984375 0.7513899421875 0.5317370705384683 0.7559022915080602
0 0.5788158548899526 0.7779400307182371 0.5667933524476494 0.7729599527264336 0.5179081775440219 0.8909745974044064 0.529930679986325 0.8959546753962098
0 0.6151717257812501 0.9066349656250001 0.5726215200732954 0.7910745448021714 0.5605496194827259 0.7955195083092033 0.6030998251906806 0.911079929132032
0 0.6314399912058287 0.917483712644884 0.5369115691738118 0.6199084573437242 0.524960958525406 0.6237047150862222 0.6194893805574229 0.921279970387382
0 0.698934253081928 0.22915835092336828 0.6935157778699387 0.22843015264373306 0.6872366533507808 0.27515270268476755 0.6926551285627701 0.27588090096440276
0 0.69084543984375 0.2937727656250001 0.6863162617957911 0.2934648638167269 0.685017214920791 0.3125736005354769 0.6895463929687501 0.3128815023437501
0 0.6883384369484264 0.32992609996610717 0.6812406568239321 0.3288003266173668 0.6629700729004074 0.44399277417388455 0.6700678530249018 0.4451185475226249
0 0.6681963765625001 0.45666349140625007 0.6623877587424003 0.455000579669053 0.6550021304687501 0.48079887734375004 0.6608107482888499 0.48246178908094717
0 0.6077436634718928 0.3034701123548713 0.6007863372341421 0.302584104128894 0.5885913300247057 0.3983446638394824 0.5955486562624563 0.39923067206545965
0 0.5851765984374999 0.4695017585937502 0.5795338810971398 0.46802480521435763 0.57468732910085 0.4865411127512072 0.5803300464412102 0.48801806613059967
0 0.5789190204091205 0.49604086933796887 0.5715695125575824 0.49452968075090126 0.5549080606589648 0.5755609117930376 0.5622575685105029 0.5770721003801051
0 0.539434686937357 0.6607636862942099 0.5315665829720376 0.6590688875455413 0.5120030407368996 0.7498926413138857 0.5198711447022191 0.7515874400625544
0 0.507198919879972 0.8016546779842597 0.5014481748081876 0.7997328194997423 0.49097660276327326 0.8310667297830721 0.4967273478350577 0.8329885882675896
0 0.49410824117770036 0.3336193161680511 0.4831427052122824 0.24680343458659432 0.47770449011268024 0.24749032438343885 0.4886700260780982 0.3343062059648957
0 0.5061553451544705 0.3981572836130571 0.49819880397136956 0.3589344869227671 0.4882529557907305 0.360952052148291 0.4962094969738315 0.400174848838581
0 0.4350856323103417 0.2746484760867996 0.4310663299507903 0.25460066493300476 0.42454415859375 0.25590826796875005 0.42856346095330133 0.2759560791225449
0 0.4502451142026489 0.3262863625881275 0.4442138 0.30659458593750005 0.439233802984851 0.3081198889743726 0.4452651171875 0.327811665625
0 0.49541049018930233 0.4880437674015896 0.4640109842821113 0.3603211772586626 0.45337088614857635 0.3629369543410343 0.4847703920557674 0.4906595444839613
0 0.33423214375000004 0.42661093046875004 0.29162710040387213 0.3871665190967424 0.2876863140625 0.39142307578125 0.3302913574086279 0.4308674871532577
0 0.42308214901317537 0.5058455037717929 0.3423474121895714 0.4317278053522304 0.33773926943781374 0.4367473512939126 0.41847400626141773 0.5108650497134752
0 0.5039912686618239 0.5835606981667507 0.47436094327694994 0.562639390323788 0.4715778109375 0.5665810710937501 0.5012081363223739 0.587502378936713
0 0.634600304585544 0.6781602901871746 0.511717664418175 0.5844213560210088 0.5067228828125 0.5909690296875001 0.6296055229798689 0.6847079638536658
0 0.8359519330539253 0.828313280374292 0.6738550893744033 0.69786362347666 0.659624081478215 0.7155470847996798 0.8217209251577371 0.8459967416973116
1 0.8790298399060376 0.18810940263614168 0.8772719102549942 0.11216151536055503 0.8035850653070348 0.11386710973944551 0.8053429949580782 0.18981499701503216