1 0.3378295927866668 0.15101265672322756 0.33078744797865833 0.08841581359957781 0.25137003952443937 0.09735027199561261 0.25841218433244784 0.15994711511926235
1 0.4199047229046144 0.1556752265276951 0.40434962676254316 0.09345484627351855 0.3276304886360563 0.1126346321349887 0.34318558477812766 0.17485501238916523
1 0.4975352113281251 0.2056338027343751 0.41725352125000015 0.17887323937500005 0.3968309860937501 0.24014084484375003 0.4771126761718751 0.2669014082031251
1 0.5422044678680473 0.279048309272779 0.5019342797427567 0.22809419353682286 0.4581464603947459 0.2627006958236699 0.4984166485200364 0.31365481155962605
1 0.5979760651173714 0.21183344024387335 0.5919706037008068 0.14176972273027796 0.5088389124116924 0.14889529616896488 0.5148443738282571 0.21895901368256024
1 0.6723877084298487 0.20748377118249892 0.669000412254733 0.15742706066798365 0.5952225028905733 0.16241955073831665 0.5986097990656891 0.21247626125283192
1 0.6937709515049024 0.24346950419535154 0.638106876279653 0.18538525295373645 0.5861178385399529 0.23520808178892355 0.6417819137652023 0.29329233303053864
1 0.7708831303157055 0.2269789841480216 0.7044164254299075 0.17043268245088822 0.667048296854633 0.21435662264861208 0.733515001740431 0.2709029243457455
1 0.412604991054646 0.3791697679791845 0.38549895859155386 0.3243929943304865 0.31966768628076453 0.3569692942014323 0.3467737187438566 0.41174606785013035
0 0.3244929116471398 0.18562118350974802 0.3101440140625 0.15031443671874997 0.30301693321030376 0.15321092995362612 0.3173658307949435 0.18851767674462416
0 0.359358477538749 0.29472149238479356 0.3303169540057519 0.20199519723341935 0.3215908514513477 0.20472817941793747 0.35063237498434485 0.29745447456931173
0 0.40574019024178404 0.42135957331464374 0.3922026002477598 0.39199791058856037 0.38534364694113404 0.39516032337558454 0.39888123693515826 0.4245219861016679
0 0.45142948252604037 0.250234320238179 0.44295688486638074 0.24950877456704584 0.4338534936167915 0.35581410373506284 0.442326091276451 0.356539649406196
0 0.4439905214347471 0.36325206160797496 0.437279225 0.362738028125 0.43130842153400295 0.440693712610775 0.43801971796875006 0.44120774609374996
0 0.43056514062500006 0.5044933101562501 0.4257741313121211 0.5037397104413344 0.42350582193712116 0.5181604846600842 0.4282968312500001 0.5189140843750001
0 0.42767852109375015 0.5259186617187501 0.42033230368056673 0.5251308011296197 0.4036312474305667 0.6808558011296197 0.4109774648437502 0.68164366171875
0 0.4088771125000002 0.6946338031250001 0.40033688685233654 0.6944867875381963 0.3963470090042049 0.9262612399649764 0.4048872346518686 0.9264082555517803
0 0.4505416784989583 0.5616858954126083 0.4420904055474512 0.5253292826323877 0.43501034657974297 0.5269750770635296 0.44346161953124996 0.5633316898437501
0 0.47203936783398986 0.6763911975769334 0.4601085841990896 0.6269332548814184 0.45356062244758294 0.6285128255357779 0.4654914060824833 0.6779707682312928
0 0.4784388100700596 0.7069084841641652 0.4721542677316739 0.7052993530835749 0.4682622889116145 0.7204996720444099 0.4745468312500001 0.722108803125
0 0.48808779660527557 0.8380975379840173 0.48564131977411773 0.8258756764715983 0.48112218281249997 0.8267802820312499 0.4835686596436579 0.8390021435436689
0 0.503202937120487 0.9444889963843421 0.49103071685870087 0.8614333179847415 0.4847950703125 0.8623471828124998 0.4969672905742861 0.9454028612121004
0 0.4903693456194058 0.5936252474667277 0.44923150640354415 0.5279918917400377 0.4428087625858117 0.532017555209064 0.48394660180167337 0.5976509109357541
0 0.5267408453125 0.69615 0.5136387652210568 0.6600767513714823 0.50713661953125 0.6624383804687499 0.5202386996226933 0.6985116290972678
0 0.574486525053229 0.8048331862031123 0.5303823970273916 0.6996573434545275 0.5227743088976646 0.7028476967156603 0.5668784369235018 0.808023539464245
0 0.6511072700629656 0.9985508381058257 0.579662264140553 0.8271493704253873 0.5718328571786444 0.8304128898942252 0.6432778631010571 1.0018143575746639
0 0.5251340494770236 0.3721444143104091 0.5195084351386716 0.3706251808602373 0.513970864567898 0.39113041420607825 0.5195964789062499 0.3926496476562501
0 0.5528626702407627 0.20643479746347548 0.5470370096770957 0.2053657976004107 0.5439664728835842 0.22209910667302815 0.5497921334472513 0.22316810653609293
0 0.5429326044884305 0.33190270552278145 0.5310732466049979 0.32882409789692196 0.5121599645167404 0.40168150887417803 0.524019322400173 0.4047601165000375
0 0.5048232553706055 0.5254373895087042 0.4970950703125001 0.5243014085937501 0.4868583527625222 0.5939427613421624 0.49458653782062756 0.5950787422571165
0 0.4906002152200763 0.6555720028090681 0.4817436260065797 0.6546891896044835 0.4694536185805733 0.777985427854782 0.47831020779406985 0.7788682410593666
0 0.4789858981186896 0.846791280527477 0.4720778383288072 0.8463591660865527 0.46966694021011757 0.8849013363403258 0.47657499999999997 0.88533345078125
0 0.5429580331735877 0.5317341726915096 0.5360570483186917 0.47821394058537275 0.5294655613621678 0.47906385752086 0.5363665462170639 0.5325840896269969
0 0.5639109967786469 0.7416993357268321 0.5609651406249999 0.7004919015625 0.5533361860338532 0.7010372838044179 0.5562820421875 0.7422447179687499
0 0.5823309859375 0.9444940140625 0.5767557355855514 0.8480447522895629 0.5701619876994494 0.848425903939113 0.5757372380513981 0.9448751657120502
0 0.59786443671875 0.9478077460937498 0.5895777284012285 0.911266704924292 0.5813061049386068 0.9131425280741918 0.5895928132561282 0.9496835692436498
0 0.6340949786938517 0.270119308372767 0.6293471347187947 0.2693286044234614 0.6270625092307263 0.28304681762868594 0.6318103532057834 0.28383752157799147
0 0.6273672339180074 0.3143830700516325 0.6221584983689545 0.3137680919234982 0.6181662045075648 0.3475819822177312 0.6233749400566176 0.34819696034586556
0 0.6213130569463312 0.35990859700367395 0.6155293858189029 0.35948047831446067 0.6107211265624999 0.4244376757812501 0.616504797689928 0.42486579447046324
0 0.6176011984691974 0.4465087364847144 0.6093220002407012 0.44415665799767795 0.5835394634902538 0.5349098933879637 0.5918186617187501 0.5372619718750001
0 0.58777746484375 0.5549091546875002 0.5803179739947193 0.5536758420988385 0.5719901604073284 0.6040452697838196 0.5794496512563592 0.6052785823724813
0 0.5793133804687501 0.6397996476562501 0.5699970707782311 0.6397528121968733 0.5691703347299718 0.8042036184960855 0.5784866444204908 0.8042504539554622
0 0.6413391189654836 0.39468991836289546 0.6399326403475609 0.375817879040805 0.6342714789062499 0.3762397890625 0.6356779575241724 0.39511182838459047
0 0.64135035234375 0.45554612656250004 0.6363232974500966 0.45524047242816534 0.6341162552625965 0.4915394161781653 0.63914331015625 0.4918450703125
0 0.6377382611158521 0.5642928873498632 0.6301177077861796 0.5638300550026647 0.6237047990140776 0.6694188574965516 0.6313253523437501 0.6698816898437501
0 0.6294922539062502 0.6944647890625001 0.6232846836316124 0.693561057125655 0.6222163734753624 0.7008990852506549 0.6284239437500002 0.7018028171875
0 0.6279961434579091 0.707662015596675 0.6202403207138651 0.7071856327960943 0.61723345078125 0.7561394367187502 0.624989273525294 0.7566158195193309
0 0.6248538734375001 0.7725464789062502 0.6156772655520336 0.77212297034909 0.6106142374270336 0.8818289562865903 0.6197908453125001 0.8822524648437504
0 0.6885246476562501 0.3508728875000001 0.6832807826761386 0.3491941221604903 0.6702663459573885 0.38984658700424024 0.6755102109375001 0.39152535234375013
0 0.6658859156250001 0.44383943671875004 0.6604202625180635 0.44219463287058963 0.6437413890805634 0.4976182242768397 0.6492070421875 0.4992630281250001
0 0.6325021360551034 0.565360044134023 0.6265940858523841 0.563660278380474 0.6104732759959133 0.6196930309769185 0.6163813261986326 0.6213927967304675
0 0.6132913944144665 0.6402226948993255 0.6066078151509403 0.6383169511483949 0.5963416024330614 0.6743212913975295 0.6030251816965876 0.67622703514846
0 0.6008814395076194 0.685122742701696 0.5941816367597604 0.6841230007247358 0.560060173223638 0.9127890770010986 0.566759975971497 0.9137888189780587