1 0.6423930147738747 0.04533568543135395 0.5578471629360221 0.04528220450467329 0.5578088079276737 0.10591609876057224 0.6423546597655263 0.10596957968725292
1 0.5721674551255397 0.13549832107892024 0.5645085130177354 0.07745539201793256 0.4865529890587955 0.08774186195740999 0.4942119311665998 0.14578479101839767
1 0.46037034731345916 0.1990375897855657 0.40018400665425746 0.17812803522940818 0.3726550067432429 0.25736787566701924 0.4328413474024447 0.27827743022317686
1 0.40650358898360717 0.2982043360377971 0.3878783888350154 0.237145923559641 0.3136871634103623 0.2597771444957864 0.33231236355895405 0.32083555697394256
1 0.5893777197213994 0.31613235623368674 0.5878085215960083 0.2445104660776567 0.5308645672688299 0.24575807831168034 0.5324337653942209 0.3173799684677104
1 0.47421757243885754 0.30178659855190204 0.4537437952537733 0.25569488770781856 0.399544748513209 0.2797699152190337 0.4200185256982933 0.3258616260631172
1 0.4874882069980499 0.3078474771765264 0.46378717054577956 0.29560994693683296 0.44849761185111997 0.32522199943953883 0.4721986483033903 0.3374595296792323
1 0.35728110400490587 0.3454919797560508 0.32948984947827703 0.28513731119388563 0.2636286982514705 0.3154641120987023 0.2914199527780994 0.3758187806608674
1 0.3251330709720712 0.28408165672343355 0.2766018803915763 0.2383170682751766 0.23408673427331145 0.2834023783103789 0.2826179248538064 0.3291669667586358
1 0.262115840304154 0.263696031579935 0.18416856869173476 0.2539805006110208 0.1770177097485122 0.311351522955851 0.2549649813609315 0.3210670539247652
0 0.5993199896935009 0.1415341048803332 0.5976512545848538 0.10869284533496817 0.5914274718494024 0.10900908913630265 0.5930962069580495 0.1418503486816677
0 0.6088097110971604 0.25532696943110095 0.6012875452214719 0.15880068513749343 0.5908065042757993 0.15961745881857103 0.5983286701514878 0.2561437431121785
0 0.6212818144300217 0.6651852745560387 0.6190418890625 0.61326926328125 0.6095749488512282 0.6136777160689613 0.6118148742187499 0.6655937273437501
0 0.6253627707487354 0.7457111315559252 0.6223155304687501 0.69601476953125 0.615388155673432 0.6964395365494147 0.6184353959534172 0.7461358985740898
0 0.6301352339945935 0.4428588158596443 0.618174975058585 0.4138773566012649 0.6114614489491427 0.4166479386456928 0.6234217078851513 0.4456293979040722
0 0.6749215263681769 0.5461359606733348 0.639103834375 0.46547755468750013 0.6313022787062559 0.4689419638162867 0.6671199706994327 0.5496003698021215
0 0.70616351252186 0.6083064662099149 0.6895195875000001 0.5722394890625001 0.683792811156247 0.574882239956006 0.700436736178107 0.6109492171034209
0 0.757652332398836 0.7158589653802665 0.7080608282701221 0.6130195365201473 0.701603217344127 0.6161335429129065 0.7511947214728409 0.7189729717730255
0 0.8548666289324011 0.9078039668675784 0.768119713915054 0.729278677154148 0.76011625625 0.7331676234375 0.8468631712673471 0.9116929131509302
0 0.56095541640625 0.24907682031249995 0.5575432545617938 0.2290836248945638 0.55068509140625 0.23025408125000002 0.5540972532507064 0.2502472766679362
0 0.6140576515625 0.529230146875 0.5999095314613581 0.4434464279323579 0.5929553320312501 0.44459336875 0.6071034521323919 0.5303770876926421
0 0.6360403039062501 0.6502697804687501 0.6291513102431054 0.6004112150765659 0.6223815081265641 0.6013466034800379 0.6292705017897087 0.651205168872222
0 0.6635281024273373 0.8017587877075488 0.6407863232875459 0.6783759400495183 0.6351134640625001 0.6794215546875002 0.6578552432022915 0.8028044023455306
0 0.663677032320896 0.7487289471201045 0.6532597309240387 0.7265183756695096 0.6484055199503203 0.7287951193755255 0.6588228213471776 0.7510056908261203
0 0.7041959489133094 0.9111566210215681 0.6683737624274527 0.7622255757823587 0.6611291165184439 0.7639681208397688 0.6969513030043005 0.9128991660789783
0 0.5252592887036152 0.3053734508827094 0.4430543335937501 0.24632315937500002 0.43973132033906726 0.25094918489419704 0.5219362754489323 0.30999947640190645
0 0.5910379907363779 0.3552094019723734 0.5421430948834424 0.3185446659663923 0.5380784822519546 0.323965100775106 0.5869733781048903 0.36062983678108707
0 0.5731943086579562 0.34133157384991897 0.5631194053600116 0.3133565477167979 0.5587015928101369 0.31494757515736704 0.5687764961080813 0.3429226012904881
0 0.7904362412427155 0.4908035687023925 0.6660308370056821 0.40374264281620753 0.6613724848254666 0.4103991788013152 0.7857778890625 0.4974601046875001
0 0.9835823611364255 0.6426476901341448 0.8034266294961381 0.49675739800787866 0.7977473890625 0.5037705289062503 0.9779031207027874 0.6496608210325163
0 0.45513350657138874 0.34598089962028106 0.4526888187499999 0.3375675023437501 0.4455299080743975 0.3396476729535316 0.44797459589578636 0.34806107023006255
0 0.46044702351156436 0.443831473151 0.4546819203125 0.44375395546874996 0.45444353145909727 0.46148328252653564 0.46020863465816164 0.4615608002087857
0 0.47183595546875 0.59277385625 0.4680258332117476 0.5574063033931577 0.4571029309173865 0.5585830201796219 0.4609130531743889 0.5939505730364643
0 0.4924169015683379 0.8213345332898147 0.4842731749782283 0.7250112437697741 0.475761064419489 0.7257309067032202 0.4839047910095987 0.8220541962232607
0 0.4953136301263873 0.8867628575969118 0.48608780078125013 0.88672560390625 0.4857098026546173 0.9803363615824967 0.4949356319997545 0.9803736152731585
0 0.3889373568743163 0.3491856823337836 0.37650140703124996 0.3223736390625001 0.3706201102588865 0.325101499484523 0.3830560601019529 0.3519135427558065
0 0.42602755160031647 0.4142211357081987 0.39426121395706765 0.36491409470327446 0.3856358804071617 0.37047101420701417 0.4174022180504105 0.4197780552119384
0 0.4636213512156832 0.4968325647943329 0.4210772218667936 0.42003103873282177 0.40997030682975943 0.4261837033247239 0.45251443617864906 0.502985229386235
0 0.49851876014456786 0.5723014816447798 0.49078543116071105 0.5586463660194216 0.48590779523489314 0.5614087273433919 0.49364112421875 0.57506384296875
0 0.57195705991481 0.7314333430938882 0.5092276114556505 0.570563608769193 0.4912164394331633 0.5775868744680922 0.5539458878923227 0.7384566087927875
0 0.6457058690670294 0.9244079292685994 0.5833657559085477 0.7596657162063213 0.5681355881351021 0.7654289651318431 0.6304757012935838 0.9301711781941211
0 0.3994713523437501 0.53550973125 0.3630060028588954 0.433585494214957 0.3514306043082376 0.4377268149238979 0.3878959537930923 0.5396510519589409
0 0.457461276392514 0.6350995880669166 0.41095934647923593 0.5376950078421048 0.39814616015625004 0.54381215234375 0.4446480900695281 0.6412167325685617
0 0.4999400987400793 0.7730643000051652 0.4715999672119122 0.6657902450654837 0.4627261020655829 0.6681345817790684 0.49106623359374996 0.7754086367187499
0 0.5461647626475941 0.9819273542123972 0.5006784525471939 0.791055837017511 0.49151784620920613 0.7932388876199326 0.5370041563096063 0.9841104048148187
0 0.29527980598316467 0.43421996594054696 0.2903733859375 0.38733784687499995 0.2847291334226441 0.3879285427358881 0.28963555346830877 0.4348106618014351
0 0.2953999131233792 0.4610495393255508 0.2893735648437501 0.4608510585937501 0.288607355626621 0.48411499739319935 0.2946337039062501 0.4843134781250001
0 0.32745919582628086 0.7588684310853833 0.3006858469750465 0.5155476521544238 0.28806520692264725 0.5169363407832096 0.3148385557738816 0.7602571197141691
0 0.34777992563446547 0.8824618471983664 0.3316341154499122 0.788851382160182 0.3227267745163672 0.7903877086371784 0.33887258470092047 0.8839981736753628
0 0.3544926764625993 0.9599818357761478 0.34709242031250004 0.8960098046875 0.34079686290873507 0.8967380719724789 0.3481971190588343 0.9607101030611267
0 0.2297808813199201 0.31192594047338307 0.2225352000000001 0.31176403124999996 0.22147870048060492 0.3590439741231467 0.22872438180052496 0.3592058833465298
0 0.23082072855724522 0.3704965099450593 0.22572723125000005 0.37042876875 0.22541788132868207 0.39368895761810985 0.23051137863592724 0.39375669881316905
0 0.2317388340164634 0.4228775508204903 0.22465913437500004 0.4228125539062499 0.22389629723353663 0.5059035421482596 0.23097599687499998 0.5059685390625
0 0.239614680647721 0.5403794895284262 0.21702096261870496 0.5397791577768996 0.20579759745232482 0.9621748535917742 0.2283913154813409 0.962775185343301