1 0.3429590948654092 0.13166889852431787 0.3249409618371935 0.07413616397970124 0.24404622084538935 0.09947082286581832 0.26206435387360505 0.15700355741043495
1 0.41391320265336606 0.15635631906136815 0.40628855748055237 0.0983088750985237 0.3283269695115448 0.10854928199315403 0.3359516146843584 0.16659672595599848
1 0.5599838433440911 0.22954411736426686 0.5071849972014733 0.16355928844460768 0.4578471912464481 0.20303774536090052 0.5106460373890659 0.26902257428055965
1 0.617939105493399 0.2200359982501173 0.5406326224402959 0.21684122882860618 0.537992796981912 0.2807192729489765 0.6152992800350152 0.28391404237048756
1 0.4217974579830573 0.3313039175967324 0.40142256174545005 0.26142405552369197 0.34835300141117104 0.2768975661046971 0.36872789764877834 0.3467774281777376
1 0.5350670412361141 0.31050125568370895 0.5327626152689624 0.2546793233254053 0.4794026762361777 0.25688211394762017 0.48170710220332946 0.3127040463059238
1 0.504784275976165 0.31647797286057605 0.48176706849617795 0.29322440124994487 0.46224075851690827 0.31255223336266497 0.48525796599689547 0.3358058049732961
1 0.6814796692999637 0.2645526622155597 0.6102447350865438 0.24741277414194257 0.5947523710474032 0.31180044857706746 0.6659873052608232 0.32894033665068456
1 0.7016875120021616 0.2247917869337992 0.6509371543203051 0.1892198591176259 0.6119625655605196 0.24482478247977943 0.6627129232423763 0.28039671029595276
1 0.7630470247635625 0.23473072276031207 0.7420517472844316 0.1811429775572615 0.668718245224192 0.20987449478078335 0.6897135227033229 0.2634622399838339
0 0.3173228566102261 0.1781835454585229 0.31066637757597637 0.14597763599506536 0.30445219206890367 0.14726201504946537 0.3111086711031534 0.17946792451292293
0 0.34020817379567553 0.29033941310938033 0.3246740178270645 0.19475892976028925 0.314009254167896 0.19649221354631935 0.329543410136507 0.29207269689541043
0 0.43485393593750005 0.68889107734375 0.4229574583841057 0.6381955905739247 0.4139214862855002 0.6403160207363222 0.42581796383889453 0.6910115075061475
0 0.44877973750000005 0.7685091078124999 0.43993892179762584 0.7196622594452949 0.43258462578124995 0.7209933171875 0.44142544148362417 0.769840165554705
0 0.3716054592374465 0.4487177552552371 0.363823957511013 0.4467648022185462 0.3562061115548166 0.4771179547758092 0.36398761328125007 0.4790709078125001
0 0.36687277024232057 0.5048397575741045 0.35670094765625 0.5026566 0.33827354225767936 0.5885140299258955 0.34844536484374994 0.5906971875
0 0.3419394692550498 0.6200726567866657 0.33563509140625014 0.6188292671875002 0.3279767205887003 0.6576596252445845 0.33428109843750003 0.6589030148437501
0 0.3356372870763752 0.6644587724827375 0.3284186247783717 0.6629342500087747 0.30482924361586183 0.7746307184697452 0.31204790591386533 0.776155240943708
0 0.3090952117187501 0.7925456703125 0.3006238416651996 0.7908359662160179 0.2613527373904323 0.9854193782857725 0.2698241074439828 0.9871290823822546
0 0.38190949679143815 0.273213692556186 0.38122657968749996 0.2525637171875 0.3745418750504582 0.252784787627048 0.3752247921543964 0.273434762995734
0 0.40427956384718067 0.5570855296286032 0.39587175234375005 0.47053991406250006 0.38894979204483565 0.4712123749034892 0.3973576035482663 0.5577579904695924
0 0.4142732878274743 0.6794816868774017 0.4078187311234598 0.6295759978035227 0.40103328157723545 0.6304535945198709 0.4074878382812499 0.68035928359375
0 0.42558173125 0.8333675093749999 0.41592813125 0.7082778515625001 0.4101786870040073 0.7087215559897382 0.4198322870040072 0.8338112138022382
0 0.41686322477382437 0.7600126373434387 0.4109461046177369 0.7582941913440748 0.4040896997135164 0.7819028305867847 0.41000681986960386 0.7836212765861486
0 0.414268459375 0.9498654421874999 0.4126974206437793 0.7967614200161719 0.4058736035338323 0.7968314409132224 0.40744464226505295 0.9499354630845506
0 0.4937638416264587 0.24395413158168228 0.4893488921874999 0.24022836484375 0.42408469373341057 0.31756496603657813 0.4284996431723694 0.3212907327745105
0 0.41563429999999996 0.338230140625 0.4084613357375959 0.3334231397702615 0.37449373115741363 0.38410929962249934 0.3816666954198177 0.3889163004772379
0 0.39543506822732605 0.3365232201192195 0.3909269242694019 0.3360136433378844 0.3875848882095048 0.36558009970411964 0.3920930321674289 0.3660896764854547
0 0.32038728828125 0.454758065625 0.31447950121979706 0.4498455129736703 0.21739459575104708 0.5665988567236703 0.22330238281249998 0.571511409375
0 0.2133739921875001 0.58070474609375 0.20628399951650267 0.5755189946562895 0.06942181312912452 0.7626378548881242 0.07651180580012196 0.7678236063255846
0 0.5111357637938867 0.3397496851705809 0.5109459232228245 0.330704275596295 0.5036584679687499 0.33085722109375004 0.5038483085398122 0.33990263066803594
0 0.5329731312500001 0.45130479843750004 0.5292163554687501 0.4339413109375 0.5236951042626908 0.4351358925452053 0.5274518800439408 0.45249938004520535
0 0.559574798635188 0.5473015557585799 0.5467601348112721 0.5459267276648895 0.5429504501620388 0.5814364966891861 0.5557651139859547 0.5828113247828763
0 0.5989028592530052 0.8068684124160962 0.58114801328125 0.7118892828125001 0.5728310265912289 0.7134440119224295 0.5905858725629841 0.8084231415260256
0 0.6359935953125 0.96085064765625 0.6135301039062501 0.86994750625 0.6045951630278501 0.8721554603925341 0.6270586544341 0.9630586017987841
0 0.579763353042242 0.2976636896329897 0.5733173953125 0.29646232265625 0.567915964926508 0.32544380177326027 0.57436192265625 0.32664516875
0 0.5763209919767933 0.34503818320203683 0.5666245539773184 0.342059953256482 0.5494021936077476 0.3981320338483137 0.5590986316072224 0.4011102637938685
0 0.5693181613122079 0.40636509099115126 0.5558001871069675 0.4021051224350547 0.5294299243728412 0.48578473807803285 0.5429478985780817 0.49004470663412947
0 0.52927249609375 0.5556085093750001 0.5238960988404232 0.5543034003225665 0.5201937574341732 0.5695551971975664 0.5255701546875 0.5708603062500001
0 0.5297330078935756 0.5730228823707277 0.5142158881186027 0.5704207767634217 0.4855532021171408 0.7413447894200733 0.5010703218921135 0.7439468950273793
0 0.4934845726562502 0.7730767796875001 0.48088577274131294 0.7725033526095382 0.47288726531838066 0.9482390276631634 0.4854860652333179 0.9488124547411252
0 0.6263582390102452 0.4012746737579791 0.6127059831178236 0.4004627465423952 0.6062938117187502 0.5082810375000001 0.6199460676111717 0.509092964715584
0 0.60972267421875 0.51595757578125 0.5979868314325865 0.5130887556457393 0.5722804707253777 0.6182489935184129 0.5840163135115413 0.6211178136539235
0 0.57991035625 0.7637120859375 0.5779735751512894 0.6527539879641633 0.5689576947859576 0.6529113607652364 0.5708944758846681 0.7638694587385731
0 0.5864382531250001 0.9772789257812502 0.5849621019775386 0.7811145865091139 0.574725654837519 0.7811916165302061 0.5762018059849805 0.9773559558023424
0 0.6859980265625001 0.3826374203124999 0.6789825677012252 0.3360690006666728 0.67332465 0.33692135703125003 0.6803401088612748 0.3834897766770772
0 0.6994745490074105 0.43028890791501634 0.693317021875 0.4076708937500001 0.6875823842049128 0.4092320912446379 0.6937399113373233 0.4318501054096541
0 0.73979282811687 0.7046665910392945 0.7127087579234508 0.4613871600129424 0.697387209811865 0.4630928935506088 0.7244712800052842 0.7063723245769609
0 0.7551228185439932 0.8290728242201254 0.7444099109375 0.73479205 0.7362441838072554 0.7357199027993618 0.7469570914137486 0.8300006770194873
0 0.7654536742187501 0.9057839273437504 0.7565170358094129 0.8420538041143104 0.7501922601562501 0.8429407039062502 0.7591288985655873 0.9066708271356901
0 0.728673815625 0.29289198515625003 0.7192913625 0.24636484140624998 0.7128670995309025 0.24766032918633174 0.7222495526559025 0.29418747293633174
0 0.73711504375 0.32641244609375 0.7313916484375 0.30385678515625003 0.7265634033025614 0.3050819301719284 0.7322867986150613 0.32763759110942836
0 0.7657810597972066 0.43506468996627135 0.7459812718750001 0.3541791921875 0.7401352123980256 0.3556102365774509 0.7599350003202322 0.43649573435622224
0 0.9038244856928239 0.8702503909427894 0.7726653171875 0.46843652656250007 0.7552352303960664 0.4741260158837954 0.8863943989013905 0.8759398802640848