1 0.3494112765121261 0.12898425580106154 0.33239997270950816 0.07114582387866271 0.25107540156742325 0.09506481580727796 0.26808670537004115 0.15290324772967678
1 0.41992372362386676 0.1549062356869106 0.4133133067588627 0.09673456375482752 0.33518487247446926 0.10561279438627476 0.3417952893394734 0.1637844663183578
1 0.5646948133166 0.23063217195356275 0.5130556037374701 0.16373592566620293 0.463036317609386 0.20234730586639 0.5146755271885158 0.26924355215374984
1 0.6228071875348914 0.22213695871180147 0.5455682351528128 0.21759349329657782 0.5418139875101442 0.28141573654091123 0.6190529398922228 0.28595920195613483
1 0.42475352143870193 0.3299647882510926 0.40560129971605197 0.2597399782726685 0.35226977248774544 0.27428494086634286 0.3714219942103954 0.344509750844767
1 0.5383689099169682 0.3111421217543461 0.5370390617814506 0.255288473507187 0.48364880537343735 0.2565596694839442 0.48497865350895497 0.3124133177311033
1 0.5013014571100444 0.3272689349384091 0.4880808800921675 0.29374533076211506 0.46474182420304394 0.30294946598230366 0.4779624012209208 0.3364730701585977
1 0.685178127845372 0.2656420883585101 0.6140057998345048 0.24982601449243091 0.5996064617552445 0.3146230318555364 0.6707787897661117 0.3304391057216156
1 0.7064598404387784 0.2283536367879385 0.6563380290076015 0.19190140845439202 0.6163989335099297 0.2468176619944759 0.6665207449411066 0.28326989032802247
1 0.7676365484907389 0.23936192718665192 0.7475797029650526 0.18541592601880033 0.6737559366441326 0.2128632222996864 0.6938127821698188 0.266809223467538
0 0.32305542945659627 0.17499279342371427 0.3166062121789184 0.142750115060413 0.31046754667621645 0.14397797793135148 0.31691676395389434 0.1762206562946528
0 0.34389159260256047 0.287582593910577 0.3300279122873828 0.19174555950294664 0.31933452276135743 0.19329245350682328 0.3331982030765351 0.2891294879144537
0 0.43156725390624995 0.6877253523437499 0.42055734642919396 0.6368299652464138 0.4114857443045965 0.6387923729567524 0.42249565178165255 0.6896877600540886
0 0.4441014085937499 0.76757429609375 0.43611443388061666 0.7185805935603924 0.4287380281249999 0.7197830984375001 0.43672500283813315 0.7687768009708578
0 0.3725200131498594 0.4464847724307134 0.36477377968589414 0.444396310620497 0.35662735794228484 0.47461189053353364 0.3643735914062501 0.47670035234375
0 0.3668085803126892 0.502515629751944 0.35667640859375005 0.50015528203125 0.3367533915623109 0.5856780327480561 0.3468855632812501 0.5880383804687501
0 0.3398679862233136 0.6172958324432973 0.3335862679687501 0.61594260546875 0.3252513801829367 0.6546333925567028 0.3315330984375001 0.65598661953125
0 0.33279211857455837 0.6615651998870133 0.3256011627855042 0.6599149266916551 0.3000660023973886 0.7711826912859163 0.3072569581864428 0.7728329644812747
0 0.30401866171875 0.78916936640625 0.295578420196554 0.7873120768440318 0.25291734752799017 0.9811804774657393 0.26135758905018625 0.9830377670279574
0 0.3858854492480172 0.27118726975594754 0.38556302812500004 0.25052852109375 0.3788754832253528 0.2506328936175669 0.37919790434837 0.27129164227976443
0 0.40329786292024794 0.555406283199855 0.3964017609375 0.46872711250000004 0.38946911842219956 0.46927866611327806 0.3963652204049475 0.555957836813133
0 0.41115395690777323 0.6779582133158615 0.4055713576497566 0.6279474776796989 0.3987716257419834 0.6287065182700876 0.40435422499999996 0.6787172539062503
0 0.419775 0.8320179578125002 0.4123059859375001 0.7067788734375001 0.4065496735808164 0.7071221686488534 0.4140186876433164 0.8323612530238534
0 0.412338041445621 0.7585220997422787 0.40645181310204237 0.7567006470114374 0.3991844236895923 0.7801860292116263 0.40507065203317094 0.7820074819424676
0 0.4075315164977706 0.7951925820457661 0.4007075169224897 0.7951435002371691 0.3996062824559692 0.9482516220976527 0.4064302820312501 0.9483007039062498
0 0.4982334079642852 0.24388429287329133 0.4938841546875 0.24008204218750012 0.4272801861435325 0.31626784695814736 0.4316294394203178 0.3200700976439387
0 0.41847042265625 0.33678239453125003 0.4113824442982034 0.3318509401369297 0.37653541806094026 0.3819365635782563 0.3836233964189869 0.3868680179725767
0 0.39830405734269475 0.3347232084133188 0.3938054935184024 0.3341350312897124 0.38994796051251696 0.3636386582327123 0.3944465243368093 0.36422683535631867
0 0.3212042250000001 0.4516302820312501 0.3153830735164964 0.44661537242606586 0.2162753274227464 0.5616565693010658 0.22209647890625012 0.5666714789062501
0 0.21200915468749998 0.5756901406250001 0.20501074562102312 0.5703814415405777 0.06490372999678717 0.7550832287070234 0.07190213906326406 0.7603919277914458
0 0.5141021842298923 0.33993873398289975 0.5137458313282239 0.3306724049583145 0.5066098593749999 0.33094683125 0.5069662122766683 0.3402131602745853
0 0.5338179578125001 0.45188767578125005 0.5303647890625001 0.4344612679687499 0.5248235299227122 0.4355593085461913 0.5282766986727122 0.45298571635869145
0 0.5587401997347362 0.5483340751742964 0.5459514816592519 0.5467358093592931 0.5415226452275607 0.5821736820808723 0.554311363303045 0.5837719478958755
0 0.593532203493865 0.8085477677162978 0.57743767578125 0.7132732390625 0.5690948219282002 0.7146825799895817 0.5851893496408151 0.8099571086433792
0 0.6279299296875 0.9631538734375 0.6070563382812499 0.87187253515625 0.5980842241458209 0.8739242167818648 0.6189578155520709 0.965205555063115
0 0.5832824605592609 0.2990865690875887 0.57685845078125 0.2977728875 0.570952046471989 0.32665568481866153 0.5773760562500001 0.3279693664062501
0 0.5790138242632212 0.34639376932423677 0.569370840762958 0.34324676696257433 0.551172510868529 0.3990097358888584 0.5608154943687922 0.4021567382505209
0 0.5704302132396089 0.40720725408975805 0.5573995344845104 0.4031699483335654 0.5314159380293082 0.48703377207060017 0.5444466167844068 0.4910710778267928
0 0.52829753515625 0.556110915625 0.5229447337405737 0.5547121743082999 0.5189767759280737 0.5698970336832999 0.52432957734375 0.5712957750000001
0 0.5284540542217073 0.5735306727436664 0.5129847111874677 0.5706581524418826 0.48134335516329385 0.7410559004064428 0.4968126981975334 0.7439284207082266
0 0.4887197179687501 0.7729214789062498 0.4761328447738049 0.7721282598070842 0.46506854524585134 0.9476975764003528 0.4776554184407965 0.9484907954995185
0 0.6280619878133733 0.4034949652727436 0.6144259805116168 0.4024448971128166 0.6061330984375001 0.5101348593750001 0.6197691057392566 0.5111849275349272
0 0.6094274648437501 0.5178700703125001 0.5977434768539871 0.5147968683225941 0.5702057324398309 0.6194924516447976 0.581889720429594 0.6225656536347036
0 0.5752957750000001 0.65409154921875 0.5662785210937501 0.65409154921875 0.5662785210937502 0.76506654921875 0.5752957750000002 0.76506654921875
0 0.5800430357696127 0.7825545646141013 0.5698068036196016 0.7824529322876558 0.5678591905062389 0.9786131567360543 0.57809542265625 0.9787147890625001
0 0.6880179578125 0.3859014085937501 0.6818162982129332 0.3392176442579459 0.6761443664062499 0.3399711265625001 0.6823460260058166 0.38665489089830424
0 0.7006607946002819 0.4337808357261367 0.6948989437499999 0.4110588031250001 0.6891379331230341 0.41251967964789554 0.694899783973316 0.4352417122490322
0 0.7361843820371765 0.7088203814373412 0.7133502489564424 0.4651053207131775 0.6980012643249622 0.46654339662316824 0.7208353974056965 0.7102584573473318
0 0.7493408495542526 0.8334752117089008 0.7402750000000001 0.7390218312500001 0.7320943235429596 0.7398070311195147 0.7411601730972122 0.8342604115784156
0 0.75833133828125 0.9103549296875002 0.7505083049430527 0.846478547522168 0.7441690140624999 0.8472549296874998 0.7519920474006975 0.9111313118528322
0 0.7322535210937499 0.29691443671875006 0.7236845070312499 0.25023063359375 0.7172386136011175 0.25141380522396795 0.7258076276636175 0.29809760834896804
0 0.74010845078125 0.33057711250000005 0.73477957734375 0.307925 0.7299306858454985 0.30906569401281453 0.7352595592829985 0.3317178065128146
0 0.7668738576231574 0.4397130994406756 0.7484887320312499 0.35849436640624993 0.7426185872923489 0.3598231651234329 0.7610037128842564 0.44104189815785855
0 0.8973012210111182 0.8772417091628739 0.7731746476562498 0.4732000000000001 0.7556479201735298 0.4785844258531182 0.8797744935283983 0.8826261350159921