1 0.4112335890227066 0.10309839842977024 0.39806620788592373 0.035666223365519924 0.30936076086684405 0.05298760486768894 0.322528142003627 0.12041977993193927
1 0.47796482930922446 0.09284808352712746 0.39743595510240126 0.08023964566150808 0.38808583870617924 0.13995793551751584 0.4686147129130024 0.15256637338313522
1 0.5775894494078938 0.23158397306783787 0.5202273621284419 0.18600317375854364 0.4840550579920648 0.23152494824279776 0.5414171452715167 0.27710574755209205
1 0.6212710401295518 0.22254891058617784 0.5626426757229898 0.21563639145206487 0.5553909614190514 0.2771416315150465 0.6140193258256135 0.28405415064915945
1 0.6620818409506825 0.33578110957243407 0.6498820702610616 0.2719572392080084 0.5839564021675792 0.2845587631943825 0.5961561728572 0.34838263355880816
1 0.7199452852786734 0.28702054018653583 0.7077352130946143 0.22714290745401655 0.6433208714376115 0.2402780920868836 0.6555309436216705 0.3001557248194029
1 0.7954298589801023 0.2645526573529298 0.7759000753731022 0.20990349649453616 0.7028533982594143 0.23600793752954646 0.7223831818664144 0.2906570983879401
1 0.4893930139964812 0.3047668761728481 0.43887479102567106 0.2936274137665367 0.4312203779866596 0.32834069978618957 0.48173860095746973 0.339480162192501
1 0.4216385428947306 0.2538869663737797 0.3651830896837845 0.24843655026870398 0.3586003244212453 0.3166208850265286 0.4150557776321914 0.3220713011316043
0 0.36528771562500006 0.11309500078125008 0.35957877086105283 0.11239638592388028 0.35611122867355277 0.14073246639263026 0.36182017343750006 0.14143108125000006
0 0.36197780825005155 0.16216127009556797 0.35534724645444327 0.16144789590880818 0.3452600370088067 0.2552049547089458 0.351890598804415 0.25591832889570554
0 0.34200940152035153 0.46470285114690074 0.33558404720653934 0.46342639615980524 0.32359461328125 0.5237782 0.3300199675950622 0.5250546549870955
0 0.31346198071347614 0.5927046610776033 0.3050778111279714 0.5905656103448532 0.2522123494510713 0.7977757475935707 0.2605965190365761 0.7999147983263208
0 0.25343537721339504 0.8076319706564444 0.24636498393105097 0.8044232997565247 0.1901992575007109 0.9281860000262864 0.19726965078305497 0.9313946709262059
0 0.38866970078125 0.3231730117187501 0.3837161484375 0.3206533937500001 0.3679638194815508 0.35162236880377573 0.3729173718253008 0.35414198677252573
0 0.36160252812500004 0.3679605515625 0.3570831218750001 0.36731984609375 0.3555852581194167 0.3778854728111849 0.3601046643694167 0.3785261782799349
0 0.32499567265625 0.42538458359375 0.3203591872084567 0.4228836894718636 0.3065126812500001 0.44855415781249997 0.3111491666977934 0.45105505193438644
0 0.3084008577624111 0.4726993440481338 0.29969348084931136 0.46681315805739787 0.2676527347969516 0.5142107178514485 0.27636011171005137 0.5200969038421843
0 0.2476607251448387 0.5687036013197354 0.24318022578125004 0.5661374015625001 0.22560720844891136 0.5968193049302647 0.23008770781250001 0.5993855046875
0 0.22835440369552945 0.6038261665125031 0.223717696533819 0.6011508293207231 0.16665802096328966 0.70004266515197 0.17129472812500007 0.70271800234375
0 0.16495184094016513 0.7164367571969542 0.15739235836133586 0.7120702582208585 0.06164699863696486 0.8778290005914557 0.06920648121579412 0.8821954995675515
0 0.40453819687500003 0.23403814921875005 0.3999751154386336 0.23251625769026624 0.3935037435636336 0.2519193467527662 0.398066825 0.25344123828125004
0 0.5119171145316761 0.25709290607986846 0.5082952965988327 0.25183020751026713 0.42201479971017664 0.31120891726404615 0.4256366176430201 0.31647161583364747
0 0.4192859415069883 0.3214372782318281 0.4137284925608384 0.3143680633977949 0.352891994257709 0.36219455351300395 0.35844944320385885 0.3692637683470371
0 0.285977451209617 0.4118358714212058 0.28171211833632537 0.4050608048271294 0.1550132350816386 0.48482576421926993 0.15927856795493026 0.4916008308133463
0 0.1499220890625 0.49737526171875013 0.14496263922077354 0.49070597384972936 -0.00456060357159731 0.6018952098468157 0.00039884627012916064 0.6085644977158364
0 0.42611946328125 0.4374767742187501 0.42038907231106537 0.4348722676534432 0.4061078858905211 0.4662934906973435 0.41183827686070573 0.46889799726265047
0 0.4028823960937501 0.4995420640625 0.3956509242707211 0.49639606373859707 0.3591851659875581 0.5802171306108759 0.36641663781058714 0.5833631309347789
0 0.34423462280464046 0.6406599489612766 0.3397983357292406 0.6383627813560697 0.3364084382812501 0.644909346875 0.3408447253566499 0.6472065144802069
0 0.3275838911257198 0.6741653197505085 0.3244475244026175 0.6714079526652231 0.31744185983939766 0.6793765446334646 0.3205782265625 0.68213391171875
0 0.3145083999886134 0.695382497208122 0.3080871682810369 0.6924407710896776 0.28168463369675384 0.7500725102138601 0.28810586540433036 0.7530142363323045
0 0.3204877751541671 0.6767760003111141 0.31399738665420995 0.6760353541225043 0.30253625405401796 0.7764708986088523 0.30902664255397505 0.7772115447974622
0 0.3250316509795826 0.6168227942093052 0.32080965937500006 0.6161310390625001 0.31855118863148213 0.6299151714428184 0.32277318023606466 0.6306069265896234
0 0.5396765952337541 0.41624226355389604 0.5378871264585068 0.38788213186687087 0.5309381359122527 0.3883205995629747 0.5327276046875001 0.4166807312499999
0 0.55018743125 0.45870288359375 0.5438464354922262 0.4573938787962552 0.5285388637567914 0.5315458205018757 0.5348798595145652 0.5328548252993706
0 0.5578983528773787 0.39423934225951535 0.5574581117377067 0.3818824723721179 0.549826136985328 0.38215437855010254 0.550266378125 0.39451124843749996
0 0.5683196048878876 0.3358952278423681 0.56387982109375 0.3349332171875 0.5611959286194272 0.3473196728389084 0.5656357124135648 0.3482816834937765
0 0.5803623716421459 0.27996684301917524 0.5742248880950774 0.2783222473299542 0.5695745797341815 0.2956767808732791 0.57571206328125 0.29732137656250013
0 0.5323141456404406 0.5776686909745405 0.5237994350011389 0.5762379609795781 0.500005402890576 0.7178435043574599 0.5085201135298777 0.7192742343524223
0 0.5069550515625001 0.73943831640625 0.4999132386235621 0.7388418435723587 0.49686742980623927 0.7747999203206823 0.5039092427451772 0.7753963931545738
0 0.5041099823371381 0.7726840508352674 0.49446314442591816 0.7717162221935756 0.47848012330845185 0.9310270830318 0.4881269612196718 0.9319949116734918
0 0.5572817223782233 0.7039175168395588 0.5513248515625001 0.5657915171875001 0.5397714819595085 0.5662897718997533 0.5457283527752316 0.704415771551812
0 0.5598455388824439 0.781476346031407 0.5573662414062499 0.7237896015624999 0.5507813728363061 0.7240726102185929 0.5532606703125 0.7817593546875001
0 0.5818731578125 0.9760345039062498 0.5715584719083786 0.8834555741958768 0.5627566592963809 0.884436228571162 0.5730713452005023 0.977015158281535
0 0.6531781425946755 0.4770779484251896 0.639186597533142 0.38703333383775707 0.6303347752509664 0.3884087705688176 0.6443263203124999 0.47845338515625013
0 0.6770554992187501 0.59393282890625 0.650896046875 0.4935856812500001 0.6406250339109822 0.49626322695438485 0.6667844862547323 0.5966103746106348
0 0.6876399200098215 0.647869287301995 0.68338693671875 0.6294518968750001 0.6754153909276784 0.6312927033230051 0.6796683742187499 0.6497100937500001
0 0.6914010855483 0.6646446964516208 0.6818913935427147 0.6645034641639767 0.680599802717931 0.7514710488842348 0.6901094947235163 0.751612281171879
0 0.69163622265625 0.770364284375 0.6840793354473843 0.7700361304591137 0.6746295785495908 0.9876497061952281 0.6821864657584565 0.9879778601111143
0 0.704073940864202 0.3229353351665472 0.6974370734375002 0.2935207632812499 0.6928062558589259 0.29456562371525813 0.6994431232856277 0.3239801956005554
0 0.7160257781249999 0.40833644609375 0.7107731649602169 0.36169120152994194 0.7058501818436056 0.36224556727869356 0.7111027950083887 0.40889081184250153
0 0.7291714272049352 0.4560248564539496 0.7222735492187501 0.4346434882812501 0.7170595535033605 0.43632558392521226 0.7239574314895456 0.45770695209791173
0 0.736745383457736 0.512815467328125 0.734953939760238 0.4865449011303723 0.7303062453650021 0.4868618369272474 0.7320976890625001 0.513132403125
0 0.765719796228727 0.7361912200911924 0.7495398576319531 0.5688479620000322 0.7406895511165387 0.5697036726968087 0.7568694897133126 0.7370469307879689
0 0.7848412343749999 0.92959321875 0.7669237124999999 0.76401397109375 0.758846976797548 0.7648879640045507 0.7767644986725479 0.9304672116608007
0 0.7531618124999999 0.31952182421875 0.75034693203125 0.278820821875 0.7445166482982593 0.27922404417573493 0.7473315287670093 0.31992504651948495
0 0.7583368459978572 0.3578282125755144 0.7558380327452493 0.33444131635507945 0.7504193139417004 0.3350202887091207 0.7529181271943082 0.35840718492955564
0 0.773177491247953 0.4718234402432013 0.76489199921875 0.38693309296875 0.7586281543646134 0.38754445855126224 0.7669136463938164 0.4724348058257135
0 0.7781266244410343 0.5190090050164037 0.7768512000000002 0.5040483320312501 0.7719417404611668 0.5044668723398519 0.7732171649022008 0.5194275453250055
0 0.8570774424834162 0.9178380762783209 0.7853350501055961 0.5577139023571316 0.768695278251806 0.5610288062926649 0.8404376706296262 0.9211529802138543