1 0.21075054902286827 0.419193239762509 0.15419481250689318 0.38101811784950634 0.10795360402428697 0.44952361232002414 0.16450934054026206 0.4876987342330269
1 0.3351722652426254 0.23089528859803637 0.3134834801649358 0.17070890997737162 0.2465813378162059 0.19481779009099243 0.26827012289389546 0.2550041687116572
1 0.4495840585495099 0.23083652556356343 0.44686250095269753 0.17041794353279316 0.35922152476545016 0.17436573503198755 0.3619430823622625 0.2347843170627578
1 0.380978872994704 0.2566408455007566 0.3735352111911842 0.20453521113763165 0.34573239437365133 0.2085070419790461 0.3531760561771711 0.26061267634217106
1 0.3974507679013756 0.24508316800493235 0.3905359751636529 0.23747689798792262 0.3862946905224832 0.2413326123091064 0.3932094832602059 0.24893888232611613
1 0.49935841637792516 0.2199634340712115 0.4954401349177444 0.16608706779721416 0.4675148554405859 0.16811799735711147 0.47143313690076666 0.2219943636311088
1 0.4641763873467089 0.15655717025518823 0.412753383134128 0.15214948641515072 0.4108880999794657 0.17391113425580831 0.4623111041920466 0.17831881809584585
1 0.5926868850024227 0.22482912304856145 0.5812007237638059 0.1647476656191352 0.5159988301548343 0.17721273379654245 0.5274849913934512 0.23729419122596873
1 0.7871109324854759 0.33591397889351055 0.7145461595862757 0.2728141718071623 0.6680854771427737 0.3262439527515163 0.740650250041974 0.38934375983786457
0 0.2007834462345301 0.48190033765169693 0.17430279925959305 0.4562275082765453 0.16827982357039756 0.46244000206262503 0.1947604705453346 0.4881128314377766
0 0.25761161953125 0.5310919015625 0.22831197187500002 0.505104225 0.22210791532013047 0.5120989507755018 0.2514075629763805 0.5380866273380019
0 0.32616009380229627 0.5742007591796703 0.27988504675699877 0.5499368320758041 0.2753284740484525 0.5586269182086339 0.32160352109375 0.5828908453124999
0 0.35670857250778437 0.602285279906293 0.332154225 0.5847179578125001 0.3278636103047158 0.590715072437457 0.35241795781250007 0.6082823945312501
0 0.47815422500000004 0.6863792250000001 0.45587570390625 0.6733186617187501 0.45274459322917393 0.6786596653005977 0.47502311432292393 0.6917202285818478
0 0.7340560659180246 0.8293128019815432 0.5520679947830034 0.7274051247031248 0.5467933658600537 0.7368246264450596 0.728781436995075 0.8387323037234781
0 0.41072133452029985 0.24429950292819408 0.40575915468750007 0.24366514062500005 0.4000750009519929 0.28812836438664685 0.40503718078479267 0.2887627266898408
0 0.40603521093750006 0.29135809843750005 0.3985640832366694 0.2904583661261378 0.39257174938888867 0.3402170452770444 0.40004287708971936 0.34111677758840664
0 0.3913029850694416 0.3706131980165407 0.3849908260187459 0.3691828418966727 0.3799191792305544 0.3915640102863821 0.38623133828125006 0.39299436640625
0 0.3837619745470078 0.439289857823817 0.3740465609523156 0.43838473810886375 0.3573450595280545 0.6176560447750983 0.3670604731227467 0.6185611644900515
0 0.3684445427125247 0.636485205491709 0.3609037244803345 0.6359546577777475 0.3554403923279884 0.7136064761133777 0.3629812105601786 0.7141370238273391
0 0.36146971796874994 0.7870154929687498 0.3611194826402209 0.7719581682397466 0.35512159434982254 0.7720976799002625 0.35547182967835156 0.7871550046292657
0 0.365663028125 0.8718059859374998 0.36487042265624997 0.84487464765625 0.3568873531153546 0.8451095941898922 0.3576799585841046 0.872040932471142
0 0.3721341546875 0.92992147890625 0.3671575659844845 0.8986065691697155 0.3599084469679056 0.8997586045454596 0.3648850356709211 0.9310735142819941
0 0.4232408453125 0.3099619718750001 0.4155382925706245 0.3062201593134878 0.39831434882062455 0.34167579290723776 0.40601690156250003 0.3454176054687501
0 0.3640401069291369 0.48098198378500034 0.3585377884831483 0.47848350205772583 0.3469431042102614 0.5040180674914756 0.35244542265625 0.5065165492187501
0 0.3393316624611814 0.5498131527663951 0.3311546308100971 0.5478881519030958 0.2933838839739158 0.7083309850742008 0.3015609156250001 0.7102559859375001
0 0.29225074107793186 0.7508056953447608 0.28006756491813356 0.749940443039326 0.2683185635074833 0.915372136186624 0.28050173966728165 0.9162373884920589
0 0.33348864056453065 0.31944817535069614 0.29986126796874996 0.2404179578125 0.2894127680292193 0.24486379652430385 0.32304014062499997 0.3238940140625
0 0.4219471946328305 0.43940760458312045 0.41876549296875 0.42086197187499996 0.41199787567966945 0.42202302901062944 0.41517957734375 0.44056866171875
0 0.440329225 0.5289813382812499 0.43385757426583327 0.4768916568178767 0.4274888518572085 0.47768291040003696 0.4339605025913752 0.5297725918634102
0 0.48896777578513007 0.6808831490578037 0.4430669015625 0.54139366171875 0.4347737664706541 0.5441226283098798 0.48067464069328414 0.6836121156489334
0 0.46131697489820916 0.6112202888728998 0.44277816874999987 0.5842355632812499 0.4375864799763439 0.5878023111227186 0.4561252861245532 0.6147870367143684
0 0.49689575039742806 0.6753659091553379 0.4898014085937499 0.6591411968750001 0.48542141740474276 0.661056371335725 0.4925157592084209 0.677281083616063
0 0.5072897890625 0.7332517609375001 0.49739401406250006 0.7070200703124999 0.4912265885972104 0.7093467009367422 0.5011223635972104 0.7355783915617424
0 0.5990536036844294 0.9089146720250779 0.5364445705801809 0.7932047030214684 0.5250197849840161 0.7993864934562831 0.5876288180882647 0.9150964624598925
0 0.6194511406448571 0.8482362034874475 0.543037520328604 0.7406804336646664 0.5322289754063736 0.7483594270763573 0.6086425957226267 0.8559151968991385
0 0.5574172539062501 0.24788168984375009 0.5501359788484568 0.24761520832685333 0.5472335782901177 0.3269196833210759 0.554514853347911 0.3271861648379727
0 0.5556845057169978 0.34254000557147013 0.5484743641395935 0.3421236855140499 0.544816500983248 0.4054732906026258 0.5520266425606524 0.4058896106600461
0 0.551034859375 0.4691095070312499 0.5498478875 0.43856549296875 0.5404065160525877 0.4389323943965249 0.5415934879275877 0.4694764084590248
0 0.5276784882431087 0.7851195831059551 0.516275029925773 0.7823903781969265 0.5115835135576644 0.8019929779034716 0.5229869718750001 0.8047221828125
0 0.5170221828125002 0.8316609156249999 0.5062013950758845 0.8289042537664407 0.48591725390625007 0.9085260562500002 0.4967380416428657 0.9112827181085594
0 0.7188620477993223 0.3516194352539232 0.710674713471448 0.34569248582979994 0.6694130605048554 0.40269026387448015 0.6776003948327297 0.4086172132986034
0 0.6523324430078544 0.4448926439849446 0.6485189092308655 0.44298422137491633 0.63825246484375 0.46349929609375007 0.6420659986207389 0.46540771870377834
0 0.6417422681789319 0.4686104940954232 0.6354071010504169 0.46568759241794677 0.6165971595427033 0.5064567103281462 0.6229323266712183 0.5093796120056227
0 0.5855612426861534 0.5679422671912702 0.5800475351562501 0.5634651406250001 0.5103447690884343 0.6493060612321184 0.5158584766183376 0.6537831877983885
0 0.5228049442886786 0.6619655638787527 0.5108805879645234 0.6526700696733033 0.43362810851959477 0.7517703511070507 0.44555246484375 0.7610658453125001