1 0.8850701478889931 0.40813327724288884 0.8270020377806399 0.3455786763701489 0.778486095059899 0.3906149976736747 0.8365542051682523 0.4531695985464147
1 0.7200454783280392 0.16992390934688134 0.6509788108948511 0.15307708338671616 0.635810922576657 0.21526063657433295 0.7048775900098451 0.23210746253449815
1 0.6095780393935237 0.2218063183503375 0.6059692260364999 0.161434235708404 0.518395700158482 0.16666904782818265 0.5220045135155058 0.22704113047011618
1 0.6241317505555561 0.19581907597959058 0.5949339327864794 0.19275026480933893 0.589445016502201 0.2449738681941424 0.6186428342712778 0.24804267936439411
1 0.5846491099088251 0.22959777984924834 0.5795491323104242 0.22726506429487286 0.5752562486607904 0.23665052511739254 0.5803562262591914 0.23898324067176807
1 0.49774573121365095 0.1668286895742842 0.4723050344061731 0.16446417900298801 0.4672884377022551 0.21843971089490438 0.492729134509733 0.22080422146620055
1 0.55447751875 0.16606778203125 0.5500766785365084 0.14468669906111725 0.4996815188026801 0.15505946857105113 0.5040823590161716 0.17644055154118385
1 0.44915050347941043 0.1798886267852435 0.38339442778058513 0.1770423789439121 0.38074022396814394 0.23836171462388273 0.44649629966696924 0.2412079624652142
1 0.3146346150380621 0.3474598303148272 0.26696481854751436 0.2967107171754928 0.19646038202391533 0.36293713834531866 0.2441301785144631 0.41368625148465304
0 0.8259889979792525 0.42882249457066235 0.8207694627860771 0.42312917489676805 0.7938218694943247 0.4478342537636058 0.7990414046875001 0.4535275734375002
0 0.7780620397825226 0.4846952763920081 0.7707332296874999 0.47667713124999994 0.7419416782459647 0.5029934187602616 0.7492704883409874 0.5110115639022696
0 0.7261377515625 0.5296704812499999 0.7214260506825194 0.5241391295909998 0.6813719561512693 0.55825789912225 0.6860836570312501 0.5637892507812501
0 0.6793145312852312 0.5700906876717904 0.6751108242912818 0.5660670268479604 0.6538884578498004 0.5882390274574202 0.65809216484375 0.5922626882812502
0 0.5650549886075197 0.6714647565581855 0.5611076502856533 0.6666750060565255 0.5412080351562499 0.6830747148437502 0.5451553734781164 0.6878644653454101
0 0.47817761015625015 0.7403615187500001 0.4719486360450006 0.7315531603001583 0.30165227995566063 0.8519810015785383 0.3078812540669102 0.8607893600283802
0 0.57588396328125 0.27916206640625 0.5669302953125 0.23521851875 0.5621060712282874 0.23620147308483838 0.5710597391970373 0.2801450207410884
0 0.5894241703125 0.33002607109374993 0.5795159230035981 0.2810847787471247 0.5716410226562499 0.282679065625 0.5815492699651518 0.33162035797162526
0 0.6055973746778439 0.3812628133303607 0.6028987707942746 0.3582053675613563 0.5950771052374687 0.3591208018752451 0.5977757091210381 0.38217824764424946
0 0.6552649977569913 0.6016593985476695 0.6147205550489728 0.4262329541795051 0.6042020099715619 0.4286639932956361 0.6447464526795804 0.6040904376638004
0 0.6662810242109322 0.6972839465635579 0.652157072127512 0.6207007179220195 0.6445436837472782 0.6221048260352751 0.6586676358306984 0.6986880546768134
0 0.6734527331034391 0.7706207448016337 0.672539805995385 0.7554625268280241 0.6666182076882204 0.7558191642392968 0.6675311347962746 0.7709773822129066
0 0.6785445108857108 0.8288655242920477 0.6704385406250001 0.8288605015625002 0.670421893934203 0.8557258900453286 0.6785278641949136 0.8557309127748761
0 0.6805940179687501 0.8828978039062501 0.6732127475917966 0.8826386034937095 0.6721044140625001 0.9142007039062502 0.6794856844394536 0.9144599043187908
0 0.5847284946938569 0.33170610048917354 0.5635241565022473 0.29848034319321654 0.5561056508708904 0.3032147575477931 0.5773099890625 0.33644051484375004
0 0.6526036217781528 0.4880297217702962 0.6384404733179698 0.463814408623424 0.6332275657153017 0.46686335471129825 0.6473907141754847 0.49107866785817034
0 0.727241980163311 0.6855317256658459 0.6717379571746076 0.5303470925727903 0.6638257262300469 0.5331770161256945 0.7193297492187501 0.68836164921875
0 0.7746597117624815 0.8885062805948538 0.7407712656250001 0.7263064343749999 0.7279763321356111 0.7289796823742618 0.7618647782730925 0.8911795285941156
0 0.6780515363020927 0.22241768988724364 0.6692895499526788 0.22028113208393138 0.6488203800568362 0.3042248414154378 0.6575823664062501 0.30636139921875005
0 0.5793377645582449 0.4132376679582266 0.5724931200921729 0.41280264242335124 0.571298856315178 0.43159305884012467 0.57814350078125 0.43202808437500007
0 0.5695297704569018 0.5224675885676093 0.5686678389923733 0.4700563832267646 0.5615113357229714 0.47017407590915533 0.5623732671874999 0.52258528125
0 0.5698026219165127 0.537224073194606 0.56094802890625 0.5352157734375 0.5284684466048271 0.6784182417965392 0.5373230396150899 0.6804265415536452
0 0.5713062724496819 0.5809695717521248 0.5657133781250001 0.5777928023437501 0.5496021134878183 0.6061576563728754 0.5551950078125001 0.6093344257812502
0 0.531347841846564 0.6587292221869708 0.5267775070312501 0.65720336171875 0.5211916620596863 0.6739343684380292 0.5257619968750002 0.6754602289062501
0 0.5297932456482466 0.7068735813455577 0.5233223541601787 0.7054077091506541 0.51713159296875 0.73273597421875 0.5236024844568179 0.7342018464136537
0 0.5054508906258308 0.7998835592795382 0.4920358696431565 0.7946469880156823 0.44420620919520426 0.9171767629720933 0.4576212301778785 0.9224133342359492
0 0.49628515815404645 0.7520839615894267 0.4827434204473299 0.7435627367579991 0.4125676669807835 0.8550844564185726 0.4261094046875001 0.8636056812500001
0 0.43284499375 0.33310215703125 0.4240897921263761 0.25442483467276517 0.41654374453125 0.25526455781249996 0.4252989461548739 0.3339418801709848
0 0.44457262109375006 0.41083556874999994 0.43608383782437876 0.3479944867704259 0.42832601063260445 0.34904243998188733 0.43681479390197564 0.41188352196146144
0 0.4555806494082694 0.4736770230388383 0.4526041844500199 0.4432706471362417 0.4430393139480005 0.4442069475349034 0.44601577890625005 0.47461332343749996
0 0.520066116255854 0.799916651597935 0.5116711984375 0.7831314031249998 0.5005961767128959 0.7886704273083147 0.50899109453125 0.8054556757812499
0 0.5567082000000001 0.90481606015625 0.5254367403538825 0.8284703545469473 0.5152191016714717 0.8326555339645134 0.546490561317589 0.9090012395738162
0 0.3181520015625 0.4237954125000001 0.2756443187190011 0.3681380963760524 0.2669974945574435 0.37474201630356835 0.3095051774009424 0.43039933242751605
0 0.3586895343750001 0.47815056875 0.34621107421875 0.45890017109375 0.34264546967378884 0.4612114612313226 0.35512392983003893 0.48046185888757265
0 0.38470067214156356 0.5185151330898065 0.36112535078125 0.4804001804687501 0.355436725534265 0.48391877774025704 0.3790120468945785 0.5220337303613134
0 0.5051151897074474 0.6497840293546084 0.42702488749999984 0.5714847179687501 0.4219960344416792 0.5765001471996134 0.5000863366491268 0.6547994585854717
0 0.5864385869457014 0.7497887257941356 0.5057038522080516 0.6526404552848877 0.4965868408481756 0.6602171160929631 0.5773215755858254 0.757365386602211