1 0.37023234611667444 0.11455128272385287 0.3500885147065374 0.04886487459985942 0.26367958355895993 0.0753636129397801 0.2838234149690971 0.14105002106377357
1 0.43552657623025953 0.09738180564711738 0.35412090593147955 0.09325999935345508 0.35106427287334824 0.15362849928446584 0.43246994317212817 0.15775030557812814
1 0.5491072910262759 0.22494407670463906 0.48729494705763426 0.18560894759115473 0.45607912184796706 0.2346623857928738 0.5178914658166087 0.27399751490635815
1 0.5911971828125 0.2109154929687501 0.53204225390625 0.2109154929687501 0.53204225390625 0.27288732421875006 0.5911971828125 0.27288732421875006
1 0.6440283925165252 0.3197385499605431 0.6252240403621994 0.2575395387416659 0.5609767378572725 0.27696314174745573 0.5797810900115984 0.3391621529663329
1 0.6964779861597765 0.2651967212118529 0.678075885024352 0.2069234043521469 0.6153874124435311 0.22671976527038434 0.6337895135789556 0.28499308213009034
1 0.7692005143141631 0.23496163426955013 0.7440653248433297 0.18265326495556922 0.6741474615456454 0.21625015899817152 0.6992826510164789 0.26855852831215243
1 0.4743453047291234 0.3189983717994225 0.4258863789739912 0.2992192173104655 0.41253350148312123 0.33193376531142815 0.46099242723825345 0.3517129198003851
1 0.3969224972578527 0.3319251022212205 0.3963419983986175 0.26342620205593625 0.3396260901959855 0.2639068451017761 0.3402065890552207 0.33240574526706035
0 0.3255830984375 0.12929577500000006 0.31983240325556606 0.12919773449050517 0.319345783724316 0.15774104386550516 0.32509647890625 0.15783908437500002
0 0.32742014507696515 0.17843923333276998 0.3207513381503014 0.17842284951433046 0.320519668699823 0.27272069844079894 0.3271884756264868 0.27273708225923843
0 0.3391853341528235 0.4814107269108301 0.33266175237608314 0.48081289683322304 0.32704647890625005 0.5420873242187499 0.3335700606829904 0.542685154296357
0 0.32417413077770557 0.6116953473135233 0.31561229938312013 0.6104443990035885 0.28469579842869436 0.8220453631522494 0.29325762982327974 0.8232963114621841
0 0.2869423812173397 0.8317197516995293 0.27957532322255957 0.8292677156968488 0.23665400332017494 0.9582233479093091 0.2440210613149551 0.9606753839119895
0 0.37079612656250005 0.3357788734375001 0.36560633828125 0.33379084531250003 0.35317744159597353 0.3662367355667506 0.35836722987722364 0.36822476369175067
0 0.3488509299201104 0.39354670191820873 0.3485505775763604 0.3828576175432088 0.3439971828125 0.38298556328125005 0.34429753515625 0.39367464765625
0 0.31815492968750003 0.4440862679687501 0.31328242878641815 0.4420837187628129 0.3021950703124999 0.46906091562499996 0.30706757121358186 0.4710634648309372
0 0.3065967629785075 0.4928764641036086 0.2973218118451212 0.48793269169137155 0.2704109814796609 0.5384197723629423 0.2796859326130473 0.5433635447751792
0 0.25622454769821135 0.5947038722884014 0.25150035234375007 0.5926200703125 0.23723073433303865 0.6249707753678486 0.24195492968749993 0.6270545773437501
0 0.24069529587162805 0.631652092450527 0.23580434050334848 0.6294760790667328 0.18939425556922046 0.7337905358349558 0.19428521093750004 0.7359665492187502
0 0.18941107171286378 0.7502731629844983 0.18143657699868906 0.746720765071481 0.10354222635239663 0.9215795795124941 0.11151672106657133 0.9251319774255116
0 0.37726056328125 0.24547359140625002 0.372563397983761 0.2444370088511077 0.368155651890011 0.2644102486948577 0.37285281718749996 0.26544683125000007
0 0.48646112631727034 0.25717789891129517 0.48230904699288873 0.2523226126701556 0.4027079690205329 0.3203948073117502 0.40686004834491457 0.3252500935528898
0 0.4010632143855152 0.33085238012598517 0.3947972757036293 0.3244028029417571 0.33929327591439506 0.37832644000268406 0.345559214596281 0.3847760171869121
0 0.2779342279931214 0.4346902920924996 0.2729840739744289 0.42839818896341164 0.15531696904293943 0.5209698268394352 0.1602671230616319 0.5272619299685232
0 0.15156549296875005 0.5339827460937501 0.14593608116815382 0.5278683970058445 -0.00455955646473809 0.6664280222821735 0.0010698553358581275 0.672542371370079
0 0.41998873203125003 0.44554190156250006 0.414017487965711 0.443550651850973 0.4030989476495311 0.47629253685410367 0.40907019171507014 0.4782837865656308
0 0.40336654921875 0.5096961265625 0.39584584515792026 0.5073232548704871 0.36834153741135583 0.594496851174141 0.37586224147218555 0.5968697228661538
0 0.35979089057595914 0.656171315073221 0.3551387868275798 0.6543504492807576 0.3524517609375001 0.66121549296875 0.3571038646858794 0.6630363587612134
0 0.34673363779638855 0.6912336149946607 0.34332622906975213 0.6888191927507857 0.3371918873671136 0.697476423068625 0.34059929609375 0.6998908453125
0 0.3366286036377138 0.714006427702237 0.3301601675010971 0.7117103777664225 0.30896184809781746 0.7714303224962308 0.3154302842344342 0.7737263724320451
0 0.3399492855350979 0.6945717400812662 0.3334170338780494 0.6945135815957773 0.3325170600919108 0.7955969438322809 0.3390493117489593 0.7956551023177698
0 0.33779436640625005 0.63422535234375 0.3339302820312501 0.63422535234375 0.3339302820312501 0.6482165492187499 0.33779436640625005 0.6482165492187499
0 0.5307041751688765 0.41255376412977346 0.5259600692555654 0.38453604184486245 0.519094978461689 0.3856984745900891 0.523839084375 0.4137161968750001
0 0.545595775 0.45368309843750004 0.5391526875380777 0.4530440790307539 0.5316799606998729 0.528389885573271 0.5381230481617953 0.5290289049800172
0 0.546632772490879 0.3884086409963647 0.544381024377438 0.3763016867831916 0.5367126886053087 0.37772790516182697 0.5389644367187498 0.38983485937500006
0 0.5507917233051968 0.329652867786696 0.54627570390625 0.32916021093750003 0.5449012512876762 0.3417593551461784 0.549417270686623 0.34225201199537436
0 0.5569224100858022 0.27277205269395405 0.5506466416918305 0.2717780081156761 0.5478358511372783 0.289523560890472 0.55411161953125 0.29051760546875005
0 0.5402557138834931 0.5738654654194878 0.5316380956375573 0.5733326027588588 0.5227762200959981 0.7166495697799631 0.531393838341934 0.7171824324405922
0 0.5326745899639282 0.7734791152477245 0.5319450703124999 0.7373996476562499 0.5248794847385921 0.7375425123898257 0.5256090043900205 0.7736219799813003
0 0.5333477675777906 0.9308694690044528 0.5325907123710518 0.7707606492461705 0.5228955548426899 0.7708064916269841 0.5236526100494286 0.9309153113852664
0 0.5782831114315419 0.6968128650474861 0.557920775 0.560066196875 0.5464827774778992 0.5617693780695457 0.566845113909441 0.6985160462420318
0 0.5889399888543891 0.7736788268433555 0.58044436640625 0.71656725390625 0.5739251525518607 0.7175370184691445 0.5824207749999999 0.77464859140625
0 0.6311838031250001 0.9648686617187501 0.6112484888089706 0.8738750672643475 0.6025973995722016 0.8757703895026335 0.6225327138882311 0.9667639839570361
0 0.6499430099619878 0.4611920415203542 0.6266158870217061 0.37310321558914755 0.6179563278409682 0.3753963850062933 0.6412834507812499 0.4634852109375
0 0.6859042250000001 0.5749109156250001 0.6493989437500002 0.4778478875000001 0.6394640763019004 0.48158437849332963 0.6759693575519004 0.5786474066183296
0 0.7020685583994813 0.6274455313790972 0.6959137320312501 0.60957359140625 0.6881782720692685 0.6122375670584027 0.6943330984374999 0.6301095070312499
0 0.7153687000855541 0.7303620691061117 0.7075626278684941 0.6437358938370992 0.6980902674093913 0.6445894687476865 0.7058963396264513 0.7312156440166991
0 0.7321960048226936 0.9662609951694527 0.7188471828125 0.7488517609375 0.7112973915467421 0.7493153144759537 0.7246462135569357 0.9667245487079063
0 0.6844477047596038 0.3025737783392266 0.6747725351562499 0.2740140843750001 0.6702763032167156 0.2755372731964735 0.6799514728200695 0.3040969671607
0 0.7052609156250002 0.3862577460937501 0.6951613211516385 0.34041707671256 0.6903232542117091 0.3414829973194767 0.7004228486850708 0.3873236667006667
0 0.7233193482248035 0.43231081998802806 0.7142242960937499 0.41176760546875 0.7092146897909253 0.4139854974368006 0.7183097419219789 0.4345287119560786
0 0.7367880484583058 0.487998631758244 0.7322603965530751 0.46205923563940543 0.7276712918447693 0.4628602515374114 0.73219894375 0.48879964765625
0 0.7889528606204597 0.7071220577589654 0.7553694237585622 0.5423867879967247 0.7466570464188174 0.54416291993695 0.7802404832807148 0.7088981896991907
0 0.8281855632812498 0.8974658453124998 0.7930584507812499 0.7346665492187501 0.785117317591552 0.7363800030580798 0.8202444300915518 0.8991792991518295
0 0.7329098593750001 0.2940478875 0.7258559859375 0.2538640843750001 0.7200997892528087 0.2548745283782435 0.7271536626903088 0.29505833150324345
0 0.7420606510518322 0.331603490644483 0.7371309304241307 0.30860590746446953 0.7318024148704171 0.3097481184887566 0.7367321354981186 0.3327457016687701
0 0.7687357435583188 0.4434229710838566 0.7516221828125002 0.35986373203125 0.74545655732222 0.3611264985135709 0.7625701180680388 0.4446857375661775
0 0.778590000101108 0.48983272301832165 0.77575774609375 0.4750873242187499 0.7709189302039329 0.4760167501285597 0.7737511842112909 0.49076214892813147
0 0.8987973067696501 0.8782243596240237 0.7898047001113899 0.5275721050371196 0.7736025849561956 0.5326081792132926 0.8825951916144558 0.8832604338001968