1 0.3568594314306429 0.1193149126441296 0.33443544741159403 0.054371528488390365 0.2490039469579993 0.08386975414753897 0.2714279309770482 0.14881313830327822
1 0.4215146795013573 0.0998771612018365 0.34001475062208375 0.09859888057745471 0.3390668082564444 0.1590372803369916 0.42056673713571796 0.1603155609613734
1 0.539478063355545 0.22339781971759973 0.47633060210893907 0.18624386269584145 0.44684572645292225 0.23635683025294307 0.5099931876995283 0.27351078727470135
1 0.5832447386093483 0.21059056755976074 0.52413493444997 0.20852642716671466 0.5219842949836656 0.27011326404028646 0.581094099143044 0.2721774044333325
1 0.6376496207151922 0.3148218414227603 0.6166860085294009 0.25331698281904336 0.5531557179241178 0.2749709530018037 0.574119330109909 0.33647581160552065
1 0.6881637806286408 0.2584827746101038 0.6677391810049962 0.20088718020390753 0.6057797794681765 0.22285927689562995 0.6262043790918211 0.2804548713018262
1 0.7597868192647346 0.22572812644822196 0.7328414062225672 0.17432882746143466 0.6641386494580761 0.21034535287417708 0.6910840625002435 0.2617446518609644
1 0.4680440670236563 0.3200039690347304 0.4189243790873845 0.30192805528341343 0.4067213567311262 0.33508868319220075 0.455841044667398 0.3531645969435178
1 0.39111955992463904 0.33562484182516117 0.3881488373390046 0.2671879285514373 0.33148425301488355 0.26964763563647154 0.33445497560051796 0.3380845489101954
0 0.31326178203125 0.16415156406250003 0.3127519578125 0.13560866015624998 0.3070013440187512 0.13571137578022296 0.3075111682375012 0.164254279686473
0 0.31936238592098165 0.27890656028951544 0.3163029676919606 0.18465806926782957 0.309637651645089 0.18487443336230927 0.31269706987411006 0.2791229243839951
0 0.338634542124757 0.48703440166040124 0.33209407076278386 0.48666460544739537 0.3286206640625001 0.5480976765625001 0.3351611354244733 0.548467472775506
0 0.32817935074507315 0.6177635396337404 0.31957907728630464 0.6168121569625205 0.2960661772921628 0.8293631901855438 0.30466645075093135 0.8303145728567637
0 0.2986490227509151 0.8389532807154222 0.2912008774858331 0.8367598449563438 0.25280619057764925 0.967134853349403 0.2602543358427312 0.9693282891084815
0 0.36514359921875006 0.3403880625000001 0.35988759140625004 0.33858236640625006 0.3485986108031855 0.3714422537650594 0.35385461861568557 0.37324794985880944
0 0.3452278396999057 0.3988865763570612 0.34455462641865575 0.3882144857320612 0.3400084703125 0.3885012648437499 0.34068168359374995 0.39917335546875
0 0.31631434374999995 0.45046663046875 0.3113749234732137 0.44863534907894964 0.3012358093750001 0.47598305546875 0.30617522965178634 0.47781433685855046
0 0.30646597056758673 0.4996304792475271 0.29702413469053934 0.4950134098744873 0.2718916721025213 0.5464089094369868 0.2813335079795687 0.5510259788100267
0 0.2596781666246155 0.6031538213111728 0.25488412578124997 0.6012361609375 0.2417522240003845 0.6340651615013273 0.24654626484375006 0.6359828218750001
0 0.24544784920340038 0.6406214969363422 0.24048393168580598 0.638617501066074 0.1977426402949057 0.7444881010047318 0.2027065578125001 0.7464920968750001
0 0.1983346811905798 0.7609601008701459 0.19024106736940888 0.7576881728198063 0.11849665283494337 0.9351589411662266 0.12659026665611428 0.938430869216566
0 0.36845248906249994 0.2499121867187501 0.3637220091584832 0.24904016443790597 0.3600140044709832 0.26915506521915594 0.36474448437499996 0.27002708750000004
0 0.47799500448670473 0.2577983193472326 0.4736760074919294 0.25309089634712956 0.39649910587168613 0.3238996607510518 0.4008181028664615 0.3286070837511549
0 0.3952203169705517 0.33440826446159455 0.3887331078849995 0.3281812939227587 0.3351448280372967 0.3840091437156889 0.3416320371228489 0.3902361142545248
0 0.2757902286185371 0.44248006125955985 0.27062349861861723 0.43636454866065133 0.15625877671298918 0.5329863166720132 0.16142550671290903 0.5391018292709218
0 0.15296373046875003 0.5461222335937501 0.1471243601577139 0.5402080727619694 0.001556061855320001 0.6839355133089532 0.007395432166356119 0.6898496741407338
0 0.41813691249999996 0.44836742890625 0.4120998121232846 0.44658578556786105 0.4023305984844795 0.47968877653594755 0.40836769886119484 0.4814704198743366
0 0.40376380546875 0.5130626789062501 0.3961648708353737 0.5109537215364353 0.3717196329672584 0.5990341006450246 0.37931856760063476 0.6011430580148394
0 0.3653266025547762 0.6609694078267838 0.36061378584213083 0.6593120069193628 0.35816798281250006 0.6662666437500001 0.36288079952514546 0.6679240446574213
0 0.3535009606234115 0.6964660395122994 0.3500113658049838 0.6941720048702033 0.3441828934628224 0.7030380466079039 0.34767248828125 0.7053320812500001
0 0.3435055793628942 0.7192964897630297 0.3367374298514158 0.7172770551047885 0.31861263047246796 0.7780224481590537 0.3253807799839464 0.780041882817295
0 0.34946557316565036 0.8010920952250459 0.34683724012944767 0.7000389016400662 0.3403069380214059 0.7002087508863695 0.34293527105760857 0.8012619444713491
0 0.3429930216040936 0.6400367707096113 0.33871584453125014 0.6399393351562501 0.3383977329159088 0.6539036393635529 0.3426749099887523 0.6540010749169141
0 0.5276336413814524 0.4115354741586398 0.5219146221809212 0.38370038585853095 0.5150942815807189 0.38510169841864117 0.5208133007812501 0.41293678671875
0 0.5439515625000001 0.4521200437500001 0.5374900990343398 0.4517062741575778 0.5326514550933957 0.5272669765879212 0.5391129185590561 0.5276807461803437
0 0.5427098826606688 0.38684915949851617 0.5400369801808257 0.37482816540706243 0.5324230904889069 0.37652113559604616 0.53509599296875 0.3885421296874999
0 0.5448157535832107 0.3279840329102449 0.5402852914062499 0.32764928281250005 0.5393513794353321 0.34028872008035477 0.5438818416122928 0.34062347017809963
0 0.5489575931521318 0.2709239107073674 0.5426509562521533 0.2701494928658235 0.5404611888812715 0.2879823305959562 0.54676782578125 0.2887567484375001
0 0.5428090587625164 0.572415564724298 0.5341780941020035 0.5721837772031646 0.53032330662978 0.7157227144326205 0.5389542712902929 0.7159545019537539
0 0.5421989695648478 0.7721721926005944 0.54021073828125 0.7361401632812501 0.5331544428418238 0.7365295265117979 0.5351426741254216 0.7725615558311423
0 0.5483645809953418 0.9294431748071176 0.5420202692577922 0.7694583094974272 0.532332617107428 0.7698424801196162 0.5386769288449776 0.9298273454293066
0 0.5851040935939029 0.6939609304600236 0.55998177109375 0.5580082000000001 0.5486101814169959 0.5601095240575027 0.5737325039171489 0.6960622545175263
0 0.5984370625349524 0.7704081478858276 0.58795345 0.7136278593750002 0.5814720515275476 0.7148245505516726 0.5919556640625 0.7716048390625
0 0.647327571875 0.9600072273437499 0.6242287707046286 0.8697647965454516 0.6156490976064461 0.8719608828127271 0.6387478987768175 0.9622033136110254
0 0.6484972900451543 0.4559827469926674 0.6221101223145824 0.3687616871021466 0.613535868988178 0.37135567370322936 0.63992303671875 0.4585767335937502
0 0.68840533046875 0.5683773179687499 0.64853483671875 0.47264743437499995 0.638736423047791 0.4767283710309534 0.678606916797791 0.5724582546247033
0 0.7063932482418812 0.6203158043579979 0.69961845 0.6026695515625 0.6919806744143688 0.6056018675170023 0.69875547265625 0.6232481203125001
0 0.7232770232009156 0.7227054793617722 0.7124524974340483 0.6364045025500362 0.703015696208545 0.6375881380289845 0.7138402219754123 0.7238891148407205
0 0.7483268319982939 0.9578734374912685 0.72739866796875 0.7410625109374998 0.7198696538812283 0.7417892660153409 0.7407978179107721 0.9586001925691097
0 0.6774452687299423 0.2962569124493871 0.6667792734375 0.268052275 0.6623389386413834 0.26973145240893626 0.6730049339338257 0.2979360898583233
0 0.7011663289062499 0.37916353203125003 0.689473070459568 0.33370325878981877 0.6846751508023479 0.3349373761973481 0.6963684092490299 0.38039764943877935
0 0.7208209894479423 0.4245583213774774 0.71101453046875 0.4043450343750001 0.7060853796043123 0.40673640772008907 0.7158918385835046 0.42694969472256633
0 0.7362249620135393 0.47974215913288776 0.7307947963467797 0.4539765770582472 0.7262364421457403 0.4549372624566095 0.7316666078125 0.48070284453124995
0 0.7960052937436904 0.6969115753696318 0.756693137099272 0.5334487025155712 0.7480480531671456 0.5355278100695374 0.787360209811564 0.6989906829235981
0 0.84185699921875 0.8857702085937499 0.8010696718749999 0.72429600390625 0.7931931749098208 0.7262855554922915 0.8339805022535709 0.8877597601797914
0 0.7255803515624999 0.28604491093750006 0.7171283812499999 0.24613176328125003 0.7114109548661213 0.24734248007253473 0.7198629251786213 0.28725562772878477
0 0.7360362406027281 0.3232582783310364 0.7303069187289812 0.3004467492599865 0.7250215124831906 0.3017742268491183 0.7307508343569373 0.32458575592016825
0 0.7665975272823323 0.4340786939031533 0.7465782164062501 0.35116761171875 0.7404604161716902 0.3526447863201022 0.7604797270477726 0.43555586850450545
0 0.778065458069315 0.48011626594957424 0.7747203218750001 0.46547869375 0.7699168902174318 0.46657642586537895 0.7732620264117468 0.48121399806495313
0 0.9117542101213687 0.8640761301225011 0.7905904113490024 0.5174412706012179 0.7745739226589243 0.5230397225727379 0.8957377214312908 0.869674582094021