1 0.23148353270264632 0.36548649023810476 0.1832510398718696 0.3172214094621619 0.12478794894296823 0.3756450268841136 0.17302044177374495 0.4239101076600565
1 0.3895482147176044 0.2043888859440782 0.379742016062493 0.14116988459519292 0.30946886352305547 0.15207028604442935 0.3192750621781669 0.21528928739331468
1 0.51043918307305 0.16602454207778403 0.423558718939013 0.15391708224935105 0.415196763450895 0.21392063247132 0.502077227584932 0.226028092299753
1 0.4322360652322227 0.18583311196531954 0.4041862033213966 0.18442694169181645 0.40155088061108984 0.23699556691983642 0.429600742521916 0.2384017371933395
1 0.44797531050915723 0.23019939263480116 0.4426389073674174 0.22141346599380562 0.43773984203578725 0.2243890642084906 0.4430762451775271 0.23317499084948615
1 0.5570726462953891 0.1684070822696155 0.5312940799324348 0.16826763586193091 0.5310007590207347 0.222491998564823 0.556779325383689 0.2226314449725076
1 0.5302149219390299 0.15456141510113283 0.4793755980932552 0.14285927589070763 0.4744733762024036 0.16415671918644478 0.5253127000481783 0.17585885839687
1 0.6443094639555371 0.18843417461653694 0.578555542588814 0.18553857276255398 0.5758553148355972 0.24685589893881668 0.6416092362023201 0.24975150079279967
1 0.800189579317065 0.41521471433180457 0.7926866432411817 0.33568696859924696 0.7077976980919101 0.34369569967966795 0.7153006341677934 0.42322344541222556
0 0.20973447551195362 0.4251396698226806 0.18863895980015624 0.39488577611292125 0.18154124290820714 0.3998348910813427 0.20263675862000455 0.4300887847911021
0 0.2561323625000001 0.48427077265625007 0.23232971406249997 0.4531699265625001 0.22490498693941538 0.4588523497648279 0.24870763537691545 0.489953195858578
0 0.3143937405303861 0.5419197261887748 0.2769179822548403 0.5049957587692961 0.27158908938070425 0.5104042864867713 0.30906484765625003 0.5473282539062501
0 0.33982428802700543 0.5730647185679885 0.31907307656250006 0.55113496640625 0.31371698931674463 0.5562032087757617 0.33446820078125 0.5781329609375
0 0.44299276093749995 0.6787865429687502 0.42361563203124997 0.6617149968750001 0.4195229369463075 0.6663604273356859 0.4389000658525575 0.683431973429436
0 0.6669199516709694 0.8679224009821327 0.507720415790888 0.7331620938764942 0.5007453710267878 0.7414020861489746 0.6599449069068692 0.8761623932546131
0 0.4611515899638759 0.23196226875325415 0.45640162109375 0.23039273281250003 0.44233791821242735 0.27295445386036904 0.44708788708255326 0.27452398980112314
0 0.4475723601562501 0.2772621109375001 0.4404101750381718 0.27495335088632966 0.4250335339507214 0.3226544317789671 0.4321957190687997 0.32496319183013744
0 0.41798822034688266 0.35225002946051454 0.412064958445861 0.3496415366548683 0.40281596466147845 0.3706437845381038 0.40873922656250006 0.3732522773437501
0 0.3974816354983783 0.4182260135554802 0.3881174258769619 0.4154837349998746 0.33751620068715066 0.5882745256397591 0.34688041030856703 0.5910168041953647
0 0.3448189818498705 0.6088756227746656 0.33751794294819815 0.6069159668182531 0.3173383225312923 0.682098650392223 0.32463936143296457 0.6840583063486355
0 0.3117790437773809 0.7404618781597285 0.30586473395302316 0.739454375898432 0.3033354620506422 0.7543018836762034 0.30924977187499997 0.7553093859375
0 0.30154794843750016 0.8127543898437499 0.29366672087009277 0.8114617783785976 0.28930602243259274 0.8380495486910975 0.2971872500000001 0.83934216015625
0 0.2935405366481151 0.8659355122412004 0.2862047852581975 0.865683184369443 0.28511477361008253 0.8973723291594926 0.2924505250000001 0.8976246570312499
0 0.4609120921875 0.2988071687500001 0.45406502884353345 0.29366438770994435 0.4303922835310335 0.32518211817869436 0.43723934687500005 0.3303248992187501
0 0.37016688155044075 0.4553890276523001 0.36524238887985233 0.45188655826799795 0.34898850732941156 0.47473961186569796 0.35391300000000003 0.47824208125000006
0 0.33277879453740955 0.5182409804994897 0.3251193055168313 0.5147910961711745 0.25742857816692183 0.6650791445779346 0.26508806718750005 0.66852902890625
0 0.24821169716209684 0.706557260847975 0.2364174582727189 0.7033832460927536 0.19331846412345133 0.8635336776722478 0.2051127030128293 0.8667076924274688
0 0.3709988358094495 0.29099355520377496 0.3530689687499999 0.206998940625 0.3419641305968003 0.209369429171225 0.3598939976562499 0.29336404375
0 0.4353582476562501 0.40681568593750006 0.42849343100679105 0.4066640886669618 0.4280780015625 0.42547608281250004 0.434942818211959 0.4256276800830383
0 0.43948207629258507 0.46469565234003485 0.4330793866078276 0.4642571588849349 0.4294929556277425 0.51662465576365 0.43589564531249997 0.51706314921875
0 0.4546563372353402 0.6754547686093286 0.43621463984375 0.52976979609375 0.4275531615920559 0.5308662191367273 0.4459948589836461 0.6765511916523059
0 0.44080585939649974 0.6017957894595154 0.42775659140625005 0.57176947890625 0.42197972108288084 0.5742800747005896 0.4350289890731306 0.604306385253855
0 0.46349139121162725 0.6715516244907428 0.45962321328124994 0.6542713421875 0.45495826235266995 0.6553155878723544 0.45882644028304725 0.6725958701755971
0 0.46264932109375 0.7303572265625001 0.45794060156249994 0.7027192828125001 0.45144254670598477 0.7038263665411153 0.45615126623723484 0.7314643102911154
0 0.5192091119418526 0.9203020765500035 0.47982888615731767 0.7947716587703784 0.4674344652913243 0.7986599202834423 0.5068146910758593 0.9241903380630674
0 0.5508098870183897 0.8646304757585355 0.4963228082434831 0.7444704020272063 0.48424762559445134 0.7499459431765093 0.5387347043693579 0.8701060169078385
0 0.6044687789062501 0.26346954218750007 0.5973721280159667 0.2618186238161733 0.5793910456524323 0.33911224800722406 0.5864876965427156 0.34076316637855086
0 0.584706207479152 0.35605809358869556 0.5777079743549745 0.35427366281309586 0.5620296429850287 0.4157614041283127 0.5690278761092061 0.41754583490391245
0 0.5606542976562502 0.44920564296875004 0.5513163829420386 0.44776430488354224 0.5466534743482885 0.4779736244147923 0.5559913890625002 0.4794149625000001
0 0.4727665752129454 0.7851624374150641 0.462093386793552 0.7803074933021927 0.4537477147056067 0.7986547551058788 0.46442090312500006 0.8035096992187502
0 0.4534255515625002 0.8288153562500001 0.4433295678149694 0.8240446382160098 0.4082255468749999 0.8983331671875001 0.4183215306225307 0.9031038852214905
0 0.7431532823978912 0.396106451335282 0.7362472874550838 0.3887261793167326 0.684868038095537 0.43680365333807813 0.6917740330383444 0.44418392535662754
0 0.6600486464485795 0.4749715218178025 0.6566693226249991 0.47237050592732277 0.6426770406250001 0.49054973046875017 0.6460563644485805 0.49315074635922984
0 0.6451274638300183 0.4962329079829521 0.6394664073655492 0.49215490113853855 0.6132229427995457 0.5285858686183903 0.6188839992640148 0.5326638754628038
0 0.5710252457153833 0.5830198311989485 0.56646711640625 0.5775728968749999 0.48166576669209993 0.648536762895312 0.4862238960012332 0.6539836972192605
0 0.4897285572083576 0.6603312998696853 0.48108657127193066 0.6516069182353678 0.3913781131620633 0.7404681425443229 0.40002009909849023 0.7491925241786405