1 0.22287656323041788 0.4281740730301218 0.16869441137115634 0.38545353128502324 0.11627483284297294 0.4519369008349514 0.1704569847022345 0.4946574425800499
1 0.349924506292895 0.2533262766507372 0.3348871728232744 0.1937338807743058 0.263649787702333 0.2117096694603091 0.2786871211719536 0.2713020653367405
1 0.45203550281815863 0.22954852673505227 0.38238472296704906 0.20342947946158452 0.3642967400053071 0.2516640917745184 0.4339475198564166 0.2777831390479861
1 0.7054225349196428 0.2507746487823662 0.6223239445513393 0.20922535195200903 0.594577464795759 0.26471830926450896 0.6776760551640624 0.30626760609486614
1 0.7467227520067959 0.3182903290174429 0.6833123525505596 0.2805139224866961 0.6549471064819989 0.3281270161889231 0.7183575059382353 0.3659034227196699
1 0.8156026532235702 0.29849194365941206 0.7638081979038368 0.2650761660935691 0.7283433886925013 0.32004662046949905 0.7801378440122345 0.353462398035342
1 0.8849682796949642 0.4365837652206423 0.8311752222399807 0.3690979296227577 0.7809860059011295 0.4091038267746193 0.8347790633561131 0.47658966237250394
0 0.2081227112879656 0.48927587997590305 0.1849338022415281 0.46608697180929026 0.18050774609375003 0.47051302812499995 0.20369665514018753 0.49370193629161285
0 0.259984859375 0.5430626757812499 0.23342852109374998 0.5161211265624999 0.22789713308343984 0.5215734266501435 0.2544534713646899 0.5485149758688935
0 0.3904960827682709 0.6545844575223082 0.2851770146634359 0.5610686622045881 0.2775039822559441 0.5697101608941908 0.38282305036077907 0.6632259562119109
0 0.2689161836488568 0.8225107805138867 0.2631056614663418 0.8140184283618785 0.23473806922373508 0.8334277181604918 0.24054859140625004 0.8419200703125
0 0.3194933860583745 0.7591194098993905 0.31230251715227225 0.7529331488095821 0.2672270889063978 0.8053285279726918 0.2744179578125001 0.8115147890625002
0 0.5165448387071556 0.4846449485510177 0.5045542656110781 0.4765915541323908 0.32406725390625 0.7453158453125 0.3360578270023275 0.7533692397311269
0 0.5906770997027744 0.3539836419373527 0.5817429578125001 0.3490841546875001 0.5383180524942973 0.42826882155161294 0.5472521943845716 0.4331683088014656
0 0.5810271212162093 0.4979076594467218 0.5725406441531288 0.49220720614900204 0.4610900180265148 0.6581279027833942 0.46957649508959526 0.6638283560811139
0 0.6560826282353952 0.39403496147770534 0.650635915625 0.39007359140625 0.6230738962813912 0.4279701765823076 0.6285206088917864 0.43193154665376293
0 0.7568623242187502 0.3463901406250002 0.7520927933445063 0.34381894430060883 0.7122614791048089 0.4177054387801455 0.7170310099790528 0.42027663510453683
0 0.810286344027879 0.4444190555941411 0.8059341546875001 0.43991549296875015 0.7600150645658711 0.48429115534335915 0.76436725390625 0.48879471796875007
0 0.71106161953125 0.5580728875000001 0.7062278329348185 0.5522583716094097 0.6902556501223185 0.5655365403594097 0.69508943671875 0.57135105625
0 0.6689763733463945 0.602449179972979 0.6638597835551341 0.5965113790300579 0.6264509284126638 0.6287465058328342 0.6315675182039242 0.6346843067757553
0 0.6354413195808748 0.5816711523403983 0.6271214632493816 0.5762632569675908 0.5922559579353477 0.629902607424751 0.6005758142668409 0.6353105027975585
0 0.712470026137993 0.4329230077569095 0.7031880090161002 0.4280016835868553 0.6317320672531072 0.5627733937986957 0.641014084375 0.5676947179687499
0 0.34547147486178825 0.35283312637618514 0.3183203093878716 0.2611991961213169 0.3103056695867606 0.26357393668792317 0.3374568350606772 0.35520786694279133
0 0.3556271125 0.3831126757812501 0.34515668984375003 0.35450528203125004 0.3393930072911969 0.3566148133261686 0.3498634299474469 0.38522220707616867
0 0.37750316875 0.45603309843750006 0.3721429777086331 0.4310183128177602 0.36541384153589684 0.4324602382444877 0.37077403257726377 0.45747502386422756
0 0.43540908924708377 0.4555506809635461 0.4233638675160739 0.3320815212397291 0.41546329855237374 0.33285227326543154 0.42750852028338365 0.45632143298924843
0 0.4526919677061634 0.5751819600970167 0.44116788762085635 0.47658462069430396 0.4330348593750001 0.47753521093750007 0.4445589394603071 0.5761325503402128
0 0.46478814057866724 0.6264719727061859 0.45336910306018313 0.5805234260787568 0.446693828513013 0.582182351465851 0.45811286603149715 0.62813089809328
0 0.49572389925155935 0.7304852106029271 0.4800786470465216 0.6825570700334747 0.4725473532637123 0.6850155211492975 0.4881926054687501 0.7329436617187499
0 0.4687044674530644 0.6686661743729952 0.4604670159534381 0.6635480134941831 0.38254106959412376 0.788966346152438 0.3907785210937501 0.7940845070312502
0 0.3815441971587862 0.8154098624518298 0.3711117926468083 0.810061685118149 0.31258963025425746 0.9242177485586562 0.32302203476623526 0.929565925892337
0 0.39042857404638653 0.8860586594148586 0.3834542543358028 0.8812625081303892 0.3378869616629302 0.9475241518102792 0.34486128137351396 0.9523203030947485
0 0.43415668984375005 0.8311056335937502 0.4288449135857279 0.8271821897155179 0.40296642427870183 0.8622179260126994 0.408278200536724 0.8661413698909317
0 0.4680018880996701 0.7935674068061759 0.462640082739077 0.7888014011591146 0.42985633828125 0.82568345078125 0.4352181436418432 0.8304494564283115
0 0.46390591708877293 0.851820584734261 0.45521961334213357 0.8440206213254428 0.3988186617187501 0.9068306335937502 0.40750496546538945 0.9146305970025683
0 0.5028002533222231 0.8011186716358465 0.49629227391065067 0.7956603452894202 0.4727099784009277 0.8237775892785738 0.4792179578125001 0.8292359156250001
0 0.5817856660612165 0.93084059904166 0.5044708319511888 0.7722403763874282 0.49075637856562526 0.7789259325024799 0.568071212675653 0.9375261551567118
0 0.5962845708533401 0.8883861828651598 0.5356828455699878 0.7946499640680684 0.5262686725130725 0.8007363534774823 0.5868703977964247 0.8944725722745737
0 0.5995686525181931 0.6620522822568884 0.5932195488439732 0.6559328478102622 0.4718485486214596 0.7818590375877095 0.47819765229567945 0.7879784720343357
0 0.7096199848693867 0.8786704460601419 0.5622485414956644 0.7794871466472639 0.55621971796875 0.7884450703125003 0.7035911613424723 0.8876283697253783