1 0.31413605592900623 0.07372841739604222 0.28194301415024736 0.01930922417734815 0.20874214993350249 0.06261303558264847 0.24093519171226144 0.11703222880134252
1 0.4048435308985489 0.04070031473940692 0.36707177514686 -0.020574994167018624 0.2915532897286087 0.02597664036348559 0.32932504548029773 0.08725194926991113
1 0.5374151143146193 0.0781924719440986 0.45247208127274663 0.05498480951979173 0.4368858460728175 0.1120324374704347 0.5218288791146902 0.13524009989474156
1 0.5011372580291028 0.20979599130464305 0.42755458570911564 0.175203381372019 0.39702283498117036 0.2401481141789868 0.4706055073011576 0.27474072411161077
1 0.4254214850541551 0.25442470219918706 0.37487169410310306 0.24893821257445112 0.37294884293599356 0.2666544083891933 0.4234986338870456 0.2721408980139292
1 0.5494093611826502 0.28169369246217896 0.5160819950976381 0.2770090845455536 0.5111831702749443 0.31186043841720723 0.5445105363599565 0.31654504633383257
1 0.5483823181384087 0.2596321258071851 0.5058258789927529 0.24695162605907378 0.5006388339214932 0.2643596282912978 0.543195273067149 0.27704012803940914
1 0.4931780256115316 0.28883376489903456 0.48844808262720446 0.2780194775463937 0.4773894046719228 0.28285631186610927 0.48211934765625 0.2936705992187501
1 0.6847255810990579 0.2659558980018596 0.6803345962547609 0.20463396653531113 0.5993199484066232 0.2104350573091934 0.6037109332509203 0.2717569887757418
1 0.6903298018414017 0.14714316635549038 0.6109002524292959 0.1370498389036873 0.6032109847331044 0.1975606140998744 0.6826405341452102 0.20765394155167752
1 0.7152116928756875 0.11865660951538556 0.6522835284856503 0.09220220822327255 0.633177569848309 0.13765033206035632 0.6961057342383462 0.16410473335246933
1 0.7609895993970497 0.11311438321242342 0.7228622492414842 0.06513441587075097 0.6745568244832617 0.1035203912311475 0.712684174638827 0.15150035857281993
0 0.287761203125 0.14352508046875007 0.2748617406846886 0.09557998601020429 0.2702159855473763 0.09682991042014488 0.28311544798768773 0.14477500487869066
0 0.31004695500341084 0.25152928244201045 0.30188366098633496 0.21432549811681084 0.294205789995016 0.21601018475458553 0.3023690840120919 0.2532139690797851
0 0.3565158269730662 0.44855449223517907 0.324001295026107 0.2871614944883912 0.3142109796875 0.28913386953125003 0.3467255116344593 0.450526867278038
0 0.3992784000790023 0.6192015143582597 0.3617872202865783 0.466433957553494 0.3535578026970281 0.46845356551797207 0.391048982489452 0.6212211223227377
0 0.42136762755259005 0.6962473609184869 0.40068377408544337 0.6265960160734722 0.39297219497035324 0.6288860676549851 0.4136560484374999 0.6985374125
0 0.4384581173936454 0.7594477296560733 0.43334799765625 0.7417612593750003 0.42732555628086466 0.7435013124240587 0.43243567601826005 0.7611877827051318
0 0.366941237655986 0.08860795495653784 0.35915714610069704 0.06039347683907161 0.3532020131478412 0.06203643829793522 0.3609861047031302 0.09025091641540144
0 0.37907311226731627 0.12313618552289551 0.3739906796875 0.10905678437499995 0.36939642014518304 0.11071523661545579 0.3744788527249993 0.12479463776335135
0 0.3936482913125693 0.1689621505796771 0.3853246265625 0.14340559531249997 0.3802889939009121 0.1450456801221061 0.3886126586509814 0.17060223538928324
0 0.4051404358054242 0.1913380356324304 0.3967449030415908 0.17010567124283213 0.3911544495877376 0.1723162039124534 0.39954998235157096 0.19354856830205167
0 0.41078042377391133 0.20461036136911978 0.4070195117628991 0.19815857029812675 0.4021640739264879 0.20098892767900695 0.4059249859375001 0.20744071874999997
0 0.41482935809875354 0.21202473555488582 0.4118322050216648 0.2101416083044426 0.4073478875479114 0.2172787711870568 0.4103450406250001 0.21916189843750003
0 0.4339552171875001 0.2769510640625 0.42687883291752315 0.2554317046502127 0.4219843262821824 0.2570412046869027 0.4290607105521593 0.27856056409919
0 0.5062040932159588 0.493125057530052 0.4637884384963494 0.3812584899084963 0.45185773510591976 0.3857821702745776 0.4942733898255292 0.49764873789613323
0 0.6033410869753857 0.7404759639844866 0.5219491114951549 0.5070139080088318 0.5093720577764601 0.5113986515750082 0.5907640332566908 0.7448607075506629
0 0.6098260967784167 0.7745822795894073 0.6053755257812501 0.75863267265625 0.5998172461903334 0.7601836524418428 0.6042678171875 0.7761332593750001
0 0.6697260257976186 0.9276953149845572 0.6119786070312501 0.7808481265625 0.6046423993010943 0.7837330783583271 0.6623898180674628 0.9305802667803842
0 0.4601826568374869 0.13999987210176051 0.4535071413199403 0.13556688561011437 0.32804760799372923 0.32449303350646724 0.3347231235112758 0.3289260199981134
0 0.3172683484375 0.3549546468750001 0.31336209633478407 0.352050649534703 0.3066200478972841 0.36111957687845303 0.31052630000000003 0.3640235742187501
0 0.30945743601704867 0.36807552515464625 0.3037409675160693 0.3645606380550659 0.24829069446747454 0.4547426923494514 0.2540071629684538 0.4582575794490317
0 0.2526064799843005 0.45800206300701535 0.24692964765625006 0.454107309375 0.23152783876569966 0.47655635105548466 0.2372046710937501 0.4804511046875001
0 0.23129243666579935 0.48974456884902506 0.22402531235007697 0.484919128532038 0.09585603161180209 0.6779423627647514 0.10312315592752448 0.6827678030817383
0 0.4473537140624999 0.26020664609375005 0.4411433487365114 0.2590449002318932 0.4379899626404784 0.27590201185435903 0.4442003279664669 0.2770637577162159
0 0.4419480901898803 0.316584725393936 0.43013932002936517 0.3150130045042311 0.37844314813760416 0.7034205239607425 0.3902519182981193 0.7049922448504474
0 0.38700743556676087 0.7515146918840333 0.3791064930684743 0.7507291078563003 0.36267545125171363 0.915982870659767 0.3705763937500001 0.9167684546875
0 0.5650802730354341 0.5809385348935455 0.4804520239829868 0.3824120660917406 0.47302640726510203 0.3855774724214957 0.5576546563175494 0.5841039412233007
0 0.6099174538516285 0.6970479887503039 0.5719370835435134 0.6025230254473126 0.5643921747903592 0.6055545889451708 0.6023725450984744 0.7000795522481621
0 0.5249023640625 0.33899987421875 0.5233095614434825 0.31524174869559285 0.516572070031221 0.31569344653499515 0.5181648726502385 0.3394515720581523
0 0.552461184959857 0.5038287108255946 0.534989173101532 0.4067842793066202 0.5263081639229251 0.40834722004352564 0.54378017578125 0.5053916515625
0 0.5671438083358135 0.4421769759544135 0.5605173903524001 0.44062995178224995 0.5530661492040866 0.4725460906715865 0.5596925671874999 0.4740931148437501
0 0.5552475890624999 0.48976581328125 0.5502749933770352 0.4878845596662796 0.541585307635749 0.5108534424800106 0.5465579033212137 0.5127346960949811
0 0.6219702562500001 0.3360174312500001 0.6171469518737689 0.3341992769057939 0.608038649530019 0.3583623050307939 0.6128619539062501 0.3601804593750001
0 0.5773051902567589 0.4491711664881903 0.5713065443101526 0.44698249249671085 0.5405029064017346 0.5314080937508994 0.5465015523483407 0.5335967677423789
0 0.5417868254911345 0.5401510059049448 0.5370046489742377 0.538641666400547 0.5319118437956031 0.5547776604956022 0.5366940203124999 0.556287
0 0.533252120556287 0.5653692794141855 0.52942582578125 0.5585573296875002 0.5262903424291883 0.5603185410951843 0.5301166372042252 0.5671304908218696
0 0.51305610078125 0.6260030375000001 0.5073185540715665 0.624484333031641 0.5020258204778164 0.6444798666253909 0.5077633671874999 0.64599857109375
0 0.5070784971090145 0.6522431602694809 0.5006129971220614 0.6500930932752347 0.49128105548179696 0.678155320505754 0.4977465554687501 0.6803053875000001
0 0.4991356657114233 0.6968985374127945 0.48887675098043404 0.6935529552299824 0.42056448976860705 0.90302611253385 0.43082340449959633 0.906371694716662
0 0.4728184282937769 0.7555972851917645 0.4690842634110485 0.7543598832840452 0.44795857174990933 0.8181118586384171 0.4516927366326377 0.8193492605461363
0 0.6234897734375 0.9626760140625003 0.60549494480952 0.8700509778495936 0.5961644900601872 0.8718636619909464 0.6141593186881671 0.964488698203853
0 0.5769851858675796 0.6902711415839284 0.5705201766849509 0.6641238117809515 0.5626281713935442 0.6660751348056257 0.5690931805761729 0.6922224646086026
0 0.688645657505307 0.23080305306143845 0.686243943922307 0.2024857096147382 0.6818085359374999 0.2028618953125 0.6842102495204998 0.23117923875920027
0 0.6923040070312501 0.27378720703125003 0.69083621796875 0.23926443124999994 0.6863216476190843 0.239456375171981 0.6877894366815844 0.2739791509532311
0 0.70211552734375 0.316953396875 0.698401228125 0.30190247812500004 0.69317569904133 0.3031920458195324 0.6968899982600799 0.3182429645695324
0 0.7278717639849354 0.5013495403478192 0.7089783515625001 0.36962274062499995 0.6956630264472669 0.37153254128416935 0.7145564388697021 0.5032593410069885
0 0.7269581671875001 0.60392397734375 0.7216042359375001 0.5265677000000001 0.7150849141972484 0.5270189109629946 0.7204388454472483 0.6043751883067444
0 0.737935585262961 0.811124468714973 0.7284434218750001 0.6195100187499999 0.7189653032223514 0.6199795441478907 0.7284574666103124 0.8115939941128637
0 0.7207557980693367 0.17508999419571752 0.71758391015625 0.13604862109375 0.7114299508456001 0.13654859503432057 0.7146018387586868 0.17558996813628808
0 0.7335591119618525 0.30950729575084024 0.7312606724066651 0.26590949257099605 0.7269117437111181 0.26613876443809686 0.7292101832663055 0.309736567617941
0 0.8205808215509525 0.7922832506191632 0.7408090613348771 0.3655827243140841 0.7257270285284675 0.3684023137695321 0.8054987887445428 0.7951028400746111