1 0.36747089519502907 0.05425466617956287 0.34214984829181394 -0.0036822406564096964 0.26421720460051723 0.030377847014229364 0.2895382515037323 0.08831475385020193
1 0.45498572499999995 5.0591826036205904e-17 0.36053706406249997 4.480851352116276e-17 0.36053706406249997 0.06294756875000004 0.45498572499999995 0.06294756875000006
1 0.588541633878009 0.08589631759311786 0.5070600560928821 0.05250968912969123 0.4846376410856913 0.10723260775384062 0.5661192188708183 0.14061923621726727
1 0.5364957527362684 0.21209772384655473 0.46767733079064755 0.16879549172868386 0.42945838972723627 0.22953525233172178 0.4982768116728571 0.27283748444959266
1 0.4559054817106814 0.24716634739325344 0.4064011163271978 0.2355602858442131 0.4023335375193907 0.2529100910883916 0.45183790290287434 0.2645161526374319
1 0.5756459166718222 0.28934240100407393 0.5431378776841101 0.28063112821455033 0.534028257478049 0.3146256885936058 0.5665362964657611 0.3233369613831294
1 0.5773011129072414 0.26815593093448614 0.5371465935996517 0.24928127101605116 0.5292886569422609 0.26599848184742797 0.5694431762498506 0.2848731417658629
1 0.5189635663716554 0.2895763759747814 0.5155868095604219 0.27826626190452386 0.5040210994387664 0.28171932967974256 0.50739785625 0.29302944375000006
1 0.7164952754238749 0.2321144867620925 0.6363308486348611 0.2221279192173605 0.6284968922280577 0.28501285160564616 0.7086613190170715 0.2949994191503782
1 0.7319135421341103 0.1729686740364692 0.6543061159992857 0.15327055659504596 0.6392997562973274 0.21239320908128242 0.716907182432152 0.23209132652270567
1 0.7600816060831729 0.14772679355064522 0.7008464800582725 0.11380056529325996 0.6763442012165769 0.15658149466960894 0.7355793272414772 0.1905077229269942
1 0.8061937186095882 0.14780480017616462 0.7741978501442282 0.09553591414221926 0.7215744143418995 0.1277488166523885 0.7535702828072596 0.18001770268633382
0 0.33278656328125 0.12031678750000001 0.3258262879109796 0.07115701966004746 0.32106283497868576 0.07183145213967243 0.3280231103489561 0.12099121997962499
0 0.3417437991965302 0.2302318927513749 0.3381753537911223 0.19231056422409532 0.3303494012013197 0.1930469963494079 0.33391784660672763 0.23096832487668748
0 0.3638549668992165 0.43145163681349646 0.35125165194354363 0.26729911367630793 0.34129393984375006 0.26806364765625 0.35389725479942297 0.43221617079343855
0 0.3855021539987091 0.6060381293095479 0.3669081087744675 0.44984025261734295 0.35849390372660295 0.4508418930525349 0.3770879489508446 0.6070397697447398
0 0.3980372040540946 0.6852016873353939 0.3859958892600218 0.6135487851926528 0.3780627039559272 0.6148819619197589 0.39010401874999995 0.6865348640625
0 0.40729811689290096 0.7500137769960424 0.40438152578125 0.731836371875 0.39819191628255535 0.7328295037289843 0.40110850739420634 0.7510069088500267
0 0.41806911548496045 0.07545862509654386 0.41378152562376946 0.046505811057560055 0.40767055414934034 0.04741077799101634 0.4119581440105313 0.07636359203000014
0 0.4259026287929162 0.11120799024991676 0.42257392734375 0.09661414296875 0.4178117973382761 0.09770033420708063 0.4211404987874423 0.1122941814882474
0 0.4347843858101344 0.15846864329043436 0.429637325 0.13208818359375 0.4244393509346104 0.13310235426824452 0.4295864117447447 0.1594828139649289
0 0.44346393565106973 0.18207828182628855 0.43771855639008583 0.15998102285248 0.4319003769860451 0.1614937737019985 0.4376457562470291 0.183591032675807
0 0.4474443943531122 0.19593902020908924 0.44449779044839294 0.18907697901018922 0.4393336109390308 0.1912945103636 0.44228021484375 0.19815655156250006
0 0.45055956346678805 0.20379156920703312 0.4478142469010707 0.20155721780877572 0.44249355296553256 0.20809468063299255 0.44523886953125 0.21032903203124995
0 0.46163033203125003 0.27056480234374997 0.45722924399204173 0.2483434509304015 0.45217507218343506 0.24934446363575838 0.45657616022264336 0.2715658150491069
0 0.5069956936436893 0.4939323913479156 0.4785293038864327 0.37773049158794214 0.4661362320447348 0.380766466163781 0.4946026218019915 0.49696836592375443
0 0.573264150263266 0.7512776034467828 0.5209307259864779 0.5096365508553196 0.5079130532459755 0.512455854046226 0.5602464775227636 0.7540969066376892
0 0.5755443075973601 0.7859200196331393 0.5730706789062501 0.76954691015625 0.5673648127151398 0.7704089452106108 0.56983844140625 0.7867820546875002
0 0.6163379665729529 0.9451917379496255 0.5769171585937501 0.7924014867187501 0.5692840467145663 0.7943708757029883 0.6087048546937692 0.9471611269338638
0 0.5043524284470311 0.1378307445661503 0.4982669166327886 0.13261726044047767 0.3507182342537144 0.304845510905884 0.35680374606795684 0.31005899503155665
0 0.336306984375 0.33376640703125 0.3327837563143322 0.3304080026014273 0.32498673834558217 0.3385876822889273 0.32850996640624996 0.34194608671875004
0 0.3269552607117562 0.3458375737111761 0.32170975878410896 0.3416522236081389 0.2556823749267581 0.4244043855001391 0.2609278768544053 0.42858973560317637
0 0.25956877468476575 0.42816542306066285 0.2544089078124999 0.42360786875 0.23638605187773418 0.44401257068933714 0.24154591874999998 0.448570125
0 0.23454516463437874 0.45707379685847005 0.2279202816092288 0.45139868499402097 0.07718274018685194 0.6273632480324419 0.08380762321200189 0.6330383598968911
0 0.47696958984375 0.2555780609375001 0.47094709730617723 0.2536681214021939 0.46576285041727405 0.2700152819401055 0.47178534295484686 0.27192522147541165
0 0.464733498795571 0.310877127375179 0.45320429386772887 0.30787799476255173 0.35455848868177203 0.6870902038100883 0.3660876936096142 0.6900893364227156
0 0.35719773477087935 0.7358696093196369 0.34945142316316635 0.7341269982155852 0.3130034883922871 0.8961465443646988 0.3207498000000001 0.8978891554687503
0 0.5547312482246386 0.5882665213510111 0.4949280962976088 0.38090624953896224 0.48717206274944636 0.38314310642856125 0.5469752146764761 0.5905033782406102
0 0.5850840370707048 0.7089747904807705 0.5589064618959947 0.6105257595431427 0.5510483366436211 0.6126152332796249 0.5772259118183312 0.7110642642172527
0 0.5455483490833394 0.3193829645420392 0.5388796492009165 0.3191372749655016 0.5380004459984625 0.3430013003566432 0.5446691458808853 0.3432469899331808
0 0.5516035448302007 0.5101935823213866 0.5460885082091911 0.41174320305392786 0.5372817313477404 0.41223654495129136 0.5427967679687499 0.51068692421875
0 0.5736901826351464 0.4507907516852831 0.5673016919108455 0.4484477016056772 0.556016392088199 0.4792178647641442 0.5624048828124999 0.4815609148437501
0 0.5560830156250001 0.49657508515625015 0.5513767525995859 0.49410184726410267 0.5399526351951203 0.5158405168475381 0.5446588982205345 0.5183137547396856
0 0.6410455562500001 0.35210416718750015 0.6364797810220659 0.34971175218804207 0.6244946388345658 0.372584650625542 0.6290604140625 0.3749770656250001
0 0.5829234460550833 0.4589711693445374 0.5772362455111082 0.4560677584050838 0.5363733200575804 0.5361100454646797 0.5420605206015554 0.5390134564041332
0 0.5365821763030778 0.5449442605115725 0.5320195876819336 0.5428633703160578 0.5249982598163558 0.5582584308982355 0.5295608484375002 0.5603393210937501
0 0.5250377527674146 0.5689344412266992 0.5220701468749999 0.5617069578124999 0.5187433965291252 0.5630729220580374 0.5217110024215399 0.5703004054722367
0 0.49760287578125 0.6266549679687502 0.49209317922949525 0.6244483523303798 0.4844030534482453 0.6436498202991296 0.48991275000000006 0.6458564359375002
0 0.4884719608712567 0.6519710151397589 0.4823166810774156 0.6490490281629133 0.469634373331159 0.6757648052106546 0.4757896531250001 0.6786867921875002
0 0.47514621404982293 0.6953255508141986 0.46537149030067804 0.6907546580527637 0.37204005858763933 0.8903412617473837 0.38181478233678423 0.8949121545088186
0 0.44187156291678403 0.7503795017443584 0.43831603310346823 0.7486962428115642 0.4095783961579206 0.8093984455050792 0.4131339259712363 0.8110817044378734
0 0.5661832773437501 0.97427691484375 0.5596107321228759 0.8801492733784988 0.550128914649747 0.8808113496097535 0.5567014598706211 0.9749389910750047
0 0.5532231303722437 0.6982350231363571 0.5499928685604308 0.6714947056822175 0.5419218829454242 0.6724696902410419 0.5451521447572372 0.6992100076951815
0 0.7211135809513245 0.22740076328500444 0.7166653882812499 0.2272336046875001 0.7155981837723533 0.2556325703693012 0.7200463764424277 0.2557997289668056
0 0.7211894265625001 0.26446499921875005 0.7166851153290723 0.2641053247368649 0.7139346957978223 0.2985496520806149 0.7184390070312501 0.2989093265625001
0 0.72291675859375 0.34294948515625007 0.721064390625 0.32755809453125007 0.7157206522936299 0.3282012183372519 0.7175730202623799 0.3435926089622519
0 0.7260087734416685 0.5291100636942581 0.72330965 0.39606260781249997 0.7098608298523518 0.3963354429861057 0.7125599532940202 0.5293828988678638
0 0.7167146429687501 0.55337643125 0.7101889267489896 0.5530297735509377 0.7060755923739896 0.6304619290196877 0.7126013085937501 0.6308085867187501
0 0.7121760320312502 0.6464594593750002 0.7027113407415004 0.6457703928539442 0.6887808232434238 0.8371133816610197 0.6982455145331736 0.8378024481820757
0 0.7603165882812499 0.16527826796875006 0.7541475678859215 0.1650245361546622 0.7525378663232869 0.20416145639457248 0.7587068867186153 0.20441518820866036
0 0.7580653471134706 0.29583795381748296 0.7537208930806869 0.2955355156423679 0.750688965008685 0.3390884571138192 0.7550334190414687 0.33939089528893424
0 0.7825708928502789 0.8291735896075695 0.75539545179052 0.3959318918287593 0.74008221719128 0.3968924270367493 0.7672576582510388 0.8301341248155595