1 0.872118065807787 0.39075873910271647 0.7994127810569707 0.3369458539470731 0.7609648939772143 0.3888918622333016 0.8336701787280306 0.44270474738894494
1 0.6877953715166073 0.17786106942345994 0.6147005959947467 0.17217433897148507 0.6099216174389593 0.2336012639346242 0.68301639296082 0.2392879943865991
1 0.5951121773432274 0.2332962501838271 0.5694864413118415 0.18860285854877787 0.5049600079777617 0.22560021514163092 0.5305857440091477 0.27029360677668013
1 0.37009480666261135 0.27843474582012984 0.32801277492157854 0.2308214339260896 0.25998219186773847 0.2909488445503232 0.3020642236087713 0.33856215644436344
1 0.3197042759393253 0.3526052231360359 0.28340223106650103 0.31127762017453015 0.22807514086865405 0.35987677345510705 0.2643771857414784 0.4012043764166127
1 0.24604793186587742 0.3586638700837349 0.20351996351716045 0.30932424139140624 0.1565560660442139 0.34980446384537855 0.19908403439293088 0.3991440925377072
1 0.2084259326659849 0.4558521575229545 0.15486117099266145 0.4212017648313321 0.10746416983934645 0.49447103751756566 0.16102893151266992 0.529121430209188
0 0.8109459953125 0.42089646171875017 0.806024338290802 0.4170975888743708 0.7859779984470519 0.4430687685618707 0.79089965546875 0.4468676414062501
0 0.7727163443531839 0.47992276476698537 0.7658114414062498 0.47422168203125 0.7417832942587759 0.5033235266699875 0.7486881972057099 0.5090246094057228
0 0.7279825671875 0.53184534375 0.7196324483567148 0.5253879412970492 0.6336003045919691 0.6366367954511769 0.6419504234227543 0.6430941979041277
0 0.8130779716879388 0.7919130811488952 0.7839046024688132 0.7732521963054186 0.7790706728293547 0.7808092878010287 0.8082440420484804 0.7994701726445054
0 0.777979943054001 0.7643030230679728 0.7240013824237177 0.721297812860213 0.7175578417134667 0.7293855085422403 0.77153640234375 0.7723907187500002
0 0.7121425750000002 0.7147736554687502 0.49148224296875015 0.4779244156250001 0.4810402859433548 0.48765265332506547 0.7017006179746048 0.7245018931688155
0 0.45087288116137403 0.4351982400578966 0.39565499375 0.3637295953125001 0.3876127353183175 0.369943180615479 0.44283062272969154 0.4414118253608755
0 0.563670113324976 0.6495174260825192 0.42529589296875 0.5053578953125001 0.41746080685860115 0.5128785491750973 0.5558350272148271 0.6570380799451164
0 0.3664125223825447 0.4490544105358173 0.33402238359375 0.41499161640625004 0.32948584072593184 0.4193053920921502 0.36187597951472644 0.4533681862217175
0 0.27764799061816736 0.4517893748316581 0.22607137367603064 0.3855056871181896 0.22164612346729234 0.38894905973010346 0.27322274040942907 0.4552327474435719
0 0.2403169578512518 0.5258687826300102 0.18843311484375008 0.4885138789062502 0.18477531209350276 0.4935943595052546 0.23665915510100444 0.5309492632290146
0 0.32165169086157636 0.5969420301144662 0.30544680863360735 0.5842260096523425 0.3006215 0.5903752257812499 0.316826382227969 0.6030912462433737
0 0.39461768446244194 0.6480043157900598 0.3535702033440776 0.6206978452799085 0.3494464381428757 0.6268967487291836 0.39049391926124005 0.6542032192393348
0 0.4274331296875 0.64432853125 0.3868380564192587 0.595313423151802 0.3795115343965252 0.6013813624026629 0.4201066076647665 0.6503964705008609
0 0.38075797768280534 0.5813371260726871 0.28545353125000006 0.46262591640624995 0.27600737387969476 0.4702095372085628 0.37131182031250004 0.5889207468749998
0 0.6503416821641588 0.23705574518811295 0.6425614569838168 0.2357744058022143 0.6270523547633434 0.3299448566196572 0.6348325799436855 0.3312261960055559
0 0.636202292812545 0.33350480297924295 0.6301765437500001 0.33207373281250013 0.6231429858304601 0.36168964964520667 0.6291687348930051 0.36312071981194954
0 0.6223504300920152 0.4126929169220313 0.6163173006328255 0.41184476296017525 0.6127499280482546 0.43722036880511483 0.6187830575074443 0.43806852276697084
0 0.5648546726972185 0.4455095079243249 0.55697735859375 0.32170790234375 0.5492925887179807 0.32219687294990995 0.5571699028214492 0.4459984785304848
0 0.5645303359375 0.566609459375 0.56262642109375 0.4673361335937499 0.5552570131712155 0.4674774678849398 0.5571609280149654 0.5667507936661899
0 0.5664606065122256 0.5733827293605642 0.55879811015625 0.57224991640625 0.5519017424913478 0.6188978576224347 0.5595642388473234 0.6200306705767489
0 0.5540178124296684 0.677935617229862 0.546163275344251 0.677011781835706 0.5402479058833327 0.7273048200745941 0.5481024429687501 0.7282286554687503
0 0.6608069132933688 0.7674706778676933 0.5649500621547656 0.655094134100966 0.5572877578826233 0.6616300564151285 0.6531446090212265 0.774006600181856
0 0.7500734735938094 0.8908844466593531 0.6775923850240849 0.7851331125459493 0.6663254316563099 0.7928553890714154 0.7388065202260343 0.898606723184819
0 0.730088314804885 0.9165882559111317 0.6738461398229377 0.8591558194594239 0.6678310210758319 0.8650462775700838 0.7240731960577792 0.9224787140217916
0 0.6524695370434542 0.8426125433784144 0.6214695056177825 0.8120258044962922 0.6168290023437499 0.8167290109375 0.6478290337694217 0.8473157498196222
0 0.6202281929687501 0.8107008609375003 0.5814972015625001 0.7801098570312502 0.5770817046525342 0.7857002774502175 0.6158126960587842 0.8162912813564678
0 0.6635779609375001 0.8859936250000002 0.5969323723448265 0.8338787601115716 0.5898864892200549 0.8428891840858233 0.6565320778127285 0.895004048974252
0 0.5774643442113487 0.8150430955902517 0.548714952186349 0.7923622900943721 0.5432806329750003 0.7992506421603706 0.572030025 0.82193144765625
0 0.5459334931378603 0.7716193083180963 0.5263555277790066 0.7670954614018433 0.48672945689280456 0.9385861987055995 0.5063074222516581 0.9431100456218523
0 0.5212155043841188 0.8012027920605789 0.5108840529295383 0.7966022037517808 0.4654757078319986 0.8985748388843126 0.475807159286579 0.9031754271931106
0 0.57144558370185 0.7746707547129927 0.43269689309346654 0.6681453982957326 0.4269869534647938 0.6755825632447802 0.5657356440731772 0.7821079196620404
0 0.48959519062500007 0.7936885343750002 0.4823215697727906 0.7858326172061652 0.35195894624306556 0.9065325019524225 0.359232567095275 0.9143884191212577