1 0.30672489883362947 0.07703711438641751 0.27358701470767277 0.023188054979384053 0.20115305523332022 0.06776280117322044 0.23429093935927686 0.1216118605802539
1 0.3968421389794255 0.0424309777491475 0.3580067345014566 -0.01817579061671759 0.2833121886375394 0.029686733308204327 0.3221475931155083 0.09029350167406942
1 0.5300478591233355 0.07760373148250246 0.44471273371501796 0.05588206426079297 0.43012449093325983 0.11319302085366993 0.5154596163415773 0.13491468807537943
1 0.4960723263168358 0.20982034250050768 0.4218971356298029 0.1765171969637839 0.3925034782371126 0.2419848909894997 0.4666786689241455 0.27528803652622347
1 0.4211469634659596 0.25576367910612935 0.3705091193421838 0.2511602410525774 0.3688957514407249 0.2689072969177787 0.41953359556450076 0.27351073497133066
1 0.5455918648242253 0.2808646294104143 0.5121878170075497 0.27676237869975384 0.507897979338645 0.3116939206080726 0.5413020271553206 0.31579617131873305
1 0.5428710715490015 0.25456662877385366 0.4991874316688241 0.2491061768176776 0.496928494508876 0.2671776841213019 0.5406121343890533 0.2726381360774779
1 0.48949370562923117 0.2889849863968756 0.4845757478470447 0.27825489506705575 0.4736031687803135 0.28328399304518026 0.47852112656249995 0.2940140843750001
1 0.6806128137671728 0.26276763821341487 0.6751522824989216 0.20153167924498874 0.5942512167438795 0.20874578688096174 0.5997117480121307 0.26998174584938783
1 0.6841426124403776 0.14387519410300467 0.6045490076596601 0.135169642286669 0.5979169708245552 0.19580539862712074 0.6775105756052726 0.2045109504434564
1 0.708523555256017 0.1149587295593043 0.6451432834618387 0.08960660396663436 0.6268334127721842 0.13538125022201958 0.6902136845663625 0.16073337581468952
1 0.7541977640545753 0.10861841086045283 0.7152388544039725 0.06131116577968902 0.6676107156677195 0.10053434080677519 0.7065696253183222 0.14784158588753898
0 0.2815721828125 0.14728345078125002 0.26783792746730156 0.09957078530776932 0.26321469439145195 0.10090159889686504 0.2769489497366504 0.14861426437034572
0 0.30573947358359116 0.2548822635974911 0.2969281273251304 0.21782661437313794 0.28928082782459963 0.21964504166430107 0.29809217408306043 0.2567006908886542
0 0.35563983248869857 0.4510664715957732 0.32031355656983446 0.2902655115094089 0.3105591546875 0.29240845078125005 0.34588543060636406 0.45320941086761435
0 0.4013740938841745 0.6209411938337026 0.36122246244726475 0.46885121530009294 0.35302954535729497 0.4710141387915769 0.3931811767942048 0.6231041173251866
0 0.4248045924425181 0.6975897960224938 0.40290830606705647 0.6283100416007873 0.39523786831203844 0.6307343299532934 0.41713415468750004 0.700014084375
0 0.4429954775830457 0.7604822685740161 0.43757746484374993 0.74288767578125 0.4315863092597697 0.7447325697017535 0.4370043219990654 0.7623271624945196
0 0.3597817217854048 0.09099280741317137 0.35150640569937186 0.06291847772864811 0.3455808528323023 0.06466512042717466 0.35385616891833527 0.09273945011169792
0 0.37251434954016405 0.12530404882605917 0.367186971875 0.11131549296875003 0.36262235556762185 0.11305387362891403 0.3679497332327859 0.12704242948622319
0 0.3878870816221833 0.17086866234730327 0.37911866171874997 0.14546126796874997 0.37411241929783917 0.14718898687730445 0.38288083920127247 0.17259638125585772
0 0.39976798920335654 0.19304057382529444 0.3910031793366425 0.17195796551282416 0.3854521567738362 0.1742657282245214 0.3942169666405503 0.19534833653699166
0 0.40563875239506275 0.20621244682630216 0.4017658132129368 0.1998272750825884 0.39696051159912416 0.20274194075628627 0.4008334507812501 0.20912711250000005
0 0.40981646855629694 0.21355502861070913 0.4067869070273966 0.21172449567169505 0.4024278330023495 0.21893883346723603 0.40545739453124996 0.22076936640625006
0 0.43007253515625 0.27813767578125004 0.4226216640949511 0.2567450938770569 0.41775599280703624 0.258439769608826 0.4252068638683351 0.2798323515130191
0 0.5060831640977023 0.4930178281992469 0.4617216285775648 0.3819085536660166 0.4498716912573353 0.3866397646072378 0.4942332267774727 0.4977490391404681
0 0.6075222317174986 0.7386357877119853 0.5220681782359512 0.5066297746635324 0.5095695641717806 0.5112333503237106 0.5950236176533279 0.7432393633721637
0 0.6146014913442789 0.7726237299724341 0.6098732390624999 0.7567542250000001 0.604342874280721 0.7584019739338161 0.6090711265625 0.7742714789062501
0 0.6771644882820983 0.9246680468764193 0.6168630281249999 0.77885105625 0.6095782868204858 0.7818636032490967 0.6698797469775842 0.927680593875516
0 0.4539058524419266 0.1407496098031417 0.447153987745017 0.13643380255228363 0.32501077864126404 0.32752074726023206 0.3317626433381736 0.33183655451109006
0 0.3147647890625 0.35816584531250006 0.3108084496430182 0.35533046340050645 0.30422570276801814 0.3645156743380064 0.3081820421875 0.3673510562500001
0 0.30718405700039697 0.37142104442899637 0.3014071158553092 0.3680064587145527 0.24753918137641778 0.4591425182885314 0.25331612252150554 0.4625571040029751
0 0.25191119399133693 0.46232607155093886 0.24616725390625 0.4585309859375 0.23115958100866313 0.4812454073553111 0.23690352109375007 0.48504049296874996
0 0.23115438012093045 0.49443572470192676 0.22380414708322585 0.48973784812719945 0.09902310686818075 0.6849685464392385 0.10637333990588535 0.6896664230139657
0 0.4431767609375001 0.26116197187500007 0.4369470663583585 0.26010878880245325 0.4340883576666036 0.27701836749260933 0.44031805224574516 0.2780715505651561
0 0.4387558937995415 0.3176258062766763 0.4269214917657541 0.3162604162028405 0.38201183909037983 0.7055110011767403 0.3938462411241673 0.706876391250576
0 0.3914141812570918 0.7534483767903604 0.38350073187091793 0.752800802886784 0.36995626858257624 0.9183161581276738 0.37786971796875013 0.9189637320312501
0 0.5664829330273825 0.5797904001997743 0.4784028086473947 0.38277113423992587 0.47103356702465504 0.38606565325843334 0.5591136914046426 0.5830849192182818
0 0.6133396749253816 0.6950996527442911 0.573715400983261 0.6012519357091952 0.5662245491223195 0.6044147144700978 0.60584882306444 0.6982624315051936
0 0.5220887320312502 0.3385897890625 0.5200815348675374 0.31486308044592615 0.5133529535196341 0.31543229506458964 0.5153601506833467 0.3391590036811635
0 0.5525200150728461 0.5029125538437825 0.5333570057948859 0.4061878313013983 0.5247045961907899 0.4079020383951157 0.5438676054687501 0.5046267609374999
0 0.5661244308443563 0.44101396133565735 0.5594720231846788 0.43958281989797054 0.5525789306215725 0.4716241405935633 0.5592313382812499 0.47305528203125
0 0.55506056328125 0.4888031687500002 0.5500558929165733 0.48700898556991046 0.5417683931201217 0.5101260257299313 0.5467730634847985 0.511920208910021
0 0.6190897890625001 0.3339137320312501 0.614235487576671 0.332180032778293 0.605550275857921 0.356498342934543 0.6104045773437501 0.3582320421875001
0 0.5764063313147425 0.4478297462591231 0.5703704014439854 0.44574609640217666 0.5410448843188151 0.530696436883385 0.5470808141895722 0.5327800867403314
0 0.54248119303838 0.539415610553528 0.5376734032494618 0.5379899612245389 0.5328629852110817 0.5542123787960109 0.5376707749999999 0.5556380281250001
0 0.5343879071406719 0.564778994062518 0.53044331015625 0.5580348593750001 0.5273390415382351 0.559850524274475 0.5312836385226569 0.5665946589619929
0 0.5152531687499999 0.6257559859375001 0.5094899906450384 0.6243376465950694 0.5045470328325384 0.6444225059700693 0.5103102109375001 0.6458408453125
0 0.5097344283685448 0.652096436166915 0.5032323891747709 0.6500595351886753 0.49439162252497615 0.6782803529280106 0.5008936617187502 0.6803172539062501
0 0.5025721503616836 0.696883633563103 0.4922564098986644 0.6937176037622532 0.42761036386296797 0.904351070536829 0.437926104325987 0.9075171003376787
0 0.4772833558649454 0.7560327403009164 0.4735281639205883 0.7548606969586042 0.4535183150698542 0.8189716564252102 0.4572735070142113 0.8201436997675223
0 0.631545775 0.9604503523437502 0.6119371574736279 0.8681534766396215 0.6026397599204276 0.8701287234854167 0.6222483774467997 0.9624255991895454
0 0.5802941496535106 0.6888985856195233 0.5733737915054293 0.6628680683292089 0.5655170439171979 0.6649568284788148 0.5724374020652792 0.6909873457691292
0 0.6839187915425124 0.22755173223923642 0.6810232378281815 0.19928061767297378 0.6765950703124999 0.19973415468750003 0.6794906240268309 0.2280052692537627
0 0.6883267609375 0.27046549296875005 0.68625668984375 0.23597359140625004 0.6817461570433746 0.2362442962135959 0.6838162281371247 0.2707361977760959
0 0.6988901406249999 0.3134538734375 0.6949137320312501 0.29847007031250006 0.6897115048094193 0.2998506397753365 0.6936879134031692 0.31483444290033635
0 0.727860610021756 0.4973724245237562 0.7066711265625001 0.36599542265625 0.6933911604436522 0.368137316735235 0.7145806439029081 0.4995143186027411
0 0.72873732421875 0.5999471828125 0.7220341546875 0.5226961265625001 0.7155237006685579 0.5232610466960598 0.7222268701998079 0.6005121029460597
0 0.7433292172513284 0.8069245346270326 0.73049436640625 0.6155049296874999 0.7210258856572236 0.6161397995493495 0.733860736502302 0.8075594044888822
0 0.7150517140708427 0.17128675931314913 0.71119894375 0.13230668984375 0.7050546475597382 0.13291398896677722 0.708907417880581 0.17189405843617636
0 0.7301989845801355 0.30546014042167874 0.7271400071120067 0.26190909014895436 0.7227957422770326 0.2622142264926832 0.7258547197451615 0.30576527676540766
0 0.8256330419666741 0.7866438275526847 0.738426479822839 0.3614004987556326 0.7233959528614915 0.3644828765255962 0.8106025150053264 0.7897262053226484