1 0.21618882073180196 0.46248230401053103 0.1572042088751246 0.42668333803784836 0.11327764345030274 0.4990594902919995 0.17226225530698008 0.5348584562646822
1 0.32098118154533034 0.2734545475226705 0.29879344778698413 0.21613893368539622 0.2302777531173373 0.24266238671713572 0.25246548687568343 0.29997800055441004
1 0.42035577803050606 0.23851298218021313 0.3486060792505418 0.21911298152000871 0.3349526649439944 0.26960928721459354 0.4067023637239586 0.28900928787479796
1 0.6735184164224074 0.2275976273561869 0.5859756450978827 0.19648520322106844 0.5651988736356043 0.2549459694116109 0.652741644960129 0.2860583935467294
1 0.7227683555192416 0.2904235967253095 0.6562817031330348 0.25880369859137997 0.6326280086812954 0.3085399423326215 0.6991146610675021 0.340159840466551
1 0.7886925438633875 0.26153166574589165 0.7332117978578185 0.23467712133153001 0.7047105519123404 0.2935599071552085 0.7601912979179094 0.3204144515695702
1 0.8743702897463921 0.3901406276821044 0.8127537423564825 0.329713547069513 0.7678141221134102 0.3755377737625831 0.8294306695033198 0.43596485437517457
0 0.2089913787240279 0.5249267099388643 0.18314929975319044 0.5047366647863352 0.17929563515625002 0.50966913046875 0.20513771412708745 0.529859175621279
0 0.267021915625 0.57199218046875 0.2373801757812501 0.548487853125 0.2325544859832968 0.5545736193528774 0.2621962258270467 0.5780779466966275
0 0.4101514152600556 0.6667773778667513 0.2942206694606223 0.586793802781812 0.2876579641288189 0.5963059972888709 0.40358870992825224 0.67628957237381
0 0.3090447520143915 0.8467270739232232 0.3020458622437116 0.8407093796732719 0.2794706602803216 0.8669655076069699 0.2864695500510015 0.8729832018569212
0 0.3524175672862429 0.7791861962527308 0.34452638209977793 0.7739223928069092 0.3061723296572852 0.8314205371791786 0.31406351484375017 0.8366843406250002
0 0.5145502056582131 0.48274309395185455 0.5016675461880231 0.47621101141811184 0.35527511093749997 0.76492810625 0.3681577704076899 0.7714601887837428
0 0.5722062914910719 0.3440212691750604 0.5627416429687501 0.34024709765625005 0.5292905956181186 0.4241336948337599 0.5387552441404405 0.4279078663525702
0 0.580168165128881 0.48804853339935994 0.5710502349604402 0.4834248120271406 0.4806509909824802 0.6616911753126186 0.4897689211509212 0.6663148966848379
0 0.6420053204444819 0.3758031196329128 0.6361164390625001 0.3725350664062501 0.6133783001384783 0.41350814538738 0.61926718152046 0.41677619861404275
0 0.73622737890625 0.3162314828125001 0.7311800496055769 0.31426071144581613 0.7006501302588565 0.3924506826778236 0.7056974595595296 0.39442145404450757
0 0.8011999034923359 0.40701895459527737 0.79633130859375 0.40307935937500006 0.756162525413914 0.45272038134222264 0.7610311203125001 0.4566599765625
0 0.7165657031250001 0.5319180796875002 0.7110593356590954 0.5267359946346717 0.6968244083153453 0.5418617094784217 0.70233077578125 0.5470437945312502
0 0.6802022630333067 0.581092499908826 0.6744001759326257 0.5758225141100787 0.6411986346936177 0.6123763572326473 0.6470007217942987 0.6176463430313948
0 0.6443849703065752 0.5645562434824397 0.6354680720101477 0.5602025930847169 0.6073994413984006 0.6176911605213334 0.6163163396948281 0.6220448109190563
0 0.702711677738012 0.4075294070586625 0.692899089044398 0.4037759591227121 0.638400308962636 0.5462513903452997 0.6482128976562501 0.5500048382812501
0 0.32868817682478035 0.3727623758334001 0.29057202498505735 0.28512036615116765 0.2829065332158524 0.28845414465830743 0.3210226850555754 0.37609615434053983
0 0.34245826484375 0.4015785648437501 0.32857952265624996 0.3744604304687501 0.32311588911590583 0.37725665384698215 0.33699463130340584 0.40437478822198225
0 0.3730580242187501 0.47128942968750004 0.3646892518352794 0.44711434291870794 0.35818600011323504 0.4493655957863692 0.36655477249670576 0.4735406825551613
0 0.43047353222664136 0.46375365075822883 0.40347098615959476 0.3426727555934621 0.3957232370103799 0.344400600048468 0.4227257830774264 0.4654814952132348
0 0.46220697027143176 0.5803869643458411 0.43875279709775705 0.48392898623830594 0.43079623828124997 0.4858636578125 0.45425041145492473 0.5823216359200353
0 0.48046366048512856 0.6298205156647307 0.4635300202068722 0.5856060935512495 0.4571066737432516 0.5880661650211059 0.4740403140215079 0.6322805871345871
0 0.5238448539450836 0.7292883345947794 0.5024752486291277 0.6836241193046162 0.4952997017152942 0.686982079241087 0.51666930703125 0.7326462945312502
0 0.4894929751657062 0.6712229281022795 0.48069317789398724 0.6671468102470403 0.4186327300720311 0.8011270774572609 0.42743252734375015 0.8052031953125003
0 0.4208659416178479 0.8274949758809516 0.4098595200951786 0.8234580534425582 0.3656856974536256 0.9438952725569394 0.3766921189762949 0.9479321949953329
0 0.43829401846728244 0.8965344343957291 0.43078717996935145 0.8926239884162168 0.39363480191605676 0.9639449843643444 0.40114164041398775 0.9678554303438565
0 0.47499910234375003 0.836661903125 0.46924877151406597 0.8334150465459913 0.4478329583636077 0.8713434266900343 0.45358328919329177 0.874590283269043
0 0.5040172642395719 0.795278788535743 0.49811459492372145 0.7912017477199013 0.47007000703125 0.8318042179687503 0.47597267634710033 0.8358812587845919
0 0.507051101757962 0.8535969303426801 0.497478968495687 0.8469137008585873 0.449153034375 0.9161290828125 0.458725167637275 0.9228123122965929
0 0.5394765151725786 0.7985329139007473 0.5323518424918839 0.7939083962814991 0.5123719562255553 0.8246900175370021 0.5194966289062501 0.8293145351562503
0 0.6336823087986312 0.9176620134244644 0.5376152626666698 0.769666280532089 0.5248177993630075 0.777973374753914 0.6208848454949689 0.9259691076462895
0 0.6428992494203044 0.8737570740978885 0.571325668232779 0.7881050431656941 0.5627234115156163 0.7952933644797465 0.6342969927031418 0.8809453954119411
0 0.6185756875796725 0.6487100026328447 0.6115281376785755 0.6434099426757658 0.5064083616496761 0.7831889023772168 0.5134559115507731 0.7884889623342958
0 0.7542058274627716 0.8503016445044718 0.5958454653397869 0.7698177025943873 0.59095327578125 0.7794435843749999 0.7493136379042348 0.8599275262850845