1 0.26382811809882406 0.1851797700800067 0.24704193581977824 0.12226587156791972 0.17567966437683386 0.14130618101652068 0.19246584665587968 0.20422007952860768
1 0.33000315417063203 0.17200225697184968 0.3114079840655621 0.11254304562486254 0.24561408699558834 0.1331193143000713 0.26420925710065835 0.1925785256470584
1 0.39887841064439306 0.09693153999862301 0.39785020978684166 0.030261929634941 0.3122686266603845 0.031581797213005684 0.31329682751793586 0.09825140757668771
1 0.5068365149768237 0.19025010625751188 0.4668278915126926 0.1347796596488529 0.4209560597005681 0.16786518462270003 0.4609646831646991 0.22333563123135897
1 0.5907023831072824 0.11976791550771126 0.5129791827585709 0.10665731373574024 0.500892404921646 0.17831100833563746 0.5786156052703574 0.1914216101076085
1 0.6983056633668652 0.2056778384876682 0.6858956549431825 0.1546030584021379 0.6115586887104248 0.17266524830476054 0.6239686971341075 0.22374002839029083
1 0.7222663626752461 0.2145821701957841 0.6422761359340483 0.20310335933051235 0.6339024883144542 0.2614552199547421 0.713892715055652 0.2729340308200138
1 0.777993597451338 0.285331642855298 0.6948535812757901 0.2365121786644508 0.6554317813434746 0.30364788239174434 0.7385717975190225 0.35246734658259155
1 0.8628620023784143 0.18071813426138866 0.774354254329209 0.16793622693187885 0.7665596401852006 0.22190968543176343 0.8550673882344058 0.23469159276127324
0 0.2988048929121379 0.3040722792029878 0.2929612585937499 0.289864653125 0.28779473180392545 0.2919896593076068 0.2936383661223134 0.3061972853855946
0 0.41617357429465895 0.5819548315874241 0.3194966081640356 0.3293457081918364 0.3043524650645321 0.33514157886280677 0.40102943119515555 0.5877507022583943
0 0.4267638382812501 0.6068490507812501 0.42197801290929016 0.5965953729299982 0.4165888601501653 0.599110718582762 0.42137468552212515 0.609364396434014
0 0.471668436059513 0.7161407710920574 0.4572540212734797 0.6738172417295588 0.45180111863086625 0.6756743741961184 0.4662155334168995 0.717997903558617
0 0.49711691502450905 0.7655477241421322 0.47573544514787136 0.7218136610778702 0.47049887342084107 0.7243738073984585 0.4918803432974788 0.7681078704627206
0 0.50288678984375 0.7871284523437501 0.5024226630321398 0.7707743626517197 0.49773544847411183 0.770907385154905 0.49819957528572206 0.7872614748469353
0 0.516076571875 0.8046383062500002 0.5130896807720311 0.797470496910237 0.5105208153677693 0.7985409664019614 0.5135077064707382 0.8057087757417246
0 0.3024933107762251 0.19724316470498257 0.2995655717850586 0.1791024930158163 0.2909823007812499 0.18048775468749997 0.2939100397724165 0.19862842637666628
0 0.3833222902626042 0.5768246574159465 0.3613046383727513 0.48380370493010627 0.3550021903629878 0.4852954667603669 0.3770198422528408 0.578316419246207
0 0.4107808767451718 0.7088806261883966 0.39322023568174647 0.6351359900031353 0.3873166125 0.63654180625 0.4048772535634253 0.7102864424352613
0 0.42158247031249996 0.74345322265625 0.413459925 0.71373840390625 0.40811575327532135 0.7151992331765441 0.4162382985878213 0.7449140519265441
0 0.44843610801899925 0.8458939075909575 0.44018256723353205 0.8110557099299582 0.4344068274321665 0.8124240443220149 0.44266036821763366 0.8472622419830141
0 0.36824440136544223 0.11824366857443028 0.36369858999756854 0.09142407006709077 0.3574617533358194 0.09248118816633422 0.3620075647036931 0.11930078667367369
0 0.38140844030585275 0.1855615900680961 0.3757519515625 0.16439687109375006 0.3669627237566474 0.16674588258815395 0.3726192125000001 0.1879106015625
0 0.4097754320312501 0.3709608328125001 0.39588126798168455 0.27731724868936314 0.38575811548921607 0.27881924952312204 0.3996522795387816 0.372462833646259
0 0.41378333515625004 0.38959002265625003 0.41262125859375 0.38492918671875 0.4055794399031402 0.3866849087753648 0.4067415164656403 0.3913457447128649
0 0.4212732589740401 0.4211589093431057 0.4198988453125 0.4185775875 0.41238317540095987 0.42257927346939433 0.41375758906250004 0.4251605953125
0 0.42420699684999325 0.4581946305535302 0.4219647322551007 0.445364683847314 0.4163238593750001 0.446350528125 0.4185661239698926 0.4591804748312162
0 0.4305426186761177 0.5036196658964379 0.4276264389886178 0.49111135027143804 0.4227792437500001 0.4922414218750001 0.42569542343750005 0.5047497375
0 0.46100452734374997 0.643250634375 0.45780511171875 0.62717566875 0.45184632574745975 0.6283616515624875 0.45504574137245973 0.6444366171874873
0 0.46699160112764276 0.6898994692694869 0.46517826015625 0.6708164296874999 0.4585738195954329 0.6714440080463145 0.46038716056682566 0.6905270476283014
0 0.48113643702297193 0.7488257318913139 0.4667589354610969 0.7162704628600599 0.46031268756490407 0.7191173427032819 0.47469018912677907 0.7516726117345358
0 0.47576440016099075 0.24607924094526154 0.46624323751346264 0.20328061201028955 0.46083440356647526 0.20448388391465322 0.47035556621400343 0.2472825128496252
0 0.5206579744424468 0.46270931509940005 0.49030467870037936 0.327501543889699 0.4768494329128403 0.33052216209098534 0.5072027286549077 0.4657299333006864
0 0.5765040278097713 0.7686321792317671 0.5428545456005869 0.6166318382245419 0.5324514084158156 0.6189348605552749 0.566100890625 0.7709352015625
0 0.58700880234375 0.87047943203125 0.58313875625 0.8416922687499999 0.5778350981343158 0.8424052740979967 0.5817051442280657 0.8711924373792467
0 0.5485461166363029 0.17538941111550244 0.5422522339710862 0.17534798619083977 0.5420685822762612 0.20325104764260932 0.5483624649414779 0.203292472567272
0 0.5403152695312501 0.30040899296875007 0.5350136191721994 0.29992549176142724 0.5333633459689363 0.3180209409311544 0.538664996327987 0.3185044421384772
0 0.538351875943503 0.39063650789130444 0.5318529084538938 0.39004904754266345 0.5291754403228908 0.419669392776359 0.5356744078125 0.42025685312500005
0 0.5187692955571946 0.6040065811080731 0.5118143085937501 0.60340897109375 0.5097257083490555 0.6277161063919269 0.5166806953125 0.62831371640625
0 0.5152200414062501 0.654733553125 0.5088488424157604 0.6540327335006076 0.5064194213220103 0.6761187663131076 0.5127906203125001 0.6768195859375
0 0.50802769862977 0.7478697916775985 0.5074548664062501 0.72807228203125 0.5047122630216934 0.7281516380524402 0.5052850952452134 0.7479491476987887
0 0.5040312835937499 0.80649043984375 0.5032101443428192 0.7840107753369159 0.49846933284296924 0.7841839481350512 0.49929047209389993 0.8066636126418854
0 0.5037128111486877 0.8339303581095983 0.49798548999879133 0.8332259284478531 0.4961913837628938 0.8478127965881894 0.5019187049127902 0.8485172262499343
1 0.49989812105435255 0.22245364165416626 0.48199629539938316 0.2190467350959186 0.47703076323566274 0.2451384665711689 0.4949325888906321 0.24854537312941655
0 0.5346839953125 0.95843366328125 0.5051899949485268 0.7392896444044335 0.4962208272864924 0.7404967804040579 0.5257148276504657 0.9596407992808744
0 0.6478108844608592 0.2257220279293463 0.6430472923077586 0.22457318000192358 0.6370462734718993 0.24945585207257737 0.641809865625 0.25060470000000007
0 0.5809319315164352 0.43739676467437727 0.574141393304844 0.4361748299188264 0.5658290156250001 0.4823683914062501 0.5726195538365911 0.4835903261618009
0 0.5617637171875001 0.5177518601562501 0.5554839422993335 0.5156453973108635 0.5396843780307989 0.5627469672031641 0.5459641529189655 0.5648534300485508
0 0.5465511616483003 0.5752509044936349 0.5352798868996719 0.5727094461355636 0.4672636428421496 0.8743589977433593 0.4785349175907781 0.8769004561014306
0 0.671341373000211 0.2723170560304467 0.6649691445538748 0.267899135172308 0.63638171875 0.3091324695312501 0.6427539471963363 0.3135503903893888
0 0.638477878125 0.3185527195312502 0.63470388125 0.31667110781250024 0.631195905338396 0.32370714505442566 0.634969902213396 0.32558875677317567
0 0.6274132371641302 0.3389358600332371 0.6241566996409306 0.33601840991759147 0.6105207288830504 0.35123925300935444 0.61377726640625 0.354156703125
0 0.6135493950011923 0.3601343719201114 0.6069593447788529 0.3564421560875874 0.5749121670620625 0.41364155076477244 0.5815022172844019 0.4173337665972964
0 0.57442686484375 0.42599991406250004 0.5677692792244294 0.4217005971042818 0.5242803037892192 0.4890442194215415 0.5309378894085397 0.49334353637975975
0 0.5289866778231238 0.507057812248792 0.5194952066955301 0.5017893706754778 0.31554004117434725 0.8692290656838415 0.32503151230194105 0.8744975072571556
0 0.7171145843750001 0.3396461898437501 0.7092723282589112 0.3393866824919748 0.7077764774776611 0.3845909699919748 0.7156187335937501 0.3848504773437501
0 0.7180533024082113 0.39963470179814264 0.7084667093300587 0.39712890920269206 0.6958338998905974 0.4454591675607995 0.7054204929687501 0.44796496015625004
0 0.6850697597153632 0.5939193832854849 0.6847150503529876 0.5806958410108529 0.6797990914307686 0.5808277070886823 0.6801538007931441 0.5940512493633141
0 0.6871204823503891 0.6150377578639035 0.6796929993217493 0.6138379822107912 0.6640576358382217 0.7106322425537732 0.6714851188668616 0.7118320182068854
0 0.6676577950566671 0.738697891639603 0.661687835747311 0.7380013373349413 0.6594552804687501 0.7571359031250002 0.6654252397781061 0.7578324574296618
0 0.6673409669277708 0.7634792740225892 0.659147616938457 0.7618968872725783 0.6457563211044365 0.8312349132499891 0.6539496710937501 0.8328173000000001
0 0.6496393666291368 0.8626846640742925 0.6426006960937501 0.8618647843750002 0.6415391038784093 0.8709785578385547 0.6485777744137959 0.8717984375378467
0 0.6465622281250002 0.8862972937500002 0.6393981354911825 0.8842760713220035 0.6343930321969713 0.9020163373832164 0.641557124830789 0.9040375598112131
0 0.6410382503553695 0.9080609338331612 0.6332982853316835 0.9061361946079959 0.616695978453387 0.9728991476721841 0.6244359434770729 0.9748238868973494
0 0.7996618184257424 0.2644302715945538 0.7929691394330606 0.26293747715569604 0.7856613383581799 0.29570070661545644 0.7923540173508616 0.2971935010543142
0 0.7874281625000001 0.3115494414062501 0.7800902103578915 0.3087306543825355 0.7635669884828914 0.3517444082887855 0.770904940625 0.35456319531250013
0 0.7580977937500001 0.3930113453125001 0.7519378395030561 0.39089610403079134 0.7351920865758429 0.43966267867845055 0.7413520408227868 0.44177791996015925
0 0.72629419375 0.47306967421875007 0.7205449097159418 0.4702423547509812 0.7103473433096918 0.4909788531884812 0.71609662734375 0.4938061726562501
0 0.6657894062499998 0.62048455078125 0.6594864414062501 0.6178258226562501 0.6469251558914401 0.6476044751809988 0.6532281207351899 0.6502632033059988
0 0.6346868246940136 0.6951970579867338 0.6344283625000001 0.6909345632812501 0.6266624589414774 0.6914054594608162 0.6269209211354909 0.6956679541662999
0 0.6288300359375001 0.7047398414062501 0.6213410507799473 0.7020246296677064 0.6122389874999999 0.7271295656250001 0.6197279726575529 0.7298447773635438
0 0.6162526459613007 0.7315281488829374 0.6101361665302837 0.7289617022383451 0.591117549475233 0.7742877877304077 0.59723402890625 0.776854234375