1 0.4069630616730776 0.05501125608627696 0.3336644897353902 0.04593234716812991 0.32566040680278313 0.11055331141838667 0.3989589787404705 0.11963222033653373
1 0.4704532274865632 0.07032993320515994 0.40170289571155193 0.06446955594186846 0.39641723179392874 0.12647770518919238 0.46516756356894007 0.13233808245248388
1 0.5820993239393044 0.0339657200943138 0.5099210415865016 -0.0076636236031801365 0.4756415879482484 0.05177118520814874 0.5478198703010511 0.09340052890564268
1 0.6223730581493957 0.21536590420415153 0.6060573056728124 0.14894710783562679 0.5511316264123663 0.16243958039489054 0.5674473788889497 0.22885837676341528
1 0.7265352315730398 0.18143266116745643 0.6593828523799738 0.14016109920503728 0.6213342405186634 0.20206946152500657 0.6884866197117292 0.24334102348742573
1 0.8015945803725337 0.2490385672711087 0.7259297302578649 0.23840454984789847 0.7185790285442294 0.29070743043053815 0.7942438786588981 0.30134144785374833
1 0.813001183405742 0.3186276405800562 0.7431355737769533 0.278019806774166 0.7135126720286689 0.32898588636143505 0.7833782816574576 0.3695937201673253
1 0.8381673577390367 0.40510119837116554 0.7793693685374367 0.3286917822241912 0.717668636008403 0.3761712577641517 0.7764666252100032 0.45258067391112605
1 0.9560448822607667 0.3398975075273527 0.8787701140376465 0.29489074356410716 0.8513242602964451 0.34201414902087335 0.9285990285195652 0.38702091298411884
0 0.3868509618332673 0.24296996643742136 0.38675510781250005 0.227607821875 0.38116874591631145 0.22764267867816543 0.38126459993707873 0.2430048232405868
0 0.3945184510613855 0.5445765013994649 0.3941558866857707 0.27394034409150964 0.38026661285398905 0.27395895119835245 0.3806291772296039 0.5445951085063077
0 0.39207025468749995 0.571633965625 0.39150223234177356 0.5603450315498664 0.3855562498764371 0.5606442139957137 0.3861242722221635 0.5719331480708474
0 0.3949564540505654 0.6451155500019817 0.3893949939498135 0.6448915252836651 0.3875976198055615 0.6895117112367587 0.3931590799063135 0.6897357359550755
0 0.39785092128297994 0.745131539927021 0.39440943677562745 0.6965723827904026 0.3885951243652765 0.6969844547303012 0.392036608872629 0.7455436118669196
0 0.4008123931845084 0.7519651629200268 0.3964166522854869 0.750332637394165 0.39072063253847855 0.7656697494741382 0.39511637343750017 0.7673022749999999
0 0.40078641953125 0.7884781085937499 0.40070213125621523 0.7807133225814712 0.3979193163042589 0.7807435305835553 0.39800360457929373 0.788508316595834
0 0.43437075599971314 0.12738495441524217 0.42589355781249993 0.12545399687500008 0.4218124950267253 0.14337048510867434 0.4302896932139385 0.14530144264891642
0 0.3774711383630037 0.43302685967432597 0.37106878731650694 0.4320490586985947 0.3566369363993315 0.5265445420492506 0.36303928744582825 0.5275223430249818
0 0.35037269286432365 0.5852955037438665 0.34437232187500005 0.58438741796875 0.3330290389651581 0.6593405860075021 0.33902940995448166 0.6602486717826185
0 0.33969362421875016 0.6657563148437502 0.3341913586586167 0.6651088102218614 0.3305910844398667 0.6957026688156113 0.3360933500000001 0.6963501734375
0 0.3280147223012807 0.765997827981919 0.3221469622428416 0.7651028952782883 0.31674889355930397 0.8004961395808732 0.322616653617743 0.8013910722845038
0 0.5266787704711466 0.07011558752976879 0.5205000722692679 0.06875937024530082 0.5146680774012095 0.09532895951194605 0.5208467756030881 0.09668517679641402
0 0.5105183601562501 0.14229005859375005 0.5014891742404682 0.14117552167449582 0.49880533671875 0.16291806562500008 0.5078345226345318 0.1640326025442543
0 0.4868812193762685 0.2545285846467705 0.47693253630959953 0.25212901591700876 0.45473547708958106 0.34415868127023835 0.46468416015625 0.34655825000000007
0 0.4620901265625001 0.36057554687500004 0.4549033599815805 0.35956551360272665 0.4542348396690804 0.3643222870402266 0.46142160625000006 0.3653323203125
0 0.4565402291643837 0.39740825697119886 0.45623287499999987 0.3945000328125 0.4477654091168663 0.3953949125600512 0.4480727632812501 0.39830313671875006
0 0.4481137097867533 0.42011049206111506 0.44251427968750007 0.4189114421875001 0.439787087338164 0.43164712838651215 0.44538651743741725 0.43284617826012717
0 0.43449806328124996 0.475711959375 0.43250440105061283 0.46368080894095165 0.42733305105061287 0.4645377448784517 0.42932671328125 0.4765688953125
0 0.41323673671875005 0.6021087437500001 0.40726756952770343 0.6009761673789515 0.4042122281214535 0.6170791376914515 0.4101813953125001 0.6182117140625001
0 0.403724884375 0.6453337820312501 0.3973662586853194 0.643441595511515 0.3918989263643017 0.6618143718672584 0.3982575520539823 0.6637065583869936
0 0.38929824947629277 0.7236407853909468 0.3881630805591069 0.6880701595746623 0.3811197632040241 0.6882949336614793 0.38225493212120987 0.7238655594777638
0 0.5798543138933933 0.21224106888042363 0.5743885763251977 0.21133053822034467 0.5671837960218259 0.2545794260406842 0.5726495335900215 0.2554899567007632
0 0.5600657532361225 0.3374439004034537 0.5489842173320862 0.3350266790624705 0.5193558775151914 0.47085516356706714 0.5304374134192278 0.47327238490805035
0 0.4960429869395491 0.624192752637885 0.4855346374653281 0.6224309938676823 0.45979356562499996 0.77596857421875 0.47030191509922104 0.7777303329889527
0 0.44908473515625014 0.8479558812500001 0.44390017289760175 0.8466301831851375 0.43670455649135176 0.8747709206851374 0.44188911875000014 0.8760966187499999
0 0.6671842572778491 0.21814674718471977 0.6612870723262282 0.2148327285356721 0.6478346025483792 0.23877094697595247 0.6537317875000002 0.24208496562500015
0 0.61214777421875 0.33004480625000004 0.6074132926065985 0.32761047871618376 0.5991045112763196 0.34377008414361115 0.6038389928884711 0.34620441167742744
0 0.5765275252247808 0.4129668013261706 0.5707218540446339 0.40998756144797294 0.5571433717886032 0.4364480702780524 0.56294904296875 0.4394273101562501
0 0.4784410364855008 0.6034643238414226 0.47221635390624994 0.6003048460937499 0.46117422523324925 0.6220596269398275 0.46739890781250004 0.6252191046875
0 0.45614756796875006 0.6491679796875001 0.45050282672086184 0.6461314975840263 0.43997673218961186 0.6656992335215264 0.4456214734375001 0.6687357156250001
0 0.42147465078125 0.7142575796874999 0.41940370963898177 0.7133503374751896 0.4114429932327317 0.7315220835689399 0.41351393437499995 0.73242932578125
0 0.3965840854244148 0.7645327461419305 0.39212360982521943 0.7629173698608357 0.3844639259633047 0.7840677565314053 0.3889244015625001 0.7856831328125
0 0.3783499450341339 0.8110056795683516 0.373303548987527 0.8082070512993095 0.36617574530740743 0.8210596765336915 0.3712221413540143 0.8238583048027335
1 0.6038762354455647 0.24262533369503628 0.5885542009623762 0.23276036241239167 0.5741761049602736 0.25509207290955094 0.5894981394434621 0.26495704419219557
0 0.41517260112707943 0.7238097014019433 0.40640433271001425 0.7215690290806523 0.3516578987704351 0.9358044722099592 0.36042616718750015 0.9380451445312502
0 0.7397942015990949 0.301064823759261 0.7358078417340626 0.29821515767241147 0.7209225815412175 0.31903794953815046 0.72490894140625 0.321887615625
0 0.5984903653639857 0.4722729263711381 0.5926520327756639 0.4685961876594441 0.5676405171875001 0.5083122398437501 0.5734788497758219 0.511988978555444
0 0.5506163578125001 0.5395963335937501 0.545582947211313 0.5352908103662766 0.5132892869096488 0.5730440040028404 0.5183226975108359 0.577349527230314
0 0.5149720001953778 0.5872097952596874 0.5054735031444347 0.5806311022017792 0.32941002930923236 0.8348363633808363 0.3389085263601754 0.8414150564387446
0 0.7441564865671874 0.3530816581225106 0.7399032411829211 0.3465983541707116 0.69795116328125 0.3741201984375 0.7022044086655164 0.38060350238929896
0 0.6963658 0.3836397375 0.694082448416345 0.38014729939811065 0.687431957010095 0.38449538221061064 0.68971530859375 0.3879878203125
0 0.6784711853280806 0.398393769117009 0.6765446725878161 0.394468836182964 0.6581997919472357 0.4034732311284552 0.6601263046874999 0.4073981640625002
0 0.6573251733458847 0.41236770430891995 0.6522599434343759 0.4062671492556733 0.6018173110149772 0.4481491629930957 0.6068825409264859 0.45424971804634245
0 0.5967283078125001 0.4592691093750002 0.5921660545636509 0.45278887677428015 0.5266164129058488 0.49893753902769794 0.531178666154698 0.5054177716284178
0 0.5242320763889696 0.5174024902615366 0.5174053303227215 0.5089621083624601 0.19065606218100856 0.7732433112284026 0.19748280824725656 0.781683693127479
0 0.7613747312499999 0.43265509062500007 0.7542007318701016 0.4294767191894975 0.7358799795263515 0.4708290496582476 0.7430539789062499 0.47400742109375005
0 0.7397730043164389 0.48862712093499655 0.7318231561307018 0.4827125892684984 0.702005385408013 0.522791290989752 0.7099552335937501 0.5287058226562502
0 0.6410356176091938 0.6440153562676372 0.63642822291553 0.6422960703802485 0.6318034782654609 0.6546896019718099 0.6364108729591247 0.6564088878591987
0 0.6304011869889496 0.676757718203187 0.6239639887923631 0.6728629216369051 0.5732073641305183 0.756751886613055 0.5796445623271048 0.7606466831793369
0 0.5660317968969066 0.7841225468546171 0.5607574806596214 0.7812403267162331 0.5515195570312501 0.79814525703125 0.5567938732685352 0.801027477169634
0 0.5564547696446143 0.8069807579482479 0.5494508006069317 0.8024443117879377 0.5110601254935675 0.8617169429021899 0.51806409453125 0.8662533890625002
0 0.5028791384307691 0.8923312585480627 0.4966601289062499 0.88893434609375 0.49226175718003307 0.8969868102139223 0.49848076670455227 0.900383722668235
0 0.49118061796875007 0.9130717906250002 0.48529535031163845 0.9085140301033551 0.4740090795933611 0.9230875742183302 0.47989434725047264 0.9276453347399751
0 0.47790607250400613 0.9311813683145089 0.4714507217556575 0.9264973390764982 0.431047488131 0.9821795372784482 0.43750283887934865 0.9868635665164589
0 0.8660875740937197 0.39383884458340823 0.8604414410890844 0.3899476278029903 0.8413924430274429 0.4175876136301275 0.8470385760320782 0.4214788304105454
0 0.8370935726562501 0.43294416953125003 0.8313458781430609 0.42758179064100954 0.799912578924311 0.4612737406410094 0.8056602734375 0.4666361195312499
0 0.7793827625 0.49748698203125014 0.7744637357215742 0.4932182050455528 0.7406690638898092 0.5321607162766493 0.7455880906682351 0.5364294932623467
0 0.7199046 0.559801934375 0.7156330891059539 0.5550267695124386 0.6984100414497039 0.5704332398249385 0.70268155234375 0.5752084046875001
0 0.6085829539062501 0.6738171351562502 0.6037349234375 0.6689908734375002 0.5809330238715036 0.691895620482581 0.5857810543402537 0.696721882201331
0 0.5531144609375002 0.7273891953125002 0.5450300225938305 0.7259075675718695 0.5443369528082052 0.7296892731893433 0.5524213911518748 0.731170900929974
0 0.5431204481573741 0.7384410225565874 0.5374913035767007 0.7331061164354928 0.5189819437500001 0.75263633125 0.5246110883306734 0.7579712373710945
0 0.5210556053833866 0.7582181696840965 0.5163459120730701 0.7535473279850137 0.48173270668968354 0.7884484426759173 0.48644239999999994 0.7931192843750001