1 0.34700533934963673 0.13739612664401896 0.3459380278834665 0.07229009523830601 0.2720892530017808 0.07350073029763987 0.273156564467951 0.13860676170335282
1 0.4144026225430755 0.14061923335890125 0.4107442949551687 0.07842763595527098 0.34192690704979195 0.082475715747594 0.34558523463769875 0.14466731315122427
1 0.5164409029258646 0.027075115898917135 0.43917136957543335 -0.00410381787216012 0.4134972485986502 0.05952335301265125 0.49076678194908147 0.0907022867837285
1 0.5815687226023708 0.20110490533405168 0.5561680426993536 0.1376032055765086 0.5036546866918105 0.15860854797952578 0.5290553665948277 0.2221102477370689
1 0.6799946021415303 0.15300532696434127 0.6077518559335021 0.12148122021695432 0.5786895070525129 0.18808243785787954 0.650932253260541 0.2196065446052665
1 0.76373239453125 0.2095070421875001 0.6873239437499999 0.2095070421875001 0.6873239437499999 0.2623239437500001 0.76373239453125 0.2623239437500001
1 0.7847129239106878 0.2768313987738671 0.7098757229206644 0.2463421714741459 0.6876342172102272 0.3009349631119963 0.7624714182002507 0.3314241904117175
1 0.8216689754034773 0.35896094769656767 0.7528090696634061 0.29147824089632557 0.698316669822215 0.34708273121000144 0.7671765755622861 0.41456543801024354
1 0.9293247243466858 0.2779864331758472 0.8465382579233195 0.2441722414624506 0.8259178160036094 0.29465676988442446 0.9087042824269757 0.32847096159782113
0 0.35218045336120596 0.261218667957138 0.34994753515625 0.24601936640625 0.34442039075337777 0.24683135512278898 0.3466533089583338 0.262030656673677
0 0.39883690953708434 0.5592409747257194 0.3661433396536345 0.29074714690611964 0.3500468948142015 0.29270715562776023 0.3827404646976513 0.5612009834473601
0 0.4030901406250001 0.5859577460937501 0.40092706389409916 0.5748508507020886 0.39508947448188253 0.5759877258932963 0.39725255121278347 0.5870946212849577
0 0.420220819761328 0.7028664405249304 0.4164735630314314 0.6583129389268387 0.4107333540639355 0.6587957300860724 0.41448061079383214 0.7033492316841642
0 0.4329607461702782 0.7569623406240832 0.42279462456602535 0.7093547198844092 0.41709424628446456 0.7105719774977958 0.4272603678887174 0.7581795982374697
0 0.4368444526998272 0.7633173017933934 0.43226428723310706 0.7623124330575768 0.4287582150020299 0.7782930187641834 0.43333838046875 0.7792978875000001
0 0.44190035234374997 0.79947852109375 0.44073623453951327 0.7918010325220295 0.43798470553715496 0.7922182397728899 0.43914882334139166 0.7998957283446103
0 0.38315146431372793 0.14014504350390192 0.37448802812500004 0.13941267578125008 0.3729401750295361 0.15772277616841807 0.38160361121826397 0.1584551438910699
0 0.36934272136949575 0.45073135936144215 0.3628665936613786 0.45065410933477645 0.36172642215545714 0.5462384942239171 0.36820254986357426 0.5463157442505828
0 0.363695960804585 0.6052821122988875 0.35763133828125004 0.6052253523437501 0.3569218673971538 0.6810300828605436 0.36298648992048876 0.681086842815681
0 0.365015140625 0.7172507039062501 0.36432253515625 0.6864535210937501 0.35878370176012114 0.6865780852892485 0.35947630722887114 0.7173752681017485
0 0.3667082135955849 0.7873448794063381 0.3607730074225096 0.7872752905657289 0.3603532604017027 0.8230753568868927 0.366288466574778 0.823144945727502
0 0.46659078800442116 0.07058622583552987 0.4602834715702288 0.07010311565650855 0.4582060049571143 0.09722578845327705 0.46451332139130663 0.09770889863229837
0 0.4610006531196825 0.16621185961334076 0.46063239453125 0.14430739453125002 0.45153596641156746 0.14446032398040926 0.451904225 0.16636478906250002
0 0.4528458725653965 0.2587432768056568 0.44266005412079856 0.25775164959851093 0.4334870690554021 0.3519749220116042 0.4436728875 0.35296654921875004
0 0.44305492968750004 0.3672084507812501 0.43579753515624997 0.3672084507812501 0.43579753515624997 0.37201197187500007 0.44305492968750004 0.37201197187500007
0 0.44268516573283084 0.4044551039338522 0.44197605624999997 0.4016179578125 0.433715538173419 0.40368257184739775 0.43442464765625 0.40651971796874997
0 0.43725999056863013 0.4277307441328914 0.43178838046875007 0.4277010562500001 0.4317168471139857 0.4408849746802524 0.4371884572138658 0.4409146625631437
0 0.43175528203124997 0.48506443671875 0.42810660919925086 0.4734278364817522 0.4231048482617509 0.47499614585675215 0.42675352109375 0.48663274609374996
0 0.42829190156249997 0.6131901406250001 0.4222232013859812 0.6128993337903647 0.42143869435473125 0.6292708126966148 0.42750739453125003 0.6295616195312502
0 0.4248883804687501 0.6573183101562499 0.4183282950304651 0.6563294878937049 0.41547116661948474 0.675284367040481 0.4220312520577697 0.676273189303026
0 0.42085497967583363 0.7020887433834395 0.4140130281250002 0.7020492960937502 0.41381147159748616 0.7370083517568166 0.42065342314831955 0.7370477990465059
0 0.5390288741395204 0.20392794605732517 0.533489607463945 0.20378696032210802 0.5323740258441975 0.24761766475924007 0.5379132925197727 0.2477586504944572
0 0.5323238245660837 0.3302799747637976 0.5185375039774813 0.32995574909816244 0.5152794563671891 0.468490398292031 0.5290657769557915 0.4688146239576662
0 0.5133657871441707 0.6235348269415858 0.5027145154121697 0.6232526930054052 0.49859225390625 0.77887852109375 0.509243525638251 0.7791606550299306
0 0.4980063382812501 0.8516556335937497 0.4926877304069678 0.8510643887493684 0.48947857493821767 0.8799326989056185 0.49479718281250007 0.8805239437499999
0 0.6263308397672567 0.19762217212027405 0.6200298237469585 0.19516113506391658 0.6100398292922017 0.22073861059989258 0.6163408453124999 0.22319964765625006
0 0.58740316875 0.31609084531250004 0.5823759698500073 0.31433912076597254 0.5763970307981843 0.3314978206791704 0.5814242296981769 0.33324954522569783
0 0.5636700844815113 0.4031632296908434 0.5575062839516179 0.40102097695229 0.5477425377513566 0.42911373319894663 0.55390633828125 0.43125598593750014
0 0.49305029759977986 0.6054578443582113 0.48644647890625003 0.6031954226562501 0.4785394914627202 0.626275254079289 0.48514331015625 0.6285376757812501
0 0.47733450703125013 0.65381936640625 0.47132210303436617 0.6515980312688583 0.4636217506906162 0.6724402843938583 0.46963415468750014 0.67466161953125
0 0.4520577460937501 0.72310105625 0.4498806954172182 0.7224908625259988 0.44452647041721816 0.7415936797134988 0.44670352109375006 0.7422038734374999
0 0.4344063644053223 0.7763510453994419 0.42976448104734233 0.7753721681012109 0.42512290570452 0.7973827422330191 0.4297647890625 0.79836161953125
0 0.4228174597723123 0.824909409342572 0.41743068097787833 0.8228403397291585 0.4121609845440535 0.8365598824737832 0.4175477633384874 0.8386289520871968
1 0.5670456888352421 0.23067330840355454 0.55049982875712 0.22303675730863323 0.5393696325961665 0.24715218140939785 0.5559154926742886 0.25478873250431916
0 0.44714642546904815 0.7334372926865276 0.4381516477150892 0.7324387335328172 0.41375381365229114 0.9522084830337898 0.4227485914062501 0.9532070421875002
0 0.7097741167216193 0.2696279451389326 0.7054299554382321 0.2673608057342677 0.6935875285603628 0.2900525785640851 0.69793168984375 0.29231971796875006
0 0.5936730012954676 0.4588355550202808 0.5873797837607484 0.4560071368623765 0.568139084375 0.4988176054687501 0.5744323019097194 0.5016460236266542
0 0.5556345070312501 0.53216654921875 0.5500508679671265 0.5286034423763267 0.5233257170228889 0.5704836338514016 0.5289093560870123 0.5740467406938248
0 0.526963551343342 0.5842773760407972 0.5166419162286596 0.5790846418296953 0.37767041462281614 0.8553192944426279 0.38799204973749857 0.8605120286537297
0 0.7213332913690171 0.3205314417078292 0.7162191369819212 0.3147031703765201 0.67850563359375 0.347795775 0.6836197879808461 0.35362404633130906
0 0.6782605632812502 0.3574433101562501 0.6750538734375001 0.35470457734375005 0.6699479270746034 0.36068295766252517 0.6731546169183534 0.3634216904750252
0 0.6625934614540074 0.3745442054598625 0.660139452050821 0.37092558824094385 0.6432262726280635 0.38239546715608147 0.64568028203125 0.38601408437500007
0 0.6435980361496527 0.391325102686803 0.6377330671136858 0.38598886145654904 0.5936101902027702 0.43448354070626777 0.5994751592387371 0.4398197819365217
0 0.5901183101562499 0.44620352109374994 0.5846985822850198 0.4404212965392816 0.5262095180727007 0.4952435900160557 0.5316292459439308 0.5010258145705241
0 0.5264182104306738 0.5138606770567636 0.5184832278633446 0.5064525359570563 0.23169469485917865 0.8136364811964242 0.23962967742650795 0.8210446222961316
0 0.7494584507812501 0.39693415468750015 0.741911924182266 0.3947851425675205 0.7295245999635159 0.4382847910050206 0.7370711265625001 0.4404338031250001
0 0.7356476305076982 0.4551978062541565 0.7269514524508154 0.4506394151835947 0.7037380596185845 0.4949242942667249 0.7124342376754672 0.4994826853372866
0 0.6597061328740258 0.622985444653718 0.6549042979404492 0.6219241157780501 0.6520494067084273 0.6348406742207453 0.6568512416420038 0.6359020030964132
0 0.6537320513733937 0.656889186799438 0.6468154486143172 0.6539281789687401 0.6082278715390241 0.7440646991420542 0.6151444742981007 0.7470257069727522
0 0.604931395640772 0.7721676354653411 0.599307281009888 0.7700475078508513 0.592511971875 0.7880735914062502 0.5981360865058842 0.79019371902074
0 0.598628819943079 0.7961362573565278 0.5910616617679381 0.7926187235758996 0.5612937574498591 0.856657466219372 0.5688609156250001 0.8601750000000001
0 0.5574530764906752 0.8881124190994842 0.5508218312500001 0.885614084375 0.54758695097596 0.8942003175210849 0.5542181962166352 0.8966986522455691
0 0.5487549296875 0.9102792250000004 0.5422926196794416 0.9065848913371752 0.5331444313389266 0.9225873519874955 0.5396067413469849 0.9262816856503207
0 0.5381299372319749 0.9300600209565278 0.5310855185401989 0.9263199875676769 0.49882495089141177 0.9870833343414978 0.5058693695831878 0.9908233677303488
0 0.847750057477237 0.34392245447512854 0.8416173195468127 0.34085489674493463 0.8266004480622341 0.370877000793148 0.8327331859926582 0.37394455852334196
0 0.82448063359375 0.38668239453125 0.8180425763362532 0.38217212635152903 0.7916041966487531 0.41991085838277903 0.7980422539062499 0.42442112656250003
0 0.7763140843750002 0.45862887343750014 0.7708488304825187 0.455086236159973 0.742802795658164 0.4983530707198655 0.7482680495506454 0.5018957079973927
0 0.72608732421875 0.5286151406250001 0.721192808748241 0.5244809267551227 0.706281540779491 0.5421344478488727 0.71117605625 0.54626866171875
0 0.6317169015625002 0.6570137320312501 0.62624436640625 0.6529091546875 0.6068520973710988 0.6787644048549544 0.6123246325273489 0.6828689821987046
0 0.5842440140625001 0.7177841546875 0.5760320504168177 0.7174420823537899 0.5758720371999261 0.7212834415940729 0.5840840008456085 0.7216255139277831
0 0.5754721828125 0.7298250000000002 0.568862521798344 0.7253786920771809 0.5539573945312501 0.7475359156250001 0.5605670555454063 0.7519822235478195
0 0.5567877168542607 0.752774834179098 0.5514738023090509 0.7488049114305375 0.5220547471735403 0.7881835983451897 0.5273686617187501 0.79215352109375