1 0.32418981686420517 0.08233113022029973 0.2745540904872422 0.029934044333636733 0.20866184263181192 0.09235372912277981 0.2582975690087749 0.1447508150094428
1 0.5739910243717274 0.14300027492824297 0.5019917185047292 0.10164496197311539 0.47053148526975014 0.1564170043897721 0.5425307911367484 0.1977723173448997
1 0.4488822528421482 0.23414406342960076 0.39543791146639207 0.20772564291881596 0.36428545222934133 0.270746922539965 0.4177297936050975 0.2971653430507499
1 0.3911036078694038 0.29779103467781 0.36872360906306767 0.2555317723550485 0.3145612338546483 0.28421551707483916 0.33694123266098436 0.3264747793976006
1 0.7426261745315369 0.21744262124317992 0.6928321049822967 0.17896934189382266 0.6633609167462652 0.21711244852630213 0.7131549862955052 0.25558572787565936
1 0.8067661554427286 0.22321186873551935 0.7327391893781592 0.20259183146005072 0.7179079743045413 0.25583663602969176 0.7919349403691106 0.2764566733051604
1 0.512169351834134 0.2968830757849962 0.5002263810586509 0.29133686952800286 0.4927375530151649 0.3074630015760483 0.504680523790648 0.31300920783304165
1 0.6318331775607089 0.22127528525704082 0.6212448229873587 0.2114109384044503 0.5973339298016499 0.23707680549115961 0.6079222843750001 0.24694115234375014
1 0.6821166735912249 0.16281909628385932 0.6114821204297994 0.12397848932344598 0.578159141362551 0.18457882285637955 0.6487936945239763 0.2234194298167929
1 0.6067017307709268 0.13628925566337763 0.5599070992589457 0.12911004990583813 0.5505978413748746 0.18978852981674307 0.5973924728868558 0.19696773557428254
0 0.3028375379327974 0.13739227630286704 0.28899267890624997 0.11099347031249995 0.28278927071438387 0.11424684896651387 0.2966341297409313 0.14064565495688094
0 0.32940395645550813 0.1846841466335634 0.31092426484375 0.1532567 0.3062232208882419 0.1560209666476866 0.3247029125 0.18744841328125
0 0.3732838077952253 0.2510171813788503 0.33635829738503736 0.1933013795859526 0.3302605167349264 0.19720262769964375 0.3671860271451144 0.25491842949254145
0 0.40215865781249993 0.30253431796874997 0.37353348089715976 0.2541430038092816 0.36916118000828824 0.2567293747034178 0.3977863569236285 0.3051206888628862
0 0.41974460866336755 0.3655232160220151 0.37978710909563657 0.3070184832481133 0.3748903757289563 0.31036284894479255 0.4148478752966874 0.36886758171869427
0 0.42111656272987047 0.30828259050408247 0.4191249917031213 0.2900532536091234 0.41356706015624994 0.2906604625 0.41555863118299924 0.3088897993949591
0 0.43623187763883176 0.42153197839748124 0.42537930621207354 0.34325178077422247 0.41954161698069303 0.34406110345447016 0.4303941884074513 0.42234130107772894
0 0.4389901876083139 0.48398821778493933 0.4347813277530882 0.45906871501417823 0.4289965792072743 0.46004574879173904 0.4332054390624999 0.48496525156250014
0 0.45253508515625 0.44173124218750004 0.44929629003915955 0.440278335154962 0.4369757145162394 0.467743148078107 0.44021450963333 0.4691960551106451
0 0.43802863730024094 0.4901888504244855 0.43150934001634134 0.4883622123452066 0.4026020939911227 0.5915325845360785 0.40912139127502234 0.5933592226153575
0 0.40303981807706124 0.6094934837313933 0.39650028125599945 0.6076973065777775 0.3901525428664382 0.6308082056588844 0.39669207968750003 0.6326043828125002
0 0.3960701724873332 0.6393907330225522 0.3890691438396482 0.6379935711200289 0.38346061252212016 0.6660973208390388 0.3904616411698052 0.6674944827415622
0 0.3759093022384028 0.745141959655981 0.3705526964127709 0.7443436111505449 0.368514870333318 0.7580166260988973 0.3738714761589499 0.7588149746043333
0 0.37166830762121694 0.7613254793350853 0.36916176484375013 0.7602584117187501 0.3648387705037833 0.7704131292586649 0.36734531328125014 0.771480196875
0 0.36696528238615267 0.7959048186364275 0.36242496974251326 0.7947493718450517 0.34783858198196294 0.8520663865865045 0.35237889462560235 0.8532218333778804
0 0.3757415911808204 0.7699189829166789 0.368511605938959 0.7671607584940828 0.3395157492442055 0.8431660372019263 0.34674573448606694 0.8459242616245224
0 0.36144113467747824 0.757894920333101 0.355589488520787 0.7539027608105375 0.3150745297018949 0.8132889656255287 0.3209261758585862 0.8172811251480923
0 0.4415052758774115 0.6387765520396085 0.43510357097422914 0.6344106899205929 0.3710337442073856 0.7283568826720537 0.377435449110568 0.7327227447910694
0 0.44735045252530614 0.712421466160696 0.44566866635450203 0.6389474895186462 0.437388859051879 0.6391370105716077 0.4390706452226832 0.7126109872136576
0 0.44818528210789943 0.8051274170051365 0.44719270086215357 0.7350466188672262 0.44027197536829055 0.7351446397590353 0.4412645566140364 0.8052254378969455
0 0.45675827340431974 0.9398330018048352 0.44799500859375 0.8097714359374999 0.4395434899709059 0.8103408808403776 0.44830675478147564 0.9404024467077129
0 0.4623230954916549 0.5644600596910255 0.4545872510972999 0.5609159363305176 0.4324984929557732 0.6091296068114744 0.4402343373501282 0.6126737301719825
0 0.50798821484375 0.45785497500000005 0.5031864644500814 0.4550180452328901 0.49936625273133145 0.46148408585789 0.5041680031250001 0.4643210156250001
0 0.5359778537802314 0.4905826983772396 0.5104994261841047 0.45691905107730424 0.5051195537172386 0.46099082291777577 0.5305979813133652 0.49465447021771114
0 0.5249876882793572 0.5070621619290742 0.5170886125 0.49707324218750004 0.512885009376893 0.5003973833834261 0.5207840851562501 0.510386303125
0 0.5731988312500002 0.5421080570312501 0.5400259655699414 0.4965732603309931 0.5351140086585843 0.5001517036019558 0.568286874338643 0.5456865003022128
0 0.5519275929372853 0.5404227603141607 0.5413949945312501 0.5276119406250002 0.537564957843965 0.5307608599983396 0.5480975562500001 0.5435716796875001
0 0.5772793356053735 0.4967588341909869 0.5671344101269773 0.49462645994645343 0.5589480784278538 0.5335735280992167 0.56909300390625 0.53570590234375
0 0.4838833814096818 0.4504529160585812 0.48102946718750006 0.44731946406249995 0.47907630760064823 0.4490983807110007 0.4819302218228299 0.45223183270708195
0 0.49159228593750004 0.46056781562500004 0.4847229750000001 0.45295307421875003 0.4823065048637087 0.4551329886573079 0.4891758158012086 0.46274773006355796
0 0.5214299392118108 0.17473276578735147 0.5146337636161286 0.1732377964564219 0.507645742587078 0.20500555048132738 0.5144419181827603 0.20650051981225692
0 0.501855903125 0.2552598750000001 0.4972006843190869 0.25424757343131377 0.49371893510033704 0.2702589132750637 0.49837415390624995 0.27127121484375005
0 0.49506886015624996 0.29292186015625005 0.48873232374632636 0.29182655151134157 0.4801688491043574 0.3413676275509888 0.48650538551428096 0.34246293619589735
0 0.51518137734375 0.3971502367187501 0.5107907648437501 0.3883861390625 0.5063567729731242 0.3906074675889097 0.5107473854731241 0.39937156524515977
0 0.5654873 0.3190578343750001 0.5589491563244018 0.31650134305532623 0.5353037039062499 0.3769738210937501 0.5418418475818483 0.37953031241342394
0 0.5372980671875001 0.390871146875 0.5294861662808977 0.3885534012264394 0.5244485796875 0.4055324546875001 0.5322604805941024 0.40785020033606073
0 0.693111616084088 0.23978569983639142 0.6883494802578383 0.23680097861116325 0.6666983219862505 0.2713454967435219 0.6714604578125001 0.27433021796875
0 0.6401033201645516 0.3222820800706104 0.6367213246950009 0.31986983362653787 0.6293929474991993 0.33014429730592754 0.63277494296875 0.33255654375000004
0 0.619031695913986 0.35892982300713905 0.6139548130590938 0.35642674533463276 0.6056071757388579 0.37335789263999375 0.6106840585937501 0.3758609703125001
0 0.59526039921875 0.40333405312500015 0.5835402696108843 0.3964610639824922 0.4939674883307063 0.5492045914599157 0.505687617938572 0.5560775806024236
0 0.49677353671875 0.5544903710937501 0.49018883502182875 0.5501387611757844 0.44446177265064657 0.6193313291832387 0.45104647434756784 0.6236829391012044
0 0.7527347960937499 0.2631220515625 0.7480955881416378 0.2598890537189679 0.7266212600166378 0.290703758406468 0.73126046796875 0.2939367562500001
0 0.6955175703124999 0.3556092867187501 0.6915914794562934 0.3529399625547921 0.6698534524319 0.3849126507298751 0.6737795432881066 0.38758197489383317
0 0.6516986718750001 0.4224978500000002 0.6488773561369412 0.4204418316550699 0.6377674437499999 0.43568710937500005 0.6405887594880589 0.4377431277199303
0 0.6324288593080256 0.4538274749670725 0.6302925826679695 0.4525730008339382 0.624430843672444 0.4625551086793657 0.6265671203125001 0.4638095828125001
0 0.6254572537873697 0.4662818963950218 0.610939251622712 0.45893277342646926 0.4065550395807692 0.862688493060485 0.4210730417454269 0.8700376160290375
0 0.6662436328124999 0.675089415625 0.5876230825108595 0.5628052691281573 0.5816092509135591 0.567016110679279 0.6602298012151995 0.6793002571761217
0 0.6672039620472436 0.7164860124190581 0.5794080301119465 0.5748433298536086 0.5727662565563097 0.5789601729439736 0.6605621884916069 0.720602855509423
0 0.6821039656297903 0.749756843576028 0.6742492218749999 0.7366345351562499 0.6696949765577096 0.7393606126739718 0.6775497203125 0.7524829210937499
0 0.7724005719063612 0.8812459401522055 0.6857120953125 0.7537548210937502 0.6787232812508532 0.758506914013447 0.7654117578447146 0.8859980330719024
0 0.7178274828125 0.92802200546875 0.6804456429012997 0.8430653980931844 0.6728187583759129 0.8464213110133985 0.7102005982871131 0.9313779183889641
0 0.552437771790875 0.7072685028198926 0.5420278880275253 0.7055821013131057 0.5061166774677112 0.9272561962569142 0.5165265612310609 0.9289425977637011
0 0.5532825601562502 0.6651663710937501 0.547354348033019 0.665117814568151 0.5472076723419377 0.6830252863100624 0.5531358844651689 0.6830738428356615
0 0.5430536507812499 0.67814784296875 0.54201280390625 0.6671371046874999 0.5365998489578805 0.6676487921964219 0.5376406958328805 0.678659530477672
0 0.5428626834013457 0.6814567713454482 0.5361387390625 0.68103116015625 0.5355875384736544 0.689739206779552 0.5423114828125001 0.6901648179687502
0 0.5409314109975327 0.7354874659849717 0.5406212890625001 0.7131397171875001 0.5346486628461675 0.7132225999161463 0.5349587847812003 0.7355703487136179
0 0.5368877492187502 0.7538809226562502 0.5313102056807517 0.7530725211187054 0.5175581293264754 0.847954582868389 0.5231356728644739 0.8487629844059337
0 0.620433828125 0.19925123046875007 0.6160791720336746 0.1972549897980686 0.6046968087605811 0.2220848002957858 0.6090514648519065 0.22408104096646725
0 0.5807198812500001 0.20392114609375 0.5806549440382108 0.1941456144693323 0.5751455298092666 0.19418221258106322 0.5752104670210558 0.2039577442054809
0 0.41165696796874995 0.31619297265625 0.4032349823349392 0.30517493533782825 0.3988025446234732 0.30856300942488124 0.40722453025728395 0.319581046743303
0 0.44313074765625 0.51696389609375 0.442236405802352 0.5079880510146613 0.4374989951474886 0.5084600806219478 0.4383933370013865 0.5174359257010366
0 0.44573840558419453 0.5528522653448912 0.44464270390625 0.5395642242187499 0.43934355535330544 0.5400011799676088 0.44043925703125 0.55328922109375