1 0.17127418454070473 0.4355416549473376 0.13257782307169586 0.388988761342587 0.06579948252743392 0.444497207840908 0.10449584399644281 0.49105010144565864
1 0.34019300137891517 0.19963418738402228 0.2760240515766034 0.16328130067581387 0.24388803779250984 0.22000676162503394 0.3080569875948216 0.2563596483332423
1 0.6796471815373046 0.17986454905979193 0.6302178112939234 0.13263832373153575 0.584216423179311 0.18078571702883978 0.6336457934226922 0.22801194235709596
1 0.7085303877176661 0.34375835341782 0.6226653726146305 0.3071289884030766 0.6029184273533472 0.35341894599356277 0.6887834424563828 0.3900483110083062
1 0.8213998131926529 0.3267112819648202 0.760696087194623 0.2974354137708879 0.7347424085045666 0.3512505556278466 0.7954461345025964 0.3805264238217788
1 0.8224551815270216 0.43588916814161066 0.7862193481309298 0.35641451547457104 0.7370282639681375 0.37884279758061307 0.7732640973642292 0.4583174502476527
1 0.8203855407788547 0.5596177907663118 0.7751308868050838 0.5041479057546125 0.7333424090593146 0.5382406950235383 0.7785970630330856 0.5937105800352376
1 0.8050560606915932 0.5272264934301255 0.8030971570312501 0.5056140906249998 0.7497063850689398 0.5104533201900117 0.751665288729283 0.5320657229951373
0 0.7615082523592711 0.5733409556327624 0.7565154843749998 0.5655150250000001 0.6157106694289015 0.6553453346568576 0.6207034374131728 0.66317126528962
0 0.5892476363071589 0.671820375762209 0.5867048395795974 0.6664757284341769 0.5579724406801223 0.6801456013766594 0.5605152374076838 0.6854902487046914
0 0.5504219821891716 0.6952187957277477 0.5464099800331443 0.6894707108505107 0.5000209162267726 0.7218489773483281 0.5040329183827998 0.7275970622255651
0 0.49233278671875 0.7308037703125001 0.48934090912873635 0.7250436298289669 0.43962396249999997 0.75086713515625 0.44261584009001365 0.7566272756397833
0 0.42273744374082944 0.7657487587462198 0.4184901265625 0.7579893171875001 0.3586569664154206 0.7907404381287803 0.36290428359375004 0.7984998796875
0 0.32172963359374995 0.8173485070312501 0.31820783624683496 0.8098615475214579 0.2555233547569637 0.8393477548817408 0.2590451521038787 0.8468347143915331
0 0.377881490172171 0.8185868160618958 0.3716754936383318 0.8102587702252853 0.3006521984375001 0.8631847906250002 0.30685819497133926 0.8715128364616105
0 0.31792065581964113 0.7671460638385603 0.30989384645124574 0.7609708338744716 0.20250158281910458 0.9005635669109111 0.2105283921875 0.9067387968749999
0 0.20092096015625 0.8688410234375 0.1984636354178782 0.8626950668942228 0.16219631628489198 0.8771957519987081 0.1646536410232638 0.8833417085419853
0 0.2719777578125 0.79889304609375 0.2674461778914569 0.7921639594641451 0.22347400924137223 0.8217762096115535 0.2280055891624153 0.8285052962411585
0 0.31066113828124997 0.7644931843750001 0.3045108394893445 0.7585965214370965 0.283767603125 0.78023199609375 0.2899179019169055 0.7861286590316536
0 0.16128242530448253 0.7050675643703035 0.15861320466749085 0.6972561013748425 0.12781326015625 0.7077806148437501 0.1304824807932417 0.7155920778392111
0 0.24967899140624997 0.6704745453125001 0.2466570571826488 0.6623422676697818 0.16622058296389883 0.6922322622010317 0.1692425171875 0.70036453984375
0 0.5374613370216583 0.537001208901082 0.53059705390625 0.5225977601562499 0.2598625820419027 0.6516222803875048 0.2667268651573111 0.6660257291323369
0 0.29093241430532313 0.5951800605376052 0.24228721010844953 0.5565711806543956 0.23808249771543638 0.561868902151781 0.28672770191230995 0.6004777820349906
0 0.21554215000000002 0.536928921875 0.18583128515625005 0.5090526234375 0.1802577553451536 0.5149929526849921 0.20996862018890355 0.5428692511224921
0 0.15749625605913045 0.4823016177360202 0.14221577661465587 0.46674812888077766 0.13808846224615492 0.47080299675998705 0.15336894169062948 0.4863564856152296
0 0.3120640487400652 0.299095979252442 0.2972277982745653 0.23813615183266118 0.29097342765950013 0.2396583249239692 0.30580967812500004 0.30061815234375
0 0.3167661391809423 0.3287932552264024 0.31249600030441993 0.30467505642192777 0.3073138276574312 0.3055925626198057 0.3115839665339536 0.32971076142428035
0 0.34611641015625005 0.44738040234374993 0.320753258885003 0.3330118873432285 0.3135084634323372 0.33461854318722867 0.3388716147035842 0.4489870581877501
0 0.35913825703125 0.4888865367187501 0.35023378270545164 0.4579585830492367 0.34352341015625 0.4598905679687501 0.35242788448204837 0.4908185216382634
0 0.48983889999999997 0.41531870078125 0.4789800807490999 0.409266269704899 0.3728639843502743 0.5996518347563302 0.3837228036011744 0.6057042658326812
0 0.5200596078125 0.36007853437500004 0.5146001395941872 0.3572818406465536 0.5034271871119693 0.3790927305416274 0.5088866553302822 0.38188942427007383
0 0.5979864584711777 0.260588836594631 0.5905556411586699 0.25464498303565264 0.5181767569062422 0.34513076987852187 0.52560757421875 0.3510746234375002
0 0.6273102375884367 0.20722687638146398 0.6202966365824928 0.20253709841107673 0.6011326669628059 0.23119697046711285 0.6081462679687499 0.2358867484375001
0 0.4350052190853854 0.6268865436944271 0.4297908515039956 0.6201530995393406 0.4065727895788961 0.638133126790845 0.4117871571602859 0.6448665709459316
0 0.4692682190061925 0.5775230654465331 0.4645794739969892 0.573649280914926 0.44892250967829667 0.592600131874643 0.45361125468749997 0.5964739164062501
0 0.6088703039462434 0.4185494228428485 0.6028803679687501 0.4133107234375002 0.5861330007412568 0.4324596857509018 0.5921229367187502 0.43769838515625015
0 0.3620220298518223 0.653333308827002 0.3532593149851022 0.6499305083209885 0.34040048984603777 0.6830438859684597 0.34916320471275786 0.6864466864744732
0 0.47752817031249994 0.7299002609375 0.46315821406250013 0.7219440421875001 0.4592163122342419 0.7290636248176112 0.47358626848424173 0.7370198435676112
0 0.6870198154082232 0.8491380633280949 0.4826100455162603 0.7308128863363809 0.47624336571215375 0.7418114885512279 0.6806531356041168 0.860136665542942
0 0.5104573171875002 0.89519497890625 0.4621883150476065 0.7787411123943373 0.45168750273851377 0.7830935976058642 0.4999565048784074 0.8995474641177769
0 0.6844050980073902 0.45884928365494754 0.6785457274965698 0.4460430547242563 0.5857900208954296 0.4884825624755589 0.59164939140625 0.5012887914062502
0 0.6713129223020424 0.48212717015463175 0.6650372901826783 0.4768447400632743 0.6316957124903442 0.516455198177736 0.6379713446097083 0.5217376282690934
0 0.7417163165339801 0.5092108588689708 0.7383276263792842 0.5035505024506352 0.6843744527166462 0.5358506925610899 0.6877631428713421 0.5415110489794255
0 0.62097127890625 0.5883599726562502 0.6158040729512834 0.5827318934033358 0.5979740036031995 0.5991018904081182 0.6031412095581661 0.6047299696610327