1 0.16633724740461736 0.4702559688588132 0.12298676672138628 0.42800296817521344 0.06237645683012642 0.49018757105870875 0.10572693751335752 0.5324405717423085
1 0.3096716642147002 0.21798400245742502 0.2420543267417734 0.18853774282435434 0.21602378322618127 0.24831158396514005 0.28364112069910813 0.27775784359821076
1 0.6451997887675915 0.16284004189360096 0.5911047144490725 0.12103930190352567 0.5503880984896681 0.17373139220732264 0.6044831728081871 0.2155321321973979
1 0.6907881911603178 0.32063110005038953 0.6004523326248159 0.2959940394401812 0.5872643544799372 0.3443499430487237 0.677600213015439 0.3689870036589319
1 0.8015255481766028 0.29406514785691545 0.7380942023258211 0.2712949219740211 0.7179079135889449 0.3275281569404975 0.7813392594397264 0.3502983828233918
1 0.8139873319238763 0.402534628653583 0.7696426378632027 0.3272830232683242 0.7230654219541197 0.3547303099954566 0.7674101160147933 0.4299819153807155
1 0.8248621909776839 0.5258017901716626 0.7740572655136397 0.47536617430920713 0.7360613758489445 0.5136402849618713 0.7868663013129886 0.5640759008243268
1 0.8059313297159466 0.4953953335556622 0.80202359140625 0.47390105625 0.7494138406533306 0.4834657015533629 0.7533215789630273 0.5049599788590251
0 0.7677418996828566 0.5456041297847745 0.7619584507812499 0.5383429578125001 0.6313148047244252 0.642399280149206 0.637098253626032 0.6496604521214804
0 0.6067188479695133 0.6615502076273571 0.6036313134376908 0.6565006338168151 0.576485204505658 0.6730989749594444 0.5795727390374804 0.6781485487699863
0 0.5705516868644243 0.6888788357936007 0.5659608251198849 0.6835816083542636 0.5232103345929991 0.7206314790210839 0.5278011963375385 0.725928706460421
0 0.51650035234375 0.7303408453125 0.5129227659871516 0.7249249958769777 0.46617746484374994 0.7558038734375001 0.4697550512003484 0.7612197228730223
0 0.4509390057029744 0.772369095348777 0.44590387343750004 0.7650961265625 0.38982190992202553 0.803922101526223 0.3948570421874999 0.8111950703124998
0 0.35587816875 0.8342443664062502 0.3515930637017206 0.8271665490391686 0.2923341222346024 0.8630435399343357 0.2966192272828818 0.8701213573014173
0 0.41185185872373553 0.8296064245562839 0.4048093416037985 0.82197270401688 0.33970739453125004 0.88203274609375 0.34674991165118707 0.8896664666331539
0 0.3468424724932106 0.7847150835974949 0.33821414698562674 0.7794127119701636 0.24600160417991618 0.9294662900914187 0.25462992968750003 0.9347686617187501
0 0.2411137320312501 0.8980827460937497 0.2380274412509654 0.8922273180201996 0.20347453299038382 0.9104395342505323 0.2065608237706685 0.9162949623240824
0 0.3044697179687499 0.8210904929687499 0.2992595817845835 0.8148719486138696 0.25862362070322803 0.8489183233160436 0.2638337568873944 0.8551368676709238
0 0.33934542265625006 0.7828355632812501 0.33261244670502677 0.7776140840448937 0.31424436640625003 0.80129929609375 0.32097734235747327 0.8065207753301064
0 0.1845733533963036 0.7393498119765557 0.18110223581306079 0.7318601511633689 0.15157112656250005 0.74554647890625 0.15504224414574289 0.7530361397194368
0 0.26886971796875 0.69570633828125 0.26501428371005353 0.6879344881977613 0.1881428048038035 0.7260686428852612 0.19199823906249996 0.7338404929687499
0 0.5411237996578052 0.5328827364545596 0.5327915492187499 0.51927570390625 0.27702692394256895 0.6758928725421113 0.2853591743816242 0.6894999050904209
0 0.3020267338579402 0.6165121675645061 0.2496122867862079 0.5831995998268639 0.2459843710166778 0.5889078118320246 0.2983988180884102 0.6222203795696668
0 0.22096056328125008 0.5664605632812499 0.18849859140625008 0.54184260546875 0.18357652753189696 0.5483329853886909 0.21603849940689696 0.5729509432011909
0 0.15752254273860783 0.5181999614624451 0.14069998891721136 0.5043289214047751 0.13701913357619522 0.5087929981304984 0.1538416873975917 0.5226640381881682
0 0.2920933931457963 0.3198412086888294 0.2709663799234335 0.2607661364643111 0.2649053813088872 0.2629337309004817 0.28603239453125007 0.322008803125
0 0.299873935094184 0.348884297924826 0.29310615152837793 0.3253445719215372 0.28804827264012556 0.32679873623988864 0.29481605620593154 0.35033846224317744
0 0.3414591546875 0.4637538734375001 0.3042801806084629 0.3526630519642637 0.29724301372092937 0.35501819383675853 0.33442198779996646 0.4661090153099948
0 0.3587482390625 0.50367147890625 0.34665969345064834 0.47384372296190047 0.34018802812499993 0.47646654921875 0.3522765737368516 0.5062943051630995
0 0.4810429578125002 0.4168447179687501 0.46961097289123643 0.4119604983577926 0.38397690172750426 0.6123952634314058 0.39540888664876805 0.6172794830423634
0 0.5053239437500001 0.35874823906250003 0.49960204850505496 0.3565375354159655 0.4907701609053155 0.37939683441791694 0.49649205615026065 0.3816075380644516
0 0.5724243971184233 0.2516579818908743 0.5644129848125413 0.2465234213857214 0.5018889400378681 0.34407917152609724 0.5099003523437501 0.3492137320312501
0 0.5960096937043826 0.1955231745615087 0.5885442988528333 0.1915922087586724 0.5724810840547008 0.22209825919716378 0.5799464789062501 0.22602922500000008
0 0.4486245229696874 0.6329852507897503 0.44273488381594783 0.6268337425054624 0.421523436446822 0.6471422205500714 0.4274130756005616 0.6532937288343593
0 0.4775399374832407 0.580310731504101 0.47247195673157066 0.5769482752026767 0.45888166690458 0.5974319101048258 0.46394964765625 0.6007943664062501
0 0.5997599972854726 0.4076155718013322 0.59325528203125 0.40303168984375015 0.5786012706832774 0.423826328979918 0.5851059859375 0.42841021093750004
0 0.37880558268771114 0.66691595786017 0.3697351817549888 0.6644477515885416 0.36040808938867946 0.6987238444222039 0.3694784903214018 0.7011920506938323
0 0.5016823945312503 0.7309897890625001 0.48655950703125017 0.7245792250000002 0.4833833985804814 0.732071846604041 0.49850628608048153 0.738482410666541
0 0.722490166466463 0.8276765547750333 0.5068318252764245 0.7313662147802146 0.5016496899688688 0.7429700644220072 0.7173080311589073 0.8392804044168258
0 0.5517091546875 0.8919369718749998 0.4915318316678177 0.7811665366904138 0.4815435026090745 0.7865928122412252 0.5417208256287569 0.8973632474258114
0 0.6790934865426307 0.4397991296314954 0.6719275990341391 0.4276755259456408 0.5841161546790085 0.4795781572516454 0.5912820421875 0.49170176093749995
0 0.6685062327457555 0.46431800300879794 0.6617128145791974 0.459720492678709 0.6326943064703473 0.5025991043618417 0.6394877246369053 0.5071966146919307
0 0.7413549662274 0.48389416604147095 0.7373931714405826 0.4786190323000845 0.6871118480141687 0.516381920369098 0.6910736428009863 0.5216570541104845
0 0.6302006194702786 0.5758924044617924 0.6249653523452856 0.5706131016274214 0.6077227893828576 0.5877118409609796 0.6129580565078505 0.5929911437953506