1 0.6742967640507143 0.02830521488069495 0.5933037581645426 -0.011865067595455202 0.56061311938076 0.05404716742578515 0.6416061252669316 0.0942174499019353
1 0.4396062405922999 0.16720608565608602 0.40481965829147526 0.1171063252598679 0.334610747992211 0.16585562100621917 0.3693973302930356 0.2159553814024373
1 0.5712923712639232 0.2463942211411571 0.5291417686134869 0.19131069795221228 0.48067652034939246 0.22839691364192666 0.5228271229998287 0.2834804368308715
1 0.6233497686434115 0.24438518034292117 0.5636511525581236 0.22988727327480962 0.5523710034232182 0.2763359978683536 0.612069619508506 0.29083390493646516
1 0.26908873655153653 0.27188991877131924 0.23225866174169668 0.23987402387492365 0.1919121005615867 0.2862874341947621 0.22874217537142655 0.31830332909115766
1 0.22664025910862112 0.31763995541115353 0.19667502739383885 0.27206937567678496 0.131457682329935 0.31495346598360474 0.16142291404471726 0.36052404571797336
1 0.45476832839006276 0.30846327595048556 0.439063572009686 0.30193725389238424 0.43380649857153564 0.31458830791654435 0.4495112549519124 0.3211143299746457
1 0.3380604267523607 0.27339830133778653 0.3100838721658046 0.2517833087405784 0.30112639064101926 0.26337708883137484 0.32910294522757544 0.284992081428583
1 0.34281480630161754 0.21730163150814835 0.30033667755654714 0.16554142431538063 0.23692032596442764 0.21758541898951908 0.2793984547094981 0.2693456261822868
1 0.3749018443201611 0.20721418000876976 0.34268790988080505 0.15322727609522485 0.30268481644471734 0.17709708406541758 0.33489875088407334 0.23108398797896249
0 0.6099427336949007 0.07162654594396352 0.60313512265625 0.06963583281250008 0.5948779717738494 0.09787268452478662 0.6016855828125001 0.09986339765625005
0 0.5980128353451173 0.11753023204381965 0.5928095273740648 0.11611355346461476 0.5832263732789474 0.15131144720204517 0.58842968125 0.15272812578125006
0 0.5856226358474259 0.1637448963687313 0.5799049190050712 0.16167960893073108 0.5566014267585618 0.22619497258033844 0.5623191436009166 0.22826026001833868
0 0.562776869219341 0.23096416643593276 0.557553211812211 0.2296034942709034 0.5433996 0.28393959453125006 0.54862325740713 0.28530026669627945
0 0.5718252305770137 0.28446857215411664 0.5661814497513238 0.28247013617990807 0.5425329523651043 0.3492558315072658 0.5481767331907943 0.35125426748147437
0 0.5316585921875001 0.29361492109375004 0.5293067492187501 0.27542304296875003 0.523786280315607 0.2761367282674778 0.526138123284357 0.2943286063924778
0 0.547146896329666 0.4069264562008129 0.5365795848063357 0.3286397464032861 0.5309461564524243 0.32940015889876717 0.5415134679757545 0.4076868686962941
0 0.5606273125000001 0.46818984375 0.5581310031250001 0.44304074296874996 0.5523410373500454 0.44361545718897866 0.5548373467250454 0.4687645579702287
0 0.551855395926563 0.4531472992757852 0.5336460203437118 0.4292387744538228 0.5307665226562499 0.4314318773437501 0.5489758982391011 0.4553404021657125
0 0.6179706125708831 0.5630535061903089 0.5627976014494844 0.4712320844142587 0.5567931162117417 0.47484001733875925 0.6119661273331403 0.5666614391148095
0 0.6399871960374782 0.5975579765704612 0.6270185501021859 0.5774414384291625 0.6211396821897077 0.5812314024837014 0.6341083281250001 0.601347940625
0 0.6555394188277754 0.6302299859402658 0.6425246769039695 0.6047230592859669 0.6361816014539358 0.6079595719048443 0.6491963433777416 0.6334664985591433
0 0.6947581530448849 0.7141222946896819 0.6848258407195041 0.7035062216125746 0.6807729422588522 0.707298080715453 0.6907052545842329 0.7179141537925602
0 0.6983988335937499 0.7278961742187499 0.6937398640625 0.7175268945312502 0.6914424529001716 0.7185591329247178 0.6961014224314215 0.7289284126122175
0 0.7381021721561849 0.8006068994621384 0.7077122455626002 0.7498280665845262 0.7037178552312447 0.7522186144186718 0.7341077818248294 0.802997447296284
0 0.7440053475344676 0.7896799069089644 0.6948876099140899 0.7248769279804522 0.6885380851745412 0.7296895815857024 0.7376558227949188 0.7944925605142146
0 0.7591759761181931 0.7554176417049481 0.705276998312218 0.707868588813144 0.7006854089214454 0.7130733607195484 0.7545843867274205 0.7606224136113525
0 0.6835191443762171 0.6873861539975614 0.5977229249685792 0.6128046335107283 0.5924321331386799 0.6188909928892331 0.6782283525463179 0.6934725133760662
0 0.6157970757591393 0.6885352938936166 0.5943211660968184 0.6184812496989908 0.5848795872126792 0.6213756792428743 0.6063554968750001 0.6914297234375001
0 0.6360633743167898 0.7795214051748048 0.61762205546875 0.7119088343750002 0.6108516017508525 0.7137554746414578 0.6292929205988924 0.7813680454412626
0 0.6643166385419731 0.9119318327525784 0.6384858536236184 0.7841237077421794 0.629792602559562 0.7858806656699999 0.6556233874779167 0.9136887906803988
0 0.593777796327373 0.5876230704475248 0.5590075741985308 0.5474407921125974 0.5526841400433957 0.5529125378498232 0.587454362172238 0.5930948161847505
0 0.49062782255833925 0.4628045815687817 0.48537191067117635 0.4574420864734813 0.4813760421875 0.4613585343750001 0.48663195407466286 0.4667210294703005
0 0.48320528451921463 0.46280967316822863 0.4774420417576565 0.4607832644443654 0.4634748908272585 0.5005067814976006 0.4692381335888167 0.5025331902214638
0 0.4871856021301356 0.5032720381881103 0.4822067854681718 0.5013963963170727 0.4776334724005363 0.5135360737539625 0.4826122890625001 0.5154117156250001
0 0.4661211415540725 0.5092522987851419 0.46051648844583354 0.5070735363540517 0.4401036738526142 0.5595835039968081 0.44570832696085316 0.5617622664278982
0 0.47166929557840015 0.5394289347367474 0.46715633168524223 0.5373823279574884 0.46030554548184216 0.552488967439491 0.464818509375 0.5545355742187501
0 0.44744826944684724 0.5506660244724209 0.43434047430422834 0.5126629575570164 0.42590712603362935 0.5155717386231193 0.43901492117624824 0.5535748055385238
0 0.5068093464243975 0.44495535327471164 0.5043629338111566 0.44408895557481226 0.5029143362211879 0.44817930278605395 0.5053607488344288 0.4490457004859533
0 0.505271412620279 0.45187521976087563 0.5022981854493596 0.4504689625194124 0.49791542734375005 0.45973535781250013 0.5008886545146695 0.46114161505396334
0 0.41682153319940907 0.21648597879043313 0.40088145578612255 0.1882273590993314 0.39464481986842764 0.19174531080444754 0.41058489728171405 0.2200039304955493
0 0.44641808593750004 0.27609755234375005 0.4377234123013956 0.2622801858960272 0.43367640683264563 0.2648267921460271 0.44237108046875007 0.27864415859375
0 0.4780999679860029 0.34154877850016796 0.45601226900217784 0.2963347889429787 0.4505465990577832 0.29900484910929137 0.47263429804160834 0.3442188386664807
0 0.46426686687737007 0.4045657274176813 0.4642353012904957 0.39497047865210483 0.45868487269437574 0.3949887379531737 0.45871643828125014 0.4045839867187501
0 0.434057721875 0.3903031070312501 0.3949987242159699 0.33834908981382983 0.3894848307461395 0.34249443147680386 0.4285438284051697 0.3944484486942242
0 0.45193448593749996 0.4150791164062501 0.4404657422628773 0.4005129515317615 0.43471078688710785 0.4050441447890332 0.4461795305617306 0.4196103096635218
0 0.27980793856202407 0.32226380060939763 0.2499192435394773 0.2945409258918036 0.24608558310245332 0.29867408700115605 0.2759742781250001 0.32639696171875016
0 0.3309649591142053 0.3693030014073851 0.32106526484375003 0.36169812890625 0.3185120041670448 0.36502185328011494 0.32841169843750007 0.37262672578125
0 0.36511902753904696 0.40446112064309736 0.35163223278105205 0.3913393728110515 0.34747106930450505 0.3956162998242042 0.36095786406249997 0.40873804765625
0 0.5189175010913913 0.5454609099059015 0.39016842145116565 0.42366973823155024 0.38157460109220614 0.43275452201840725 0.5103236807324318 0.5545456936927585
0 0.584514461758108 0.6007910016043291 0.521387396715345 0.5469151998125524 0.5162856946957832 0.5528929386954441 0.5794127597385463 0.6067687404872207
0 0.2270359666487302 0.35615652324696995 0.1977897294084612 0.3326057016641971 0.19404021275973105 0.33726198310472716 0.22328645000000008 0.36081280468750004
0 0.30621838618149216 0.4327026523123415 0.27647747811798196 0.40789165299086233 0.27338358480154845 0.4116002983174815 0.30312449286505866 0.4364112976389607
0 0.3502814671875 0.47353535625000004 0.3355609567985942 0.46172241855060747 0.33338676425239355 0.46443175510839474 0.3481072746412993 0.4762446928077873
0 0.37005749435294566 0.49614658600437744 0.361916283089535 0.48788441227974166 0.3601170607452099 0.4896572930860752 0.3682582720086206 0.497919466810711
0 0.686771902707939 0.8233875361606456 0.37797628570737735 0.49255766135038587 0.36336540754697955 0.5061954113844409 0.6721610245475411 0.8370252861947007
0 0.43876411177236463 0.585984831380765 0.43163421491686804 0.5833270184642744 0.383749923129869 0.7117822830622795 0.39087981998536553 0.7144400959787702
0 0.44914983827546423 0.5947828798174616 0.4418986025148552 0.5926464517051707 0.3948054751832346 0.7524849068450428 0.40205671094384365 0.7546213349573335
0 0.3971601436649862 0.7745888473680757 0.3921068753451585 0.7734907535722716 0.38879425980517246 0.7887349296416961 0.3938475281250002 0.7898330234375002
0 0.39445093482672966 0.7960998434423008 0.38629247187500004 0.7931741625000002 0.33427369931164924 0.9382320950368357 0.3424321622633789 0.9411577759791362
0 0.42159657269250256 0.879148271316321 0.4133423557441148 0.8779827286365638 0.4003750554687501 0.96981541015625 0.40862927241713776 0.9709809528360072
0 0.6046522141837102 0.9142129204172518 0.5101919269895313 0.7104732309112461 0.5018630937938908 0.7143347464439347 0.5963233809880698 0.9180744359499403
0 0.501833548654739 0.6888566461844313 0.4965673717634421 0.6717058757671877 0.4908756322877233 0.6734535352698872 0.49614180917902023 0.6906043056871308
0 0.5090424233233902 0.6829045683810637 0.5082746121859497 0.6719243378321809 0.5026770132812499 0.672315759375 0.5034448244186904 0.6832959899238829
0 0.5135985589870387 0.6937241794258399 0.51194697109375 0.6842160664062501 0.5059264731777633 0.6852618450427814 0.507578061071052 0.6947699580623713
0 0.5268031763998136 0.7367725281613458 0.5218581418424434 0.7150411772015026 0.51592746640625 0.7163907203125001 0.5208725009636201 0.7381220712723431
0 0.5713148591642734 0.8414349907859175 0.5361851448539088 0.7523687509978536 0.5300783882812499 0.7547773921875 0.5652081025916146 0.8438436319755638
0 0.32692190679903393 0.2585148511716183 0.3086326402421481 0.23815256283880792 0.30503773710724413 0.2413814799725714 0.3233270036641299 0.2617437683053818
0 0.35109117096063025 0.23199863246194563 0.3467660273949932 0.22351903072362345 0.34107459237186294 0.22642202951167784 0.3453997359375 0.23490163125000002
0 0.54807115625 0.2888404500000001 0.5428290476936064 0.28676821566177363 0.53776005703125 0.2995911859375001 0.5430021655876436 0.30166342027572657
0 0.5640213544102322 0.5008557117156854 0.5624935703125 0.49200640781250005 0.5577942744960178 0.4928177156280647 0.55932205859375 0.50166701953125
0 0.571323525 0.53605798046875 0.5688798611901321 0.5229266883603887 0.5636550948796188 0.5238989896573714 0.5660987586894869 0.5370302817657326