1 0.4071149226315273 0.056458719232991575 0.3683889794312597 -0.004446627551618532 0.291797120872615 0.04425339832023969 0.3305230640728826 0.1051587451048498
1 0.640750359500686 0.16367751887415935 0.5779648503945347 0.10934390393664906 0.5366316314169955 0.15710673362294023 0.5994171405231468 0.21144034856045052
1 0.5005491339291193 0.22927486005055403 0.4531275883581947 0.19314415925964873 0.4105224603974625 0.24906339063125565 0.457944005968387 0.28519409142216096
1 0.4316876311535232 0.2807277715819549 0.41778226328981904 0.23497462573993597 0.3591418864279644 0.25279670107320124 0.37304725429166863 0.2985498469152202
1 0.792429577734375 0.2653169011718751 0.7489436625 0.2218309859375002 0.714436619921875 0.25633802851562515 0.75792253515625 0.2998239437500001
1 0.8539436622224266 0.2868309874669117 0.7852112684283089 0.252464788327206 0.7604929574558825 0.30190140704595614 0.8292253512500001 0.33626760618566187
1 0.5507023027144864 0.3029369274394392 0.5400370237773187 0.29521379447224766 0.5296087758112467 0.3096147084350894 0.5402740547484144 0.31733784140228094
1 0.6825942138815113 0.25155119952745497 0.6740826035610162 0.23984773511546412 0.6457137420232548 0.2604796340255091 0.65422535234375 0.2721830984375
1 0.7431078268507699 0.20376355753829686 0.6811821655487863 0.15215885505303647 0.6369083360928686 0.20528746611734872 0.6988339973948522 0.2568921686026091
1 0.6741406008190922 0.16333129668082186 0.6295755761535481 0.14735515632619578 0.6088593552031624 0.20514251154077834 0.6534243798687065 0.22111865189540442
0 0.3756487833783856 0.1064340300943702 0.36709542265624995 0.07787852109375001 0.3603852149492453 0.07988845994783308 0.3689385756713809 0.10844396894845328
0 0.39270338805287996 0.157926127363265 0.38055985937500003 0.12355000000000001 0.37541773929087 0.125366478105485 0.38756126796874996 0.15974260546875002
0 0.4231201029403067 0.23141310771199994 0.3978857114617649 0.16771198872418708 0.3911555714811699 0.17037804843670504 0.4163899629597118 0.2340791674245179
0 0.44163450703125007 0.28749331015625 0.422768754006219 0.23452913997468822 0.4179832813258395 0.23623371771821913 0.4368490343508705 0.28919788789978085
0 0.44687850659517814 0.3526804827052819 0.41881836767148767 0.287626396233133 0.41337346598078695 0.2899749757944233 0.4414336049044774 0.3550290622665722
0 0.4606706215102422 0.2784788875667045 0.4550989437500001 0.27801443671875015 0.4535756017262071 0.29628885889408213 0.4591472794864492 0.29675330974203656
0 0.4566592689404937 0.3318933876034085 0.45077440810566216 0.3315739571101955 0.44649102138961194 0.4104866948146547 0.4523758822244434 0.41080612530786764
0 0.44378963572481317 0.4473764285864685 0.43792474280237437 0.4472317294122557 0.4373014085937501 0.47249647890625013 0.4431663015161889 0.47264117808046296
0 0.46452535234375 0.4337450703125 0.4616232909198166 0.43170086615091724 0.4442885455087577 0.4563101967141569 0.4471906069326911 0.45835440087573964
0 0.44103928139619947 0.4785444155099109 0.4349883011441327 0.4755073974519634 0.3869263274273521 0.5712664770117787 0.39297730767941885 0.5743034950697261
0 0.3839289082860285 0.5889809054154884 0.3778522484539873 0.5859699267611449 0.3672113682929588 0.6074450072831565 0.373288028125 0.6104559859375001
0 0.3713826505749418 0.6169989870023078 0.36477684137782307 0.6142916354850955 0.35390890629671734 0.6408088812346897 0.36051471549383607 0.6435162327519022
0 0.3314139065264466 0.7169603901698454 0.32630804877943564 0.715154620975287 0.3216987289112444 0.7281875886592944 0.3268045866582553 0.7299933578538529
0 0.324162870330033 0.7320373530723153 0.3219059859375001 0.7305116195312501 0.3157248054512171 0.7396549000526849 0.3179816898437501 0.7411806335937501
0 0.31294820404657775 0.7650839927619273 0.30871177940307065 0.7630834422540714 0.28345678196514734 0.816564168233041 0.2876932066086544 0.8185647187408968
0 0.32652159836881706 0.7412501889475623 0.31995074223956693 0.7371630945672394 0.2769851299550229 0.8062392720556015 0.283555986084273 0.8103263664359247
0 0.3147781804615511 0.7267183863187733 0.3097957854754841 0.7216830272933067 0.2586937785130923 0.7722475216977136 0.2636761734991593 0.7772828807231802
0 0.41610017397913734 0.625065516309416 0.41064913217429755 0.6195583644802901 0.32983066982246895 0.6995534019428069 0.33528171162730874 0.7050605537719328
0 0.42015445549908986 0.6260277254053095 0.41199060927296544 0.6246339026968304 0.3996220005132912 0.6970788552225794 0.40778584673941565 0.6984726779310584
0 0.403313910594491 0.7206520425509646 0.3965016352335963 0.7194277258269554 0.38410393272509996 0.7884103360242329 0.3909162080859947 0.7896346527482421
0 0.3898433101562501 0.7941570421875002 0.38143841422322744 0.7931033990004304 0.3652237569885385 0.9224474770713057 0.37362865292156117 0.9235011202583754
0 0.4507157671105625 0.5560866546671641 0.4437983025997797 0.5511315781315853 0.4129157748686138 0.5942446941550592 0.4198332393793966 0.5991997706906381
0 0.5158830984375001 0.4601535210937501 0.5117108817214113 0.4564524966095207 0.5067270793776613 0.4620708067657707 0.5108992960937501 0.4657718312500001
0 0.5371137446651193 0.4976206187624279 0.5185267545909079 0.45971395437666385 0.5124687952918633 0.46268438797154393 0.5310557853660747 0.500591052357308
0 0.5231810698656265 0.511700286102582 0.5173330984375001 0.5003876757812499 0.5125724512281236 0.5028486576474179 0.51842042265625 0.5141612679687501
0 0.5638193664062501 0.55530140859375 0.5399444288864688 0.5042735337524038 0.5344399189928233 0.5068489855068891 0.5583148565126047 0.5578768603482354
0 0.5432605097831897 0.5495883325802141 0.5353658453125001 0.53500316875 0.5310053355293103 0.5373634275760358 0.5389000000000002 0.55194859140625
0 0.5758830425983184 0.5109996645164767 0.5666756240669697 0.507738719411258 0.5533008587795639 0.5455029435199741 0.5625082773109126 0.5487638886251928
0 0.4936335189019975 0.4482880396301324 0.4914299296875 0.44466760546875 0.4891732214654323 0.4460411583844361 0.49137681067992983 0.4496615925458185
0 0.499270775 0.45968802812500015 0.4939806335937499 0.45090246484375013 0.49119261340065057 0.45258124406288724 0.4964827548069006 0.46136680734413726
0 0.5831001245478977 0.18479786611875876 0.5767140677034079 0.1820335923454251 0.563792863336801 0.21188430625821875 0.5701789201812908 0.21464858003155243
0 0.5485204226562501 0.26011056328125004 0.5441438898062517 0.2582286029528128 0.5376710023062518 0.27328142014031287 0.54204753515625 0.2751633804687501
0 0.5346718312500001 0.29578556328125005 0.5286607104641646 0.2935013105800589 0.5108016870987353 0.34049818903867707 0.5168128078845706 0.3427824417398682
0 0.5345271125000001 0.40193661953125004 0.5318894367187501 0.392495775 0.5271130604426262 0.3938302458711139 0.5297507362238763 0.403271090402364
0 0.59880950703125 0.33487781718750004 0.5928792891730645 0.3311207592775166 0.5581295773437499 0.38597042265625003 0.5640597952019354 0.3897274805662335
0 0.55743556328125 0.3999929578125001 0.5502094354920282 0.3962272147349851 0.54202464765625 0.4119330984375001 0.5492507754454719 0.41569884151501507
0 0.7392148410782585 0.28141400316910387 0.7351097107500927 0.27757546125900573 0.7072649399843342 0.3073540635586519 0.7113700703125 0.31119260546875005
0 0.6714394051278738 0.35228023299184985 0.6685798243138104 0.34926699070891454 0.6594256301234365 0.35795436318581475 0.6622852109374999 0.36096760546875006
0 0.6437622067372594 0.38423399794765345 0.639256210222541 0.38080819401006555 0.6278313277040317 0.3958354640311622 0.63233732421875 0.39926126796875006
0 0.6119549296875 0.4232866195312502 0.6017615600776456 0.4143036004739188 0.48468964406840903 0.5471495070894725 0.4948830136782635 0.556132526146804
0 0.4864546303847096 0.5528923149317213 0.4808235690867285 0.5473627220459008 0.42271281862190035 0.6065398088036321 0.42834387991988143 0.6120694016894526
0 0.7932897890624998 0.31569823906250016 0.7893527016160812 0.3116394380523715 0.7623931945848313 0.33779049508362136 0.76633028203125 0.34184929609375003
0 0.71947640859375 0.3955686617187502 0.7161317824122064 0.3921992473806587 0.6886924673812607 0.4194366964585622 0.6920370935628043 0.42280611079665364
0 0.66369964765625 0.45286725390625004 0.6613224740473381 0.4503106778750678 0.6475077460937501 0.46315598593750007 0.6498849197026619 0.4657125619686823
0 0.6388059012215294 0.4799444120373443 0.6369482390614314 0.47830536535613283 0.6292895206524018 0.4869856009750385 0.6311471828124999 0.48862464765624997
0 0.6295859685053783 0.4908397653092586 0.6167369818209338 0.48085550109011477 0.33906765943073003 0.8381947449003475 0.3519166461151745 0.8481790091194913
0 0.6297806335937499 0.70359331015625 0.574029389769252 0.5783706319528414 0.5673225824309387 0.5813566154549261 0.6230738262554366 0.7065792936583348
0 0.6228244754741326 0.7444125748143445 0.5636683007433053 0.5886200135103368 0.5563630245477044 0.5913939084348874 0.6155191992785316 0.7471864697388952
0 0.631102350448303 0.7799151821854652 0.6258957749999999 0.7655352109375 0.6209050440829469 0.7673422115645347 0.6261116195312499 0.7817221828124999
0 0.6946506515495361 0.926217857724119 0.63388133828125 0.78452816875 0.6261141863531614 0.787859423777362 0.6868834996214475 0.929549112751481
0 0.6321549296875002 0.9617214789062499 0.611670384627655 0.8711929721157917 0.6035432886543193 0.873031949357036 0.6240278337141644 0.9635604561474942
0 0.5119256470554576 0.7134659951468422 0.5020288027415918 0.7098242781216199 0.42447997114578656 0.9205734131341174 0.4343768154596523 0.9242151301593398
0 0.5207883804687501 0.67229859140625 0.5149783513222885 0.6711197707944528 0.5114174636997308 0.6886702451136888 0.5172274928461924 0.6898490657254861
0 0.50934964765625 0.67208274609375 0.5039385092548171 0.67155219162441 0.5028592842548172 0.6825592345931601 0.50827042265625 0.6830897890625001
0 0.5074515908223616 0.6863014843403011 0.50093239453125 0.68460070390625 0.49872974745888854 0.6930435859721988 0.5052489437500001 0.69474436640625
0 0.4992059859375001 0.7169746476562501 0.49332727924477704 0.7159163770050915 0.4893675524179848 0.7379127090138577 0.49524625911070785 0.7389709796650163
0 0.48776725390625 0.7562549296875002 0.4824464357196493 0.7543971351975257 0.45084267228313896 0.8449119258083689 0.4561634904697396 0.8467697202983434
0 0.67560668984375 0.22775668984375005 0.6717129417216507 0.22496621819920729 0.6558019535249942 0.2471679777234918 0.6596957016470935 0.24995844936803463
0 0.6375328536405186 0.21515470982473178 0.6321176793871902 0.2141393896317887 0.6303161640279217 0.22374770793205698 0.6357313382812501 0.22476302812500007
0 0.44835211249999996 0.30271338046875 0.4421872036274797 0.2902907846097528 0.4371897271033621 0.29277086105379413 0.4433546359758823 0.3051934569127913
0 0.44176858261503915 0.4968163139507965 0.4370284403297323 0.4963785039711988 0.4361985897459433 0.5053632462704024 0.44093873203125006 0.50580105625
0 0.4381105632812501 0.5282746476562502 0.43282540030776884 0.5276924501016194 0.4313654929687501 0.54094542265625 0.4366506559422313 0.5415276202108809