1 0.1654448610921056 0.5169823154982343 0.11663578271285428 0.48117373918710565 0.06526975293804531 0.5511884907238889 0.11407883131729664 0.5869970670350174
1 0.27227488596229593 0.24721714788582902 0.20121746813436472 0.2274679710016006 0.18375916235961784 0.2902828485671895 0.25481658018754905 0.31003202545141806
1 0.5968631177034427 0.14591335412632803 0.537476954132655 0.11204799567722537 0.5044899113836119 0.16989394818221495 0.5638760749543996 0.2037593066313176
1 0.6636616193194053 0.29486299689727813 0.5705147464524599 0.2844003200623055 0.5649323704027465 0.3340989660589065 0.6580792432696918 0.3445616428938791
1 0.7699305297555419 0.2541050446168408 0.7039474898612236 0.2403843560860049 0.6917838081600344 0.2988797219087625 0.7577668480543528 0.3126004104395984
1 0.797367071358666 0.3597845642147832 0.7429809363216245 0.29143689090735503 0.7006769314922231 0.3250993582295518 0.7550630665292646 0.39344703153698
1 0.8252915699151726 0.48033861069324413 0.7679617934863029 0.4374645090693333 0.7356624031610572 0.4806541446768217 0.792992179589927 0.5235282463007326
1 0.7989930926194126 0.4549399795312367 0.79545204765625 0.4321214898437499 0.7448669456143436 0.4399714450007203 0.7484079905775063 0.46278993468820706
0 0.7714831223274886 0.5078978430963415 0.7647453976562499 0.5015122367187501 0.6498550064524637 0.6227379712110178 0.6565927311237023 0.629123577588609
0 0.6281637107253227 0.6451256191585152 0.6244034589644875 0.6405548891998996 0.5998315769905769 0.6607697046223844 0.6035918287514123 0.665340434581
0 0.596151937357499 0.6772217843846047 0.5908685232454219 0.672615034164091 0.5536904204299197 0.7152540537925033 0.5589738345419968 0.719860804013017
0 0.5483970218750001 0.7258027789062502 0.5441005114585511 0.7209375395544774 0.5021076414062501 0.7580215945312502 0.506404151822699 0.762886833883023
0 0.4893229157604552 0.7765463882491425 0.48332458359375013 0.7700449546875002 0.433191937364545 0.8162981789383579 0.43919026953125007 0.8227996125000002
0 0.4037985773437501 0.8510494054687502 0.3985701328346639 0.8446368402263508 0.34488100756523726 0.888411928915746 0.3501094520743234 0.8948244941581457
0 0.4585820603450287 0.8386665689906743 0.45054567254346634 0.8320872682623337 0.3944360328125001 0.9006232484375001 0.4024724206140625 0.9072025491658404
0 0.38795767190771474 0.8032596635512098 0.3786753692841972 0.7992097251243411 0.3082436544077326 0.9606364982918814 0.3175259570312501 0.9646864367187501
0 0.2990356054687501 0.9302386367187502 0.2951644323718579 0.9248697222374254 0.2634824411577045 0.9477135340490715 0.26735361425459664 0.9530824485303964
0 0.35105976484375 0.8451782179687501 0.3450348794860545 0.8397453030678991 0.3095327241603295 0.879115773559732 0.3155576095180251 0.884548688460583
0 0.38027200468750005 0.8024418226562501 0.372877864732743 0.7982082077683474 0.35798488515625004 0.8242192593750002 0.36537902511100706 0.8284528742629027
0 0.2209541195324943 0.780919381871433 0.21647442421100016 0.7739856965324003 0.18913547734375005 0.7916487640625001 0.1936151726652442 0.7985824494015328
0 0.29835612031250003 0.72596885546875 0.29345657444216855 0.718809213321262 0.2226404517859185 0.7672706914462621 0.22753999765625 0.77443033359375
0 0.5452999778955825 0.5268393970050829 0.53515508359375 0.5145244124999999 0.3036764389406986 0.7052129498804083 0.3138213332425311 0.7175279343854911
0 0.3201687558715022 0.642930833005687 0.26362818907917834 0.6172371413907765 0.2608300093142041 0.6233947100371848 0.3173705761065279 0.6490884016520952
0 0.23292567890625007 0.6046485570312499 0.1973534671875 0.5847880132812499 0.19338259068850655 0.5919002485407303 0.2289548024072566 0.6117607922907304
0 0.1633884549746673 0.5656864902721729 0.1447991412040774 0.5542916890529458 0.1417753869084753 0.5592245980422902 0.16036470067906522 0.5706193992615173
0 0.26904346860262734 0.3505295089998948 0.2399004004568884 0.29496966309951056 0.23420005763551108 0.29795969081836576 0.26334312578125 0.35351953671875
0 0.2807903074116983 0.37820711006661495 0.27081229074694596 0.355838365484521 0.26600601532632495 0.35798229877797616 0.2759840319910773 0.3803510433600701
0 0.33795757734375004 0.4861712390625 0.2856795723170598 0.38133585921574836 0.27903866320718074 0.38464746528171145 0.33131666823387096 0.48948284512846313
0 0.3606338625 0.5232941937500001 0.3445117406111926 0.4954391200903828 0.33846808359375 0.4989371031250001 0.3545902054825575 0.5267921767846173
0 0.4696544679687502 0.4202922898437501 0.4576539859858251 0.4170466278351177 0.4007484278598737 0.6274487347712373 0.4127489098427987 0.6306943967798697
0 0.4856136859375001 0.3593819414062501 0.4796398051397598 0.3579890860160246 0.47407526824528706 0.3818550812481824 0.4800491490430273 0.38324793663840795
0 0.5371570392812363 0.2439953017606698 0.528509000671128 0.24002568345060463 0.48017057154614184 0.3453336926274349 0.48881861015625 0.34930331093750006
0 0.5527003498341934 0.1851243551769306 0.5447605228850947 0.1822706274186115 0.5330992558634015 0.21471536286668097 0.5410390828125001 0.21756909062500007
0 0.46763247524288865 0.6388411315182061 0.46094402905590215 0.6335691686700026 0.44276540381538537 0.6566320695620343 0.44945385000237187 0.6619040324102379
0 0.48893561080621695 0.5826549898837474 0.48344898807004055 0.5800305834233769 0.4728417288263237 0.6022062755708795 0.47832835156250003 0.6048306820312501
0 0.5859225422260829 0.3943971357970301 0.57885234765625 0.39099675234375003 0.5677405437654126 0.41410079828723384 0.5748107383352454 0.41750118174051387
0 0.4032152500093469 0.6821585459138587 0.39388961332467787 0.6809767157055786 0.3894236011727881 0.7162173166531953 0.39874923785745714 0.7173991468614755
0 0.5338135867187499 0.7285076679687501 0.5179456960937501 0.7242641906250001 0.515843268882356 0.7321259234292443 0.5317111595073557 0.7363694007729943
0 0.7659286693122314 0.7935229826829941 0.5389652922471411 0.7281637684920184 0.5354485329500066 0.740375903785911 0.7624119100150968 0.8057351179768869
0 0.6057530085937499 0.88092614453125 0.5307450622206928 0.7796087841510426 0.5216091303380441 0.7863723583909364 0.5966170767111013 0.8876897187711439
0 0.6689722195283506 0.41546000423128354 0.6601887905831856 0.4044516856328075 0.580455371054835 0.46807019546402406 0.5892388000000002 0.4790785140625001
0 0.6619003674471713 0.44121372291622285 0.6545332125240495 0.4376064162565673 0.6317646597840756 0.4841063319101693 0.6391318147071974 0.4877136385698247
0 0.7367646175642081 0.4504607879492516 0.7321072219904465 0.4457883667068174 0.6875708109096502 0.49018155667760493 0.6922282064834118 0.49485397792003916
0 0.63875412734375 0.5564697031250001 0.6323788546835274 0.5522588621797614 0.6190386741554033 0.5724560839008878 0.6254139468156257 0.5766669248461265