1 0.9242929162833127 0.5261243670244614 0.906136766748979 0.4519328958447081 0.8398961912483578 0.4681433008266461 0.8580523407826914 0.5423347720063996
1 0.8955708090722542 0.3254364077706712 0.8349006786303793 0.27530170504188367 0.795132070976434 0.3234273841131027 0.8558022014183088 0.3735620868418902
1 0.8238861194827379 0.2205595402218968 0.7629382573328887 0.18450005204800637 0.7347775147547332 0.23209742914925874 0.7957253769045823 0.26815691732314917
1 0.7823026657579422 0.15599405773154368 0.7085478220379674 0.12128986457474486 0.6829182929065032 0.17575884206017475 0.756673136626478 0.21046303521697354
1 0.6829385204479279 0.21408457917090548 0.6157032734335607 0.1788373716541441 0.5910141534824118 0.2259327075809249 0.6582494004967792 0.2611799150976863
1 0.5995762288138731 0.15462025501836485 0.5343977372943403 0.14741640421286448 0.5271127088789094 0.21332936876679115 0.5922912003984421 0.22053321957229155
1 0.5470669762904145 0.17964137167456973 0.4652361622203702 0.1225442903386826 0.42684638298038574 0.17756403589619696 0.50867719705043 0.2346611172320841
0 0.8578016695312499 0.5192935695312503 0.8547715830471508 0.514107508557694 0.8331560348780391 0.5267369359183803 0.8361861213621381 0.5319229968919366
0 0.8311518025140074 0.34549795764990654 0.8240693671875 0.34078681328125005 0.8143422545172425 0.35540993688134376 0.8214246898437502 0.36012108125000025
0 0.8050988425600286 0.3936801300350997 0.7985291593577644 0.3904033184774181 0.7466348677719846 0.494446242436622 0.753204550974249 0.49772305399430367
0 0.7450271812342842 0.5294308640470275 0.7300672045044336 0.5183700648579856 0.5543166768818104 0.7560765595295649 0.5692766536116609 0.7671373587186069
0 0.5504861764569003 0.7811435031220796 0.5383752977698113 0.7678437143209624 0.4091553566673811 0.8855122768858712 0.4212662353544701 0.8988120656869883
0 0.5307255535465424 0.647097847784401 0.5279148533134226 0.6404843989530398 0.5061617169543802 0.6497294308561388 0.5089724171874999 0.6563428796875
0 0.437056892430774 0.6799377784854289 0.4357615592315526 0.6712013365916075 0.36855280351952857 0.6811662323249286 0.36984813671875 0.68990267421875
0 0.363369284291519 0.6920451529549025 0.36105049486114604 0.6829004119558839 0.21917275625193203 0.7188756900668298 0.221491545682305 0.7280204310658485
0 0.732913159375 0.3205872164062501 0.7261027441145822 0.31753321388044176 0.718265595207369 0.33501002932666496 0.7250760104677869 0.33806403185247325
0 0.7210455227595318 0.3429752492736551 0.71517408046875 0.33872072734375014 0.7078424670746437 0.348838701971931 0.7137139093654256 0.35309322390183595
0 0.703612684375 0.3725438304687501 0.6974833414510772 0.3691061738026699 0.6667572453573272 0.42389081286516994 0.67288658828125 0.42732846953125014
0 0.5306116835937502 0.6324606429687502 0.5255690056560832 0.6288589958374441 0.5147019519838031 0.6440739932546891 0.5197446299214701 0.647675640385995
0 0.47738604609375007 0.7032042890625 0.4724465585629615 0.6986209944263649 0.45948333763146587 0.7125916581592066 0.4644228251622544 0.7171749527953416
0 0.434411074529225 0.762830251415828 0.42631178898528654 0.7555456899651894 0.36950127878281336 0.8187100337825275 0.3776005643267518 0.8259945952331659
0 0.7271311928233143 0.19204856496692832 0.7127535171875 0.18500176406250007 0.6397182583130884 0.33401651221781326 0.6540959339489026 0.34106331312224153
0 0.6480825435878732 0.3687951671368438 0.6412040148474469 0.36821530884093107 0.6404171900183507 0.3775489636989692 0.6472957187587769 0.37812882199488185
0 0.6293224367187501 0.4114258804687501 0.6157753674065429 0.4062720624299635 0.4879357540737109 0.7423049005379558 0.5014828233859181 0.7474587185767424
0 0.4811064203125001 0.8068275343750001 0.47476431313165135 0.8047912791032144 0.4652575812846337 0.8344008831390098 0.47159968846548245 0.8364371384107956
0 0.6262576057815769 0.3094694349435273 0.6203297820312501 0.3082481320312501 0.6155184282492272 0.3316009439615196 0.6214462519995541 0.3328222468737968
0 0.6094208986858625 0.41091284647762283 0.6020927799491798 0.40870043943842393 0.5850411346110891 0.46518031835735096 0.5923692533477718 0.46739272539654986
0 0.5747867184424764 0.573787052286745 0.5658977439504139 0.5719135205693837 0.5469278461814189 0.6619162335328628 0.5558168206734814 0.6637897652502239
0 0.5533647667395982 0.6792499171936961 0.54972694296875 0.6792421703125 0.5497027560024454 0.6906000211353699 0.5533405797732937 0.690607768016566
0 0.5334695562500001 0.7681983515625002 0.5231120556361042 0.7660998937235906 0.5172583914062502 0.7949922210937501 0.527615892020146 0.7970906789326597
0 0.5276659740235476 0.8004052696764375 0.5160162353688152 0.7982133320014732 0.49467621123139605 0.911631567805399 0.5063259498861286 0.9138235054803634
0 0.556235412539284 0.23217057678955375 0.5492423415084681 0.23087803193402365 0.5359047664236918 0.3030384753783085 0.5428978374545077 0.3043310202338386
0 0.5392937992187501 0.31719729921875006 0.5312178941329255 0.3156625649642315 0.5193882410079256 0.37791122824548157 0.52746414609375 0.37944596250000007
0 0.5202780430785457 0.4284280646762227 0.5132133537486174 0.42629614541041816 0.5013707296875001 0.4655398734375001 0.5084354190174284 0.4676717927033046
0 0.5066372277698433 0.47416007721270476 0.4972246584995731 0.47332731839234815 0.4913955907943908 0.5392125449608642 0.500808160064661 0.540045303781221
0 0.46589454296875016 0.8095659210937501 0.4590112657586203 0.8092711278736019 0.4572383879179994 0.8506669565515945 0.4641216651281293 0.8509617497717427
0 0.46757504218749996 0.8871154734375001 0.465298265625 0.8602587390624998 0.4569923368574454 0.8609628732168506 0.45926911341994536 0.8878196075918507
0 0.48455294928823756 0.2017271981859868 0.4777410023437499 0.20036740468750006 0.47182751399301226 0.22999129165776327 0.4786394609375 0.23135108515625005
0 0.476505260774646 0.2659230042449572 0.46581159584927107 0.2624761703488406 0.4301140582373294 0.37322635947549276 0.44080772316270433 0.37667319337160937
0 0.43058819453125013 0.43499888125000014 0.4120728479402856 0.4314109926972135 0.33333614289505425 0.8377328061801605 0.35185148948601885 0.8413206947329475
0 0.3537304904462445 0.8863516287538218 0.3516457936877682 0.8482922937605091 0.34205833547996434 0.8488174459485688 0.3441430322384406 0.8868767809418815
0 0.19925045078125 0.4486998539062501 0.16044816254924463 0.42115099473425044 0.15697343437500005 0.4260451140625 0.19577572260700543 0.4535939732344996
0 0.26249473984375 0.4962673632812501 0.22512085234375 0.462500209375 0.2206817374165535 0.46741347456605614 0.2580556249165535 0.5011806284723062
0 0.2908729834501787 0.5213571444520799 0.26809093046875 0.5002577031250001 0.2642052577821824 0.5044532455396828 0.28698731076361117 0.5255526868667626
0 0.38375213999229707 0.5842938592178355 0.33799529921875004 0.5578933562499999 0.3352381342264529 0.5626720212509146 0.38099497499999996 0.58907252421875
0 0.40882697500000004 0.5979034515625 0.38973285859375006 0.5872214140625001 0.38634058171990115 0.5932851008368163 0.4054346981261512 0.6039671383368164
0 0.5224710016763916 0.6691684313566546 0.4136425242155538 0.5981138701268869 0.407138158470128 0.6080760767561577 0.5159666359309658 0.6791306379859254
0 0.59163085 0.7147001390625001 0.5819173543140512 0.7066477836866273 0.5777330152515512 0.7116953204053773 0.5874465109375 0.71974767578125
0 0.7107904661155497 0.8109411899043358 0.599991864874319 0.7186698241716899 0.5913983960418339 0.7289887819424926 0.7021969972830646 0.8212601476751384
1 0.1798635848696419 0.37470906569691603 0.11761332021548025 0.3454181856391151 0.07674781856447443 0.43226734442096904 0.1389980832186361 0.46155822447876993