1 0.16147993287170198 0.45646978980993264 0.09622193068904669 0.4376174777107676 0.0749536184914202 0.5112385569987332 0.1402116206740755 0.5300908690978983
1 0.21089928756001658 0.31407950864194534 0.17455241886732692 0.2640280814491124 0.11097335631856504 0.3101985898176542 0.1473202250112547 0.3602500170104871
1 0.27481490893241717 0.21996153049788925 0.24577592420807032 0.17401925686117076 0.1856968359118197 0.21199377551653703 0.21473582063616656 0.2579360491532555
1 0.32733228906051953 0.17052136077974972 0.3060173933353207 0.11432754516779915 0.23000607620853816 0.14315942427849312 0.251320971933737 0.1993532398904437
1 0.41480491751021537 0.2103093705316395 0.38468247676212985 0.16874802809443262 0.3213450581823463 0.21465312948014326 0.3514674989304318 0.25621447191735014
1 0.48274132519140817 0.21259100789434013 0.4787416927010069 0.1465971095179845 0.412967496058251 0.1505834267441944 0.41696712854865225 0.21657732512055
1 0.5840042539550951 0.17890523316064413 0.5468758491826824 0.12342121244168998 0.46383450865101994 0.17899022968578568 0.5009629134234327 0.23447425040473985
0 0.1659941640305505 0.515390410764011 0.14506986840322222 0.5017072170428347 0.14174295781249996 0.50679471796875 0.16266725343982824 0.5204779116899263
0 0.1880388051349719 0.34742772519444703 0.18168450703124997 0.32957394374999993 0.17399634333119968 0.33231022032940927 0.18035064143492163 0.35016400177385637
0 0.2536951992688232 0.4858099313655221 0.20478300593706705 0.3803518303163761 0.19824290301072572 0.3833851750813621 0.24715509634248187 0.4888432761305081
0 0.43422535234375 0.7557788734375 0.2694992844228888 0.5103732917278928 0.25478127637432085 0.5202526089650087 0.4195073442951821 0.7656581906746159
0 0.5771499513590406 0.8881758664047446 0.44785039559442846 0.7705686190803861 0.43737300522756895 0.7820876534156685 0.5666725609921812 0.8996949007400271
0 0.488214654787859 0.6491939860879986 0.46658943671875 0.6407309859375 0.463951542868391 0.6474715068807514 0.4855767609375 0.65593450703125
0 0.6248969326039822 0.6875256367214336 0.5583783322156047 0.6733307966411936 0.5567463480094267 0.6809784562581568 0.6232649483978041 0.6951732963383969
0 0.7730197347692391 0.7285305576015804 0.6324623242187501 0.6877049296875001 0.6298275527751345 0.6967761104734116 0.7703849633256235 0.737601738387492
0 0.28758652351144964 0.3269897233639769 0.27876029938015867 0.3098534976326547 0.27247394526469154 0.313091361749393 0.28130016939598257 0.33022758748071523
0 0.29594014062499996 0.34276654921875 0.29058556328125 0.33130950703125 0.28434030897412205 0.33422829677398036 0.28969488631787205 0.34568533896148035
0 0.335658969596055 0.4183441136028133 0.3072433369101446 0.36232786430834535 0.30095950703124996 0.36551549296875 0.32937513971716037 0.42153174226321805
0 0.4793049296875001 0.64411866171875 0.4702436314403286 0.6282033043391413 0.4647841546875 0.6313116195312501 0.4738454529346715 0.6472269769108588
0 0.5337520131716119 0.712898932094935 0.5188484333798675 0.7000082057576406 0.5141331118734928 0.7054598124767026 0.5290366916652373 0.7183505388139971
0 0.61875633828125 0.8235228875000002 0.56483357425984 0.7579809399577068 0.5566145413229985 0.7647429143902106 0.6105373053444085 0.8302848619325041
0 0.35678208056846195 0.33354791639443815 0.29836936640625 0.17776866171875003 0.2874711190189779 0.18185518922735255 0.34588383318118987 0.33763444390304065
0 0.3640439899100371 0.3721461321600003 0.36257668373084523 0.36281119484346025 0.3559073373990619 0.3638595118007104 0.35737464357825377 0.37319444911725047
0 0.5018381825193453 0.7432200426658878 0.3882064075353919 0.40218225777800437 0.37384753515624997 0.40696654921875003 0.4874793101402034 0.7480043341066335
0 0.5229419015625 0.8354404929687499 0.5145972199278624 0.80550922410602 0.5081739437499999 0.8073 0.5165186253846373 0.83723126886273
0 0.3898288734375 0.32777394375 0.38643556328125 0.30416549296875 0.38049427458806173 0.3050194513860393 0.3838875847443117 0.3286279021672893
0 0.4166739889463324 0.4620593845075554 0.4002538734375 0.40543133828125005 0.3925312870187514 0.40767061315427033 0.4089514025275838 0.4642986593805757
0 0.4470585066314034 0.6602580303350756 0.43165285825409655 0.5696055003601147 0.4227177986954188 0.5711239398987498 0.4381234470727257 0.6617764698737106
0 0.4440478875000001 0.6773975351562501 0.4404186706061539 0.6772630615680861 0.43999768508182385 0.6886247556957108 0.44362690197567006 0.6887592292838748
0 0.4724570421874999 0.7942102109375 0.4666864823660948 0.7649915538522916 0.45681432517171894 0.7669412626801246 0.4625848849931241 0.7961599197653331
0 0.49090950703124997 0.9112690140625 0.4692447065223308 0.7978752715538462 0.45867881904347846 0.799893970640452 0.4803436195523976 0.9132877131491058
0 0.4710015856310246 0.3018590062733198 0.4595264085937501 0.229420775 0.45262694067764053 0.23051374226892216 0.46410211771491505 0.30295197354224196
0 0.4823897165622636 0.37795253187179856 0.4755890989199397 0.31502102538432925 0.46710985937499994 0.31593732421875 0.4739104770173238 0.3788688307062193
0 0.49983274609375006 0.46551302812500006 0.4890153052453772 0.42594992334042925 0.48192375308583085 0.42788891287188174 0.49274119393420374 0.4674520176564526
0 0.5076618647086985 0.5394014021119079 0.50125633828125 0.47357112656250006 0.49145525112078675 0.47452480816720416 0.4978607775482352 0.540355083716612
0 0.5301903655954789 0.8107495461136779 0.5232809859375 0.81056760546875 0.5221959023732713 0.8517747491988221 0.5291052820312502 0.85195668984375
0 0.528917121207735 0.8616477087952781 0.5204622884911018 0.861154332784953 0.5188950703125002 0.88801126796875 0.5273499030291334 0.888504643979075
0 0.5346696858107223 0.23200716561854634 0.53270246484375 0.20132676093750002 0.5260844450881148 0.2017511069446166 0.5280516660550871 0.23243151162566292
0 0.5766378950332338 0.3747127217987428 0.53989964765625 0.26454084531250005 0.5268927866896386 0.26887815253671776 0.5636310340666224 0.37905002902296053
0 0.6565678441464952 0.8429165806795416 0.588372598724057 0.4346655323584171 0.5682776544787329 0.43802224059026507 0.636472899901171 0.8462732889113894
0 0.6464513846993213 0.8544382376718426 0.6362087310206531 0.8530017451383175 0.630918986355671 0.8907193255555527 0.6411616400343391 0.8921558180890778
0 0.84539859140625 0.43806161953124995 0.8422916813255753 0.43304418881381357 0.8017057728721115 0.45817592958089526 0.804812682952786 0.46319336029833147
0 0.7800611874260222 0.4777072634031791 0.7760204226562499 0.47211619687499995 0.7353087961158713 0.5015392247383545 0.7393495608856435 0.5071302912665339
0 0.7354476772047973 0.512733251586978 0.7317588031249999 0.5083510562499999 0.7080467130041634 0.5283115801195031 0.711735587083961 0.5326937754564811
0 0.6623192067981786 0.5680088316115764 0.659701631943644 0.5631721055714015 0.6132063688954654 0.5883347528660753 0.61582394375 0.5931714789062502
0 0.6103227787602591 0.5962974604871304 0.6064249032108638 0.5897974031535375 0.58770070390625 0.6010257039062502 0.5915985794556452 0.6075257612398431
0 0.5861927521887285 0.6061238190674587 0.5779299041471639 0.5942956599391824 0.4713739000232575 0.6687329464555049 0.479636748064822 0.6805611055837811
0 0.41458063359375 0.7084056335937501 0.4103507652396843 0.7034048059325861 0.40070780742718437 0.7115611442138361 0.4049376757812501 0.7165619718749999
0 0.39732007031250005 0.7213443664062501 0.3903601368653128 0.7130431224854054 0.27996970299229884 0.8055967301481113 0.2869296364394861 0.813897974068956
1 0.9231840192301192 0.4499101572803509 0.8912928898196302 0.36021636134135504 0.8248213962261055 0.383850671631237 0.8567125256365944 0.4735444675702329