1 0.17094779055721837 0.4645072852322019 0.1050072851505425 0.44846770262224284 0.08651772694552998 0.5244803297854749 0.15245823235220585 0.540519912395434
1 0.21698344206034914 0.327800701145175 0.18330945234079526 0.2755479606978934 0.11771771669752414 0.31781819213135526 0.151391706417078 0.3700709325786369
1 0.2764118899922972 0.22695866691786942 0.24771141067533123 0.17675466271487128 0.18410019712813355 0.21311973653162125 0.21280067644509953 0.2633237407346194
1 0.3314998259247716 0.1857164611668514 0.314151963437865 0.12714726670163568 0.2307072848946902 0.15186310617746884 0.24805514738159684 0.21043230064268456
1 0.4678291187186042 0.21983135509032428 0.45704130308370017 0.1541237578899312 0.3974335022584626 0.16391011430992977 0.40822131789336663 0.22961771151032284
1 0.41340465359726697 0.2140592622317309 0.3513353204749211 0.2001080108734632 0.34363020647500553 0.23438818225916425 0.40569953959735133 0.2483394336174319
1 0.843198513168244 0.1842749828691551 0.7488905490339666 0.1654109431590463 0.7361315729816209 0.22919754848992416 0.8304395371158984 0.24806158820003293
0 0.5006225354129308 0.9356422532816963 0.47782816892053076 0.8102732395186886 0.46640149282925353 0.8123508170220649 0.4891958593216536 0.9377198307850726
0 0.5536329873770256 0.8577436161544337 0.5535458728980658 0.8221949573744565 0.542214788746451 0.8222227249900514 0.5423019032254109 0.8577713837700287
0 0.5530054488430002 0.8669749319482394 0.540410950923911 0.8668582354543239 0.5401858233331435 0.8911551862736644 0.5527803212522328 0.8912718827675798
0 0.6356563999505834 0.8158901967356366 0.5764245295443052 0.7446570986225056 0.566881894416958 0.7525920072839221 0.6261137648232362 0.8238251053970533
0 0.5888368180972636 0.8893403134744391 0.48534193522270036 0.7980662284057146 0.47512141857547885 0.8096551824064615 0.5786163014500421 0.900929267475186
0 0.45028197925377594 0.7948998806121575 0.446126379621876 0.7900369450438317 0.41643397772278623 0.8154104530141548 0.4205895773546862 0.8202733885824806
0 0.5128559666197248 0.7202791884296085 0.5016252998395707 0.7093476434961759 0.3566077213081159 0.8583333643315327 0.36783838808826996 0.8692649092649656
0 0.7972182228405325 0.700571204685984 0.6546862743343 0.6709908045423715 0.6522367771260982 0.6827936066765738 0.7947687256323306 0.7123740068201864
0 0.4410778171875 0.75134753515625 0.4222047278660148 0.7318519955683658 0.4173995008925241 0.73650380207374 0.43627259021400927 0.7559993416616242
0 0.4170436744808696 0.7229480333115158 0.2784353922094077 0.5180320443283991 0.2662730538424565 0.5262588344281521 0.4048813361139184 0.7311748234112689
0 0.26285363559746405 0.4951003496994046 0.21130573774382783 0.3875217635220849 0.20480487067819597 0.3906367517680441 0.2563527685318322 0.4982153379453639
0 0.17932837117564532 0.5233812794649737 0.15551259935997952 0.5113974940928102 0.15269260546875002 0.5170017609374999 0.17650837728441582 0.5289855463096634
0 0.23945917786847631 0.5525344920025791 0.21300563359375016 0.5384183101562501 0.21007038532921282 0.5439189278706247 0.23652392960393898 0.5580351097169537
0 0.3531669015625001 0.59103168984375 0.3435588329474014 0.5867136143185073 0.3407398188849014 0.5929861494747571 0.3503478875 0.597304225
0 0.44232991294207585 0.6232153485233572 0.3890404929687501 0.6068186617187502 0.3869482089040561 0.6136186089004971 0.44023762887738194 0.6300152957051043
0 0.4935088512575495 0.6335542743107005 0.47354401406250013 0.6288785210937501 0.4718330503049507 0.6361841061580497 0.4917978875000001 0.6408598593750001
0 0.4680405499882552 0.6276318402715191 0.4477489437499999 0.6243679578125 0.44667701439680985 0.6310321586908298 0.46696862063506506 0.6342960411498489
0 0.7252975351562502 0.5598968312500002 0.7180984581248846 0.5507088666580245 0.5159871295320193 0.709069840830957 0.5231862065633849 0.7182578054229327
0 0.5006524648437499 0.7203394367187499 0.49133255229315803 0.6957450632683135 0.48443993271104724 0.6983569863522346 0.4937598452616392 0.722951359802671
0 0.5134674286664972 0.7505026830072585 0.5047089448772277 0.7301690330827858 0.496732456860577 0.7336048127509041 0.5054909406498465 0.7539384626753767
0 0.5423398329968434 0.8412496270021231 0.5318591453023533 0.8085819728689106 0.5254987908286065 0.8106225506402364 0.5359794785230966 0.8432902047734488
0 0.46272905835318445 0.736656759733651 0.45722711250000003 0.6986658453125001 0.44994246832830587 0.6997208269680631 0.4554444141814904 0.737711741389214
0 0.45486126796875015 0.6699024648437499 0.441899014753899 0.5888886591725574 0.43207464765625014 0.5904605632812501 0.44503690087110115 0.6714743689524426
0 0.49321798394561267 0.6797901536576719 0.3959932883320045 0.41338865265811775 0.3802753523437499 0.419125 0.4775000479573581 0.6855265009995541
0 0.3064721846309562 0.35145905783702547 0.2974096945545479 0.3336632231832072 0.29081584531250004 0.33702112656249994 0.29987833538890835 0.3548169612163182
0 0.3453223968641192 0.4188367933049049 0.3197895876871425 0.37305716749517 0.31318620488552323 0.3767400921590151 0.33871901406249993 0.4225197179687501
0 0.35555079974135995 0.4381312955146063 0.34875960286635993 0.4281865775458563 0.3432063382812501 0.43197887343749997 0.34999753515625004 0.44192359140625
0 0.3649311128839033 0.3510849630556431 0.30378274609375 0.18957464765625004 0.29095835253839425 0.19443000763152454 0.35210671932854753 0.35594032303091755
0 0.4596695712587039 0.29184000782147657 0.44651239366444384 0.23275540479128654 0.4410660614682399 0.23396821415730998 0.45422323906249995 0.29305281718750004
0 0.5019971828124999 0.4717661968749999 0.4715335647272975 0.3265317585645988 0.4595738168235581 0.3290403728903288 0.4900374349087605 0.47427481120072984
0 0.5143197340402903 0.5420840789852072 0.5057017359652372 0.4781193970396961 0.4964991029962472 0.4793592730275066 0.5051171010713003 0.5433239549730177
0 0.6288343145870283 0.5398345267277767 0.620876833486818 0.5348219474194985 0.5256556000544703 0.6859858729708148 0.5336130811546806 0.6909984522790931
0 0.6757124596627182 0.4376370632463492 0.669583030846352 0.43471431027199736 0.6396675656820765 0.49745129688769973 0.6457969944984427 0.5003740498620515
0 0.7560067524650159 0.2743355354787501 0.7467359000273822 0.27050623591649586 0.6998132404992735 0.3841074429764976 0.7090840929369072 0.38793674253875193
0 0.7868052820312499 0.2314133804687501 0.778499167838873 0.22555019704669932 0.7518457103748732 0.26330897847677265 0.7601518245672502 0.2691721618988234
0 0.4246477454547904 0.4835087997969225 0.4080969636846268 0.4178078220507569 0.4017832563648689 0.4193983127191564 0.4183340381350325 0.48509929046532196
0 0.3970278171875 0.3386669015625 0.39369612656249997 0.32318978906249995 0.38861597815530236 0.3242833704926194 0.3919476687803024 0.3397604829926194
0 0.8369878711959979 0.43795726682216624 0.8320412281915731 0.4332242200593265 0.7598470187143251 0.5086764602684104 0.76479366171875 0.5134095070312501
0 0.8869112675412414 0.39428450751408395 0.8805102109374998 0.3878834507812502 0.8417718304687497 0.42662183046875 0.8481728870724913 0.4330228872015839