1 0.9110407651075068 0.5463572948174474 0.8994834426526926 0.47088657384751514 0.8312435427565041 0.4813365936333166 0.8428008652113184 0.5568073146032488
1 0.887555742061744 0.3295573659534513 0.8195854792507038 0.2957741981962623 0.7914208720824567 0.3524401617007682 0.8593911348934968 0.38622332945795723
1 0.8304604081655343 0.23116349106784764 0.7696602654607572 0.1902802396829837 0.737152889614045 0.23862407300074323 0.7979530323188223 0.27950732438560716
1 0.7874197244134209 0.18271417759299818 0.7135181457317079 0.13629414478000754 0.6803126897213126 0.1891578648445838 0.7542142684030255 0.23557789765757448
1 0.6199766542452764 0.16967900342102624 0.5609537307239931 0.15685835259959807 0.5468128670010518 0.22195919105696107 0.6058357905223352 0.23477984187838924
1 0.6699034390472144 0.24346328927549613 0.6646412157561178 0.20874446049403436 0.6015718412213155 0.21830368651865015 0.6068340645124121 0.2530225153001119
1 0.27682281620952903 0.2186819742817442 0.27116212000122025 0.15481549903047198 0.17519668952468662 0.16332123144000263 0.1808573857329954 0.22718770669127492
0 0.5191387829446985 0.8144689198425914 0.5065365607842564 0.8110611808794633 0.473290740010766 0.9340081623903865 0.4858929621712081 0.9374159013535145
0 0.44098212023990857 0.8195719521961544 0.42967069932737284 0.8189492688339287 0.42771662929440557 0.8544461360642568 0.43902805020694136 0.8550688194264827
0 0.44001161820254725 0.8641361855414855 0.4274452575516426 0.8638492686717948 0.4268906821177566 0.8881385163477894 0.4394570427686613 0.8884254332174801
0 0.4194202377747479 0.7481060687619434 0.40926930434497644 0.7391315774588023 0.34798060897393623 0.8084544444263401 0.35813154240370776 0.817428935729481
0 0.5071429922598607 0.8080822591258918 0.4951848078619797 0.7942651619439017 0.39095781686670406 0.8844697513118012 0.40291600126458516 0.8982868484937916
0 0.5664423599713092 0.8199474282427495 0.5387487636376068 0.7924738327720767 0.5343516146224865 0.7969061929258059 0.5620452109561888 0.8243797883964785
0 0.6280269655949225 0.860835228176106 0.4820803339586683 0.7132417190055547 0.46696035837978284 0.7281929829097877 0.6129069900160371 0.8757864920803392
0 0.3380094504721095 0.671795010451566 0.3360109491242286 0.6602999960038483 0.19261001142582296 0.6852314102774992 0.1946085127737039 0.696726424725217
0 0.5692877140625 0.73961906484375 0.5645034213275696 0.7349217800201511 0.5456869187500001 0.7540868210937501 0.5504712114849305 0.758784105917349
0 0.7339681794477435 0.5402644764722344 0.7204822440973 0.5295420921325944 0.5665621225208646 0.7231330643418513 0.5800480578713081 0.7338554486814914
0 0.8005607860621942 0.40627919383378386 0.7942985681751773 0.4028340341304678 0.7368031125998042 0.5073427075541505 0.7430653304868212 0.5107878672574665
0 0.8459416187500001 0.5351551250000002 0.8434372158822153 0.5294132279256275 0.818998392532221 0.5400725376433481 0.8215027954000058 0.5458144347177207
0 0.7872342040655399 0.5589136973772083 0.7844857593039027 0.5531670096807326 0.7573936770017206 0.5661242287986158 0.7601421217633578 0.5718709164950915
0 0.6541549265625 0.6011409625 0.6516336663402746 0.594743039080142 0.6418332499340246 0.5986051359551421 0.6443545101562499 0.6050030593750001
0 0.6069124954824039 0.6194709295450129 0.6052169843749999 0.6124794421875 0.551088254517596 0.625606243111237 0.552783765625 0.6325977304687501
0 0.5210837502858622 0.6369139516629387 0.5195731345358117 0.6295941168824472 0.4993082209686993 0.6337762464695085 0.5008188367187499 0.6410960812500001
0 0.5465163028983271 0.6331184566984024 0.5456065993799359 0.6264644941051764 0.5250635617028763 0.6292730571819042 0.5259732652212674 0.6359270197751302
0 0.4723420050452723 0.7089028847149026 0.28014813528717825 0.5386840552414605 0.2718764695312501 0.5480235828125002 0.46407033928934416 0.7182424122859424
0 0.5044701101562501 0.6985969632812502 0.49755300715475653 0.6958129370250983 0.48781675390625007 0.720003321875 0.49473385690774363 0.722787348131152
0 0.4891943443222134 0.7316701154810483 0.48135519437254376 0.72905146589033 0.4741137430460823 0.7507293654468694 0.4819528929957519 0.7533480150375877
0 0.4583268540389792 0.8088823148979604 0.4520457301077833 0.8064728806537769 0.43975532192711464 0.8385125916913886 0.4460364458583105 0.8409220259355721
0 0.53955636982563 0.7020910270270099 0.5323169015625001 0.700632140625 0.5247340457587857 0.7382607345026726 0.5319735140219157 0.7397196209046824
0 0.5630979226562501 0.5938915281250001 0.5535763769726321 0.5914788916540792 0.5333474388816385 0.6713130318098692 0.5428689845652566 0.6737256682807902
0 0.62379323984375 0.4255017406250001 0.609999799733851 0.41937050675048704 0.4947961192651009 0.678544288000487 0.5085895593749999 0.6846755218750001
0 0.7174271304687501 0.34819233593750015 0.7114424574580362 0.34427443734419627 0.7004742050504655 0.36102867500376046 0.7064588780611792 0.36494657359706434
0 0.6927825342019972 0.38650287239914227 0.6863886366837189 0.3825332035003589 0.6587210634192217 0.4270970279762166 0.6651149609375 0.43106669687500004
0 0.6621766780045688 0.44703775235209686 0.66013873203125 0.440278040625 0.64915709921875 0.44358882890625007 0.6511950451920689 0.45034854063334695
0 0.724715428312503 0.20594915148119095 0.71219475234375 0.2002692921875001 0.6408581995480503 0.3575235155931643 0.6533788755168034 0.36320337488685517
0 0.5725152114843386 0.23732158971403447 0.5672453986272656 0.23588073750371957 0.551274991049177 0.29429134935218515 0.5565448039062499 0.2957322015625
0 0.546186135292308 0.33050678066511735 0.5324082518325661 0.3273638642508484 0.49948319765625 0.4717003656250001 0.5132610811159919 0.474843282039269
0 0.5047197217403063 0.4797557246000735 0.49579174174811735 0.4779063217232065 0.48270954945391276 0.5410605173382215 0.4916375294461018 0.5429099202150884
0 0.46434136054087805 0.6845766389649532 0.3774726964552723 0.5284571250471849 0.36932315199172894 0.5329917282027338 0.4561918160773347 0.6891112421205021
0 0.3596205199026524 0.4905886097575472 0.3340777647394054 0.4259497443293614 0.32783517467012874 0.4284165721220182 0.35337792983337574 0.493055437550204
0 0.30657345335759373 0.373649327000337 0.2624330724275561 0.2588931420739564 0.254281637991632 0.26202854973288775 0.29842201892166964 0.3767847346592683
0 0.25552517812500003 0.25383154296875 0.23717806041937672 0.21253563619154656 0.22764451250000003 0.21677124062500003 0.2459916302056234 0.2580671474022035
0 0.6023461017893678 0.42470686804523455 0.5962035088164505 0.42275577456116675 0.5756907968019356 0.4873355815795069 0.581833389774853 0.4892866750635746
0 0.6204279439842273 0.3303556176876289 0.6154117187499999 0.3289956164062501 0.6112689932000704 0.3442756346875313 0.6162852184342978 0.34563563596891017
0 0.2401262562644857 0.49494234970539724 0.17147905241144917 0.41630172562105994 0.16622022583446347 0.42089227591566275 0.23486742968750002 0.49953290000000006
0 0.16253687187500004 0.40883543750000007 0.1258789921875 0.36812273671875007 0.11915170226967357 0.37418001564395925 0.1558095819571736 0.41489271642520925