1 0.17085149369882477 0.4582673119212024 0.10347775079143154 0.4431194318522289 0.08673186058930263 0.5176006989401934 0.15410560349669586 0.532748579009167
1 0.22003183956037878 0.3228876076172318 0.18727491401705318 0.2700551331978933 0.12095545080851067 0.3111741938186915 0.1537123763518362 0.36400666823802996
1 0.28121117208548174 0.22309810159490517 0.25339124455541423 0.1724008511760363 0.18915506089993941 0.20765021794323876 0.21697498843000687 0.25834746836210765
1 0.33701049315909276 0.18282359485173055 0.32068744658042875 0.1239605587087125 0.2368241264695619 0.14721632276894708 0.25314717304822587 0.2060793589119651
1 0.4727236353678667 0.21931256753943532 0.4630842190846393 0.15342670384060858 0.40331470092723054 0.16217126958237088 0.41295411721045794 0.2280571332811976
1 0.41840819681974517 0.2125915158322007 0.3565918000401648 0.19755912876477738 0.3482895872733084 0.231699606670424 0.4101059840528888 0.24673199373784732
1 0.8486564030917387 0.1903127075079348 0.7546920241326678 0.16980564287715588 0.7408217637960787 0.23335985807049467 0.8347861427551496 0.2538669227012736
0 0.49301943457194336 0.935586768010362 0.4724165313475785 0.8098390314182075 0.4609553370127217 0.8117168694144695 0.4815582402370865 0.9374646060066241
0 0.5477565893214842 0.823019041779531 0.536425318264863 0.8229092655280601 0.536080427015733 0.8585094629895659 0.5474116980723542 0.8586192392410368
0 0.5465927799960546 0.8678441121085447 0.5340022363050411 0.8675076293581847 0.5333531032797633 0.8917969508978446 0.5459436469707768 0.8921334336482045
0 0.6301226947248388 0.8182096163095025 0.5721430348212581 0.7459536282183061 0.5624633695622487 0.753720786546963 0.6204430294658294 0.8259767746381594
0 0.5820283623516901 0.8908314311538703 0.48014219506916767 0.7977650131552401 0.4697209799979106 0.8091738294057255 0.571607147280433 0.9022402474043559
0 0.4451428382684421 0.7939872665979333 0.4410727417645951 0.7890525470008452 0.4109420343761732 0.8139039867609517 0.4150121308800202 0.8188387063580397
0 0.5090096067358795 0.7204700070342205 0.4979714318578166 0.7093441244464969 0.3503757806829889 0.8557762475669559 0.36141395556105177 0.8669021301546795
0 0.7936725048671974 0.7057278303731207 0.6516785137923161 0.6736644086976649 0.6490234022861426 0.685422663425638 0.791017393361024 0.7174860851010937
0 0.43670017187499993 0.75028091953125 0.4181702006229104 0.7304589688528105 0.413284520426365 0.7350262041899138 0.43181449167845454 0.7548481548683533
0 0.4131653289930245 0.7214662899097133 0.2781544350629423 0.5141624620235037 0.26585037147097523 0.5221757372315037 0.4008612654010575 0.7294795651177133
0 0.26297526498310886 0.49096232135490975 0.21331272252319314 0.38250048510960616 0.20675848183067394 0.3855015430665134 0.25642102429058966 0.493963379311817
0 0.17896915100966498 0.5177812267735413 0.1553661530060156 0.505383624044949 0.15244878046874993 0.510937821875 0.17605177847239928 0.5233354246035924
0 0.23858200655851639 0.5479794264918063 0.21237885234374998 0.53340371640625 0.20934805212288993 0.5388522691776201 0.23555120633765628 0.5534279792631764
0 0.3516005429687501 0.5884552343750001 0.342069298457537 0.583970132692256 0.339141242988787 0.590192513942256 0.34867248750000013 0.5946776156250001
0 0.440188292319025 0.622190100420782 0.38719315000000015 0.6048658820312502 0.38498250894070396 0.6116282787477723 0.4379776512597289 0.6289524971373043
0 0.4911789961501847 0.6334206468918763 0.4712988031250001 0.6283971718750001 0.46946059994356554 0.6356717843581239 0.4893407929687501 0.640695259375
0 0.4658179346733971 0.6270546321123149 0.4455863820312501 0.623437109375 0.4443983095836518 0.6300815873815467 0.4646298622257987 0.6336991101188616
0 0.72421787734375 0.5638196929687501 0.7171802488390752 0.5545074864839614 0.5123359224288445 0.7093170123380539 0.5193735509335193 0.7186292188228425
0 0.49680691171875 0.7203172648437499 0.4879176502952795 0.6955639826670661 0.4809804961656998 0.6980552149873936 0.4898697575891703 0.7228084971640775
0 0.5090935028079737 0.750699569722471 0.5006912242396264 0.7302161592423703 0.49265598829527735 0.733512206589193 0.5010582668636248 0.7539956170692937
0 0.5363777571498343 0.8419365854789914 0.5264687950784575 0.8090909934214026 0.5200737962044937 0.8110202569030138 0.5299827582758704 0.8438658489606027
0 0.4586045050939214 0.7359702484240251 0.45376642968749986 0.69788909765625 0.44646448283086404 0.6988167841571522 0.45130255823728566 0.7368979349249274
0 0.45190293593749997 0.6690888085937499 0.440356542817631 0.5878611191186986 0.43050623828124995 0.5892613250000001 0.44205263140111895 0.6704890144750513
0 0.49008125009364323 0.6796444067750729 0.39752070265590556 0.41158667692677353 0.38170505 0.41704783437500004 0.4742655974377376 0.6851055642232994
0 0.30909405682734553 0.34810415529388494 0.3003435266608306 0.33015286877591854 0.29369207890625004 0.33339518203125 0.302442609072765 0.35134646854921636
0 0.3467624481325312 0.4161496583088775 0.322032490784112 0.36993139693762916 0.3153658379640808 0.3734985159725016 0.3400957953125 0.41971677734375
0 0.3566525579731008 0.4356197320143654 0.3500359540668508 0.4255580062331153 0.3444173507812499 0.42925280703125007 0.3510339546875 0.43931453281250016
0 0.36755061078671647 0.34875036630041856 0.30923029999999996 0.1861974640625 0.2963231222915693 0.1908282679729297 0.35464343307828583 0.35338117021084825
0 0.46330860629371245 0.291167848918169 0.45118460124056303 0.2318626199630927 0.44571793244685054 0.2329801929199237 0.4578419374999999 0.292285421875
0 0.5024896265625001 0.47180535234375 0.4745653388908382 0.3260613707303692 0.4625636308974439 0.3283608766368831 0.49048791856910584 0.4741048582502638
0 0.5135830850868414 0.5423275832600197 0.5060827366314008 0.47822223884912046 0.4968598663916346 0.47930131799912334 0.5043602148470752 0.5434066624100227
0 0.6281194840663129 0.5420769289401962 0.6202506966838296 0.5369262359872078 0.522405791788505 0.6864052983401526 0.5302745791709883 0.6915559912931408
0 0.6767740810773264 0.44071316694199164 0.6706965946082762 0.43768388569450956 0.6396907744571958 0.4998892199092263 0.6457682609262461 0.5029185011567083
0 0.7599061493171064 0.2788378395647454 0.7507035392158181 0.2748473244886704 0.7018054120377573 0.3876123161061199 0.7110080221390456 0.3916028311821949
0 0.7914490828125 0.2364597296875001 0.7832465606400836 0.23045247798513024 0.7559381816651106 0.26774034190909435 0.7641407038375272 0.27374759361146417
0 0.4249470329958419 0.4821962336150921 0.40954541212939005 0.4162164110097767 0.4032049083142355 0.41769647009461935 0.4186065291806874 0.4836762926999348
0 0.39985915078125 0.3368943609375001 0.39679808046875 0.32136145937500005 0.3916996207729648 0.32236621328729703 0.39476069108546474 0.33789911484979707
0 0.8380193413166321 0.44384796526307346 0.8331560551328467 0.4390293089198691 0.7596560177224646 0.5132100952192958 0.76451930390625 0.5180287515625002
0 0.8884881803644948 0.4014893394464794 0.8824089609374998 0.39454134531250007 0.8412284962079715 0.43057261942830644 0.8473077156349664 0.4375206135622857