1 0.3922732390625 0.21457042265625006 0.36781521889472085 0.214182020828077 0.36745200387986954 0.23705400420739994 0.3919100240476487 0.237442406035573
1 0.1726303068887694 0.46479130238058763 0.11017785410596444 0.44208132069565337 0.08269764588425396 0.5176518971160889 0.14515009866705894 0.5403618788010232
1 0.24721400808408886 0.3520683838299924 0.2078936979263001 0.31103849389772015 0.15172901671645844 0.3648629786509018 0.1910493268742472 0.40589286858317397
1 0.28440881381348543 0.23632805380057756 0.2527096050028598 0.18481684076541605 0.19469564177496052 0.22051774210194325 0.22639485058558612 0.2720289551371048
1 0.33002489632294524 0.19510001923083778 0.29523799136360473 0.14518837356844524 0.24111078730048302 0.1829133950232555 0.2758976922598235 0.23282504068564802
1 0.40092216024161587 0.17412089328770372 0.3857791564879611 0.11673687757419549 0.3000849006032763 0.13935063895693137 0.31522790435693115 0.1967346546704396
1 0.45950704218749994 0.17359154921875006 0.4204089599931554 0.1603302115141469 0.39732438613239757 0.22838990400776593 0.43642246832674214 0.24165124171236912
0 0.3868797996794693 0.23290606633678107 0.3638422539062501 0.1830690140625 0.35806793552215943 0.18573823541512963 0.38110548129537863 0.23557528768941066
0 0.3207690140625 0.23659542265624997 0.30629190156249997 0.20712429609375 0.29832396053607446 0.21103839073781788 0.3128010730360745 0.24050951730031792
0 0.4016189529700352 0.34787701279652444 0.323811971875 0.24207816875 0.31657701698501406 0.24739892630100901 0.39438399808004926 0.35319777034753347
0 0.2349707405580006 0.3879102747273912 0.2238961265625 0.3737267609375 0.21855866646733785 0.3778942973566092 0.22963328046283843 0.3920778111465004
0 0.17459466262246265 0.5231671468934322 0.1539292425705781 0.510737933010244 0.15067394375000004 0.5161503523437501 0.17133936380188458 0.5285795662269382
0 0.275336971875 0.5760366195312501 0.20876056328125 0.5421239437500001 0.20491432367059498 0.549674772871246 0.271490732264345 0.583587448652496
0 0.46857059217133895 0.6546537451851114 0.33982769041461236 0.6050454402613085 0.33588269812728044 0.6152834388234265 0.46462559988400703 0.6648917437472296
0 0.5065670804206749 0.6755403483291185 0.48530562763537527 0.6578224718085146 0.4808486028218222 0.663170901826416 0.5021100556071219 0.6808887783470198
0 0.52636866171875 0.679216196875 0.5168573945312499 0.6775830984375 0.5153788020374357 0.6861945133694911 0.5248900692249359 0.687827611806991
0 0.7041105632812501 0.7305584507812501 0.6911137320312501 0.7266288734375002 0.6893534046130383 0.7324510462560698 0.7023502358630382 0.7363806235998197
0 0.7150439671395582 0.7343500603651252 0.703136553897522 0.7304731826054413 0.7012390843750002 0.73630105625 0.7131464976170363 0.7401779340096839
0 0.5537674188466559 0.8599224486230479 0.5415806335937501 0.85833274609375 0.534305377344821 0.9141054355947942 0.5464921625977268 0.9156951381240921
0 0.5507658977048762 0.8174662434440101 0.5499512320835117 0.7433537692362528 0.5396250971960916 0.7434672770793559 0.5404397628174562 0.8175797512871131
0 0.33574787310612286 0.5179435928464333 0.25733032418893714 0.41712109213414816 0.2510939804052393 0.4219715847351805 0.329511529322425 0.5227940854474655
0 0.5335484349996344 0.708532724166304 0.3639327460937499 0.54496831015625 0.3541212235339285 0.555142822554145 0.523736912439813 0.7187072365641991
0 0.5635397890625001 0.7314376757812502 0.5407790989664121 0.7147113415721543 0.5362001257503273 0.7209422699409608 0.5589608158464154 0.7376686041500566
0 0.6050298504312753 0.759865018891489 0.5847610429327186 0.7473534894633561 0.5806080356371661 0.7540814043755313 0.6008768431357228 0.7665929338036642
0 0.6502665823737936 0.792382399982811 0.6101570421875 0.76388345078125 0.6054614030461085 0.7704921129291041 0.6455709432324023 0.7989910621306652
0 0.712427517972222 0.8225630845424607 0.6633106586986509 0.800403245899143 0.6598087672901227 0.8081651213474494 0.7089256265636938 0.8303249599907673
0 0.6246062682091376 0.8363939756687268 0.5415308552995098 0.7264343068667125 0.5321850404771664 0.733495145024938 0.6152604533867941 0.8434548138269523
0 0.35992799215273136 0.4545876218394243 0.35122602314808843 0.43917375115934354 0.34570281718750007 0.4422919015625002 0.354404786192143 0.45770577224258097
0 0.3502471848034065 0.4345904841940909 0.3038097203125824 0.3403099371820587 0.29669964765625 0.34381197187499996 0.3431371121470741 0.43809251888703216
0 0.6486403164525139 0.8275897499156176 0.5865145245620907 0.7165458886696197 0.578382586173494 0.7210954703063435 0.6405083780639171 0.8321393315523414
0 0.6556781863866135 0.860917853585691 0.6356683610683133 0.8184739395763874 0.6287857434316139 0.8217186916181719 0.6487955687499141 0.8641626056274754
0 0.7494230044043346 0.8317482652048543 0.7085012569608382 0.7680194925587092 0.7026171257752276 0.7717978319226091 0.743538873218724 0.8355266045687543
0 0.580985868828165 0.7041996836348788 0.5553569065820663 0.6409005216563425 0.5469457233814653 0.6443060943362197 0.5725746856275642 0.7076052563147559
0 0.5555240944906844 0.6327258509821518 0.46231088561169614 0.37172918126246896 0.451458803125 0.37560492968750003 0.5446720120039882 0.6366015994071829
0 0.5322400217636071 0.40923942138758623 0.490918763062146 0.3118730422749391 0.4843994245630617 0.3146397803947925 0.5257206832645229 0.4120061595074397
0 0.56667394375 0.49400704218750013 0.5583376689511866 0.47362970881642596 0.5513757039062501 0.4764778171875001 0.5597119787050634 0.4968551505585742
0 0.7014856659907345 0.7467351373395712 0.5700362807637868 0.4986663527013254 0.5586425426160512 0.5047037905721996 0.6900919278429989 0.7527725752104454
0 0.6789045773437501 0.79143943671875 0.6621237098184952 0.7538822168647252 0.6558387204780021 0.7566904005889301 0.6726195880032568 0.7942476204429548
0 0.6212315115521732 0.6925030885063521 0.6139024648437501 0.6826609156250001 0.6096094251334213 0.6858577593441071 0.6169384718418444 0.6956999322254591
0 0.6138092744857249 0.6796467044999199 0.5574549574687591 0.5801972238995166 0.5508137633125159 0.5839605413003983 0.6071680803294814 0.6834100219008017
0 0.43368873203125 0.33320528203125005 0.41256543246385047 0.2964916814225078 0.40642116947365964 0.3000268047994229 0.4275444690410592 0.33674040540816513
0 0.41027591567053145 0.29201254493448875 0.3895024656524818 0.2407289068344259 0.3839431318705116 0.24298082473128185 0.40471658188856124 0.2942644628313447