1 0.67602511273856 0.2434950176161869 0.6561611928556752 0.22827009448730484 0.6425953406510498 0.2459694286024663 0.6624592605339347 0.2611943517313483
1 0.908632289389811 0.5831885070699676 0.898600364985821 0.5068283619175202 0.8302403731782928 0.5158092546162099 0.8402722975822827 0.5921693997686572
1 0.8651240802624889 0.4209299221124896 0.8179888490117637 0.35905777270020744 0.7727674671692224 0.3935081726115188 0.8199026984199473 0.45538032202380097
1 0.8453472219301237 0.2702792129915026 0.7921994782616617 0.22745194138465602 0.7540136139807844 0.27483979614200404 0.8071613576492463 0.3176670677488506
1 0.8041023659116877 0.22947575035922435 0.7586184683584655 0.1819158544424632 0.7147123763849403 0.22390543727883708 0.7601962739381627 0.27146533319559824
1 0.7538363393319478 0.17405769899110166 0.6723228803186904 0.13944825409522982 0.6489181999984249 0.19457183252141572 0.7304316590116825 0.22918127741728758
1 0.6459980166163224 0.2415091345621339 0.6222819966007265 0.17311662440357545 0.5810186248954831 0.1874252518688311 0.604734644911079 0.2558177620273895
0 0.6893281494322075 0.21183926720632956 0.6840603476562499 0.2082707242187501 0.6532856445025192 0.2536996391826556 0.6585534462784769 0.25726818217023506
0 0.7442540781250001 0.24634743515624996 0.7371390843750001 0.24103270468749988 0.7174966940035009 0.2673285790596851 0.7246116877535009 0.2726433095284352
0 0.7206913833839268 0.2792214762952667 0.714366725 0.27281549453125 0.6209155744285731 0.36508029089223315 0.6272402328125 0.3714862726562499
0 0.7968973323192887 0.4237707073844453 0.79245806328125 0.4184735554687502 0.7789288442432112 0.429811694178055 0.78336811328125 0.43510884609375006
0 0.8424988007812498 0.5705981492187501 0.8404018074623275 0.5647041313485234 0.8176610863685776 0.5727949008797734 0.8197580796875 0.57868891875
0 0.7835458734820827 0.5964415221196607 0.7810641593749998 0.58716521328125 0.7089864372448909 0.6064483465762533 0.7114681513519738 0.615724655414664
0 0.6441460104227981 0.6403843351318044 0.6418720118267265 0.6289556340891373 0.5065838319995606 0.6558742777603226 0.5088578305956322 0.6673029788029896
0 0.49363718332693535 0.6651627031909294 0.49115268306810334 0.6596361382434656 0.46601917474116783 0.6709350569275361 0.4685036749999999 0.6764616218749999
0 0.45557003125 0.672759678125 0.4459236338476142 0.6726346178278677 0.4458095735438481 0.6814325420547807 0.4554559709462339 0.681557602351913
0 0.2767045696454327 0.6998574009593247 0.275750366630528 0.6937082371452268 0.26233508828125 0.6957899671875001 0.26328929129615475 0.701939131001598
0 0.2642728734375 0.7019110695312502 0.2633668466587021 0.6958927015418003 0.2509833130649521 0.6977569632605503 0.25188933984375 0.70377533125
0 0.40287570156250013 0.8474164312499999 0.3912154615826548 0.8468539379613418 0.3885047404889049 0.9030460012425918 0.4001649804687502 0.9036084945312499
0 0.4212579921875002 0.7340134828125 0.410798208083743 0.7325362029140499 0.4004535611125304 0.8057808020330028 0.4109133452162876 0.8072580819314531
0 0.7576130518838844 0.46137281133495645 0.7520522783757915 0.45551381899993465 0.659403804982159 0.5434465464986549 0.6649645784902519 0.5493055388336766
0 0.6340055476305337 0.5746244221387228 0.6233291309409367 0.5602928370431578 0.4343314961244558 0.7010879751380692 0.44500791281405283 0.7154195602336342
0 0.4284874328125 0.71024474140625 0.42343481640028424 0.7030089569259385 0.4010376625 0.71864848125 0.40609027891221583 0.7258842657303116
0 0.38038412476050565 0.738504490963442 0.37760604025821876 0.7310733623960519 0.3555557139352131 0.7393167495576101 0.3583337984375 0.7467478781250001
0 0.35352442550094304 0.7513327992515919 0.34991870703125 0.7434022500000002 0.3053667114876709 0.7636583442624397 0.30897242995736396 0.7715888935140316
0 0.2938328365652464 0.7788955423089037 0.2914560202281339 0.7705859152202055 0.23971177894528156 0.7853864058703632 0.24208859528239407 0.7936960329590613
0 0.42961456062265746 0.7233140233026708 0.4200637726929859 0.7141112874734452 0.3245564811253886 0.813230712873293 0.3341072690550602 0.8224334487025186
0 0.6614250640624999 0.46713978125000005 0.6570465563735055 0.4631404700985843 0.6450804751235055 0.4762411208798342 0.6494589828124998 0.48024043203125
0 0.7254436774476484 0.37769369023478516 0.7193582771195304 0.37325019918306274 0.6573247292560358 0.4582056920891439 0.6634101295841538 0.46264918314086634
0 0.3880344647603901 0.7061816544715043 0.3806989225339805 0.7003618590701393 0.3016287686801149 0.8000255778853547 0.3089643109065245 0.8058453732867198
0 0.3186847075769642 0.7950303258305138 0.3109032270900701 0.7911305748575639 0.2898854589982968 0.8330689841094976 0.29766693948519085 0.8369687350824474
0 0.2573761613825395 0.7367740628725755 0.2521437853276581 0.732102260304286 0.20170304779300294 0.7885954240048054 0.20693542384788438 0.793267226573095
0 0.4312681304094216 0.635368299169636 0.4235247817443516 0.6303877063270982 0.38651453231500377 0.6879276969613508 0.39425788098007375 0.6929082898038887
0 0.56740325078125 0.3847299554687501 0.5576391182211304 0.37926897253082054 0.4223139953899537 0.62122769187797 0.4320781279500732 0.6266886748158996
0 0.5436726757675946 0.318857409238389 0.5379474924448514 0.3153563152217363 0.48277221940747345 0.40558198511774474 0.48849740273021663 0.4090830791343974
0 0.45293649609375003 0.4687304835937501 0.447023396411249 0.46450257313135673 0.43392504462427606 0.4828217547890007 0.43983814430677715 0.487049665251394
0 0.441466185100564 0.49558696600700997 0.4311027653772421 0.4877755846807208 0.26213028667270943 0.7119526726192783 0.2724937063960313 0.7197640539455674
0 0.30539979770474684 0.7288049334827713 0.299443200919269 0.7250824752197942 0.27770686250000004 0.75986449140625 0.2836634592854779 0.7635869496692271
0 0.3625644541902595 0.6666113234880349 0.3589254007812501 0.66259378515625 0.34997533721599067 0.6707006796369651 0.35361439062500005 0.6747182179687501
0 0.43667053454973076 0.5750119625687358 0.43074329682386836 0.5702279767555151 0.35896907633663755 0.6591544251242794 0.3648963140625 0.6639384109375002
0 0.62203704921875 0.31577764765625016 0.6162911342071957 0.3116059766463525 0.59158730859375 0.34563216953125014 0.5973332236053043 0.3498038405411478
0 0.6547708099219387 0.2644096032642262 0.6500442837676498 0.26139754434961987 0.6203666613457111 0.3079677020228938 0.6250931875 0.3109797609375001