1 0.42269889296874996 0.20487352265625 0.3984154551568819 0.20193068950046963 0.39566345682269316 0.2246394116294741 0.4199468946345612 0.22758224478525446
1 0.17614362390753294 0.4292816942447999 0.11019007740235083 0.4048201576104035 0.08371191873557937 0.47621094941147624 0.14966546524076146 0.5006724860458726
1 0.26406186121840675 0.32645543842653063 0.22924574349567176 0.28154022197788253 0.16776254664181645 0.3291990420590746 0.20257866436455144 0.3741142585077227
1 0.3131510684667532 0.21523706118083702 0.2870098991904352 0.16069456193277176 0.2255819814721179 0.1901357796529742 0.2517231507484359 0.24467827890103946
1 0.3614077292879487 0.1802214433812043 0.3344347375260385 0.12571805435730937 0.2752563516121964 0.1550046389958794 0.3022293433741067 0.20950802801977436
1 0.4355285611006045 0.16554963897341152 0.426466775674042 0.10689710366001604 0.3388781802558521 0.12042949494118826 0.3479399656824147 0.17908203025458375
1 0.4938478406250001 0.17114698203125012 0.45635012908063494 0.1538714287209419 0.42627783946053627 0.21914528834199437 0.4637755510049014 0.2364208416523026
0 0.41541840231927685 0.22254495391099643 0.39771644921875 0.17057283515625005 0.39169475376851104 0.1726238535291743 0.4093967068690379 0.22459597228392073
0 0.3492841359375 0.21930364062500005 0.33796690234375004 0.18848068984375002 0.32963347621701533 0.19154046600800637 0.3409507098107653 0.2223634167892564
0 0.41805907652041013 0.3384267386203044 0.35173732109374994 0.22507442734375002 0.34398582891506047 0.2296097787863196 0.4103075843417206 0.342962090062874
0 0.24813916578065748 0.36082121249426696 0.23860780000000004 0.34555778515625 0.23286395299153115 0.34914457504383273 0.24239531877218864 0.3644080023818496
0 0.1739556406604183 0.48902611486468983 0.1547026347069555 0.4745048654058481 0.15089941718750002 0.47954736328125 0.17015242314096282 0.4940686127400917
0 0.2686197085937502 0.5521364015625002 0.20595285234375008 0.5114503734375001 0.20133840635419786 0.518557796718343 0.264005262604198 0.5592438248433431
0 0.4525770477139563 0.6505212682110516 0.32972489272409067 0.5877274251601097 0.324731349417663 0.5974969746322161 0.4475835044075286 0.660290817683158
0 0.4886702788176761 0.6727480919767486 0.46608017924638234 0.6576221598508167 0.46216138558495634 0.6634747538115684 0.48475148515625 0.6786006859375002
0 0.5074910179687501 0.6809907078125 0.49820255937500013 0.6783723570312501 0.49583192852876634 0.6867820424767568 0.5051203871225163 0.6894003932580068
0 0.6788925039062501 0.750630790625 0.6663776234375001 0.7453642015625002 0.6640183566370195 0.7509704756901211 0.6765332371057695 0.7562370647526211
0 0.6893696821505072 0.7555444816114599 0.677932742474997 0.7504441783991681 0.6754364890625 0.7560417867187501 0.6868734287380102 0.7611420899310419
0 0.515850734520522 0.8635709817166723 0.5038968789062501 0.8607161218750001 0.4908316440235684 0.9154228115255286 0.5027854996378404 0.918277671367201
0 0.5242401988732083 0.7472419770700671 0.5139587668491735 0.746275488073847 0.5070221064303488 0.8200671223799528 0.5173035384543836 0.821033611376173
0 0.33477204707654323 0.5006762737690229 0.2673228994052585 0.39220922286323406 0.2606137047272281 0.39638126827992864 0.32806285239851285 0.5048483191857175
0 0.5115670478251834 0.7108971264376103 0.3599776687499999 0.53049906796875 0.3491563684125963 0.5395922600621463 0.5007457474877797 0.7199903185310066
0 0.53899988671875 0.73681155234375 0.5181122604662506 0.7177977067915715 0.5129070619597376 0.7235158683636611 0.533794688212237 0.7425297139158396
0 0.5772911947888636 0.7694200602978055 0.558441232897789 0.7548584029355524 0.5536077178604362 0.7611153537748312 0.5724576797515107 0.7756770111370841
0 0.6188811224081533 0.806487834108063 0.58197025859375 0.7739524156250002 0.5766095492078545 0.7800340467616762 0.6135204130222579 0.8125694652447392
0 0.6775467942331087 0.8430007718918325 0.6310153360026443 0.8158282178807965 0.6267212913458671 0.8231815259101201 0.6732527495763315 0.850354079921156
0 0.5887609164469787 0.8475760761668173 0.5176345150741843 0.7295350325050263 0.5076018393637286 0.735580286742777 0.5787282407365228 0.8536213304045679
0 0.3654422075988878 0.44019488348993663 0.35839909679625687 0.4239558485543631 0.3525802125 0.42647958515625 0.35962332330263086 0.44271862009182356
0 0.35790470170320804 0.41929537294100216 0.3215766290150649 0.3206772671467478 0.31413944296874996 0.32341691250000004 0.3504675156568931 0.42203501829425444
0 0.6135835957711588 0.841332322888323 0.5634053803118698 0.724402858103835 0.5548424287878655 0.7280774975741419 0.6050206442471544 0.84500696235863
0 0.6170991759088073 0.8752135096328036 0.6016355646910407 0.8309105112928938 0.5944514823734597 0.8334180584133655 0.6099150935912262 0.8777210567532752
0 0.7133795028385503 0.8560027164839046 0.6793433994894091 0.7883455695286805 0.6730965579385252 0.7914881517125304 0.7071326612876664 0.8591452986677544
0 0.5591975402704901 0.7115463848430468 0.5403255411237418 0.6459150263338602 0.5316044556681108 0.6484227348594174 0.5504764548148592 0.7140540933686039
0 0.5413462982743156 0.6378026134015181 0.47592530221594076 0.3684922769523219 0.4647275421875001 0.3712124421875001 0.5301485382458748 0.6405227786366963
0 0.541550470896417 0.4131066170649415 0.5106331326809661 0.311954373610134 0.5038603054926869 0.314024498618764 0.5347776437081377 0.4151767420735715
0 0.56693513125 0.501009196875 0.5607745351451001 0.479872115088114 0.553553 0.48197689765625 0.5597135961048998 0.503113979443136
0 0.6745910619689275 0.7664444838503707 0.5697920194596054 0.5059944434371699 0.5578296126325913 0.510807837896964 0.6626286551419132 0.7712578783101648
0 0.647460803125 0.8085435218750001 0.6346976607780033 0.769437965587523 0.6281535658776518 0.7715738056745797 0.6409167082246483 0.8106793619620568
0 0.6004453403745534 0.7041206799790386 0.59418523046875 0.6935663296875001 0.5895815475092895 0.6962969157019516 0.5958416574150929 0.70685126599349
0 0.5944076223774003 0.6905588889788997 0.5487573206034064 0.5857635734230642 0.541759133830294 0.5888120812343999 0.5874094356042876 0.6936073967902354
0 0.45148678750000004 0.32718758593749997 0.43431681986069914 0.28846712034157485 0.42783669515220185 0.291340627408991 0.44500666279150264 0.3300610930049161
0 0.43250804240172575 0.283773201458066 0.41720899194255967 0.23059908372383364 0.41144472286584133 0.23225755681605667 0.4267437733250074 0.28543167455028906