1 0.17504815815591224 0.44186820828542095 0.11032438797518421 0.4177411297988326 0.08367817107157434 0.48922278971110744 0.14840194125230238 0.5133498681976958
1 0.2607765110321095 0.33655987760083794 0.22192300856059427 0.2903805404599156 0.1627194396527349 0.34019212618849537 0.20157294212425017 0.3863714633294177
1 0.3098595747277727 0.18610927380820952 0.23818556490800424 0.17633698771207756 0.22964925726513935 0.23894581760106667 0.3013232670849078 0.24871810369719866
1 0.4454953020636556 0.22716660130405888 0.4126421198460538 0.1889914047500219 0.34748139701983083 0.24506805382268187 0.38033457923743264 0.2832432503767188
1 0.4953726483791502 0.19585952338024448 0.49352081239932694 0.17582146527770565 0.43388157923344844 0.18133308108501023 0.4357334152132717 0.20137113918754906
1 0.5333528172695935 0.13756261058845617 0.5302296801492379 0.07886674486194038 0.4499531843841063 0.08313816160846775 0.453076321504462 0.14183402733498354
1 0.6528254009322009 0.24447010469646177 0.6328515780117202 0.18846797516059724 0.5615053586238001 0.2139144494984607 0.5814791815442808 0.2699165790343253
1 0.7247070247525186 0.18308470272722857 0.6353922949438424 0.17453375677788832 0.6301185951833087 0.229617612060646 0.719433324991985 0.23816855800998624
1 0.881963255657879 0.26148119772693273 0.8010513686611853 0.2161859334128832 0.769195773835593 0.2730902550406369 0.8501076608322867 0.3183855193546864
0 0.17396651439936153 0.5018927302592558 0.15229810925384585 0.4859108250964111 0.14896922187500003 0.4904241593750001 0.17063762702051571 0.5064060645378448
0 0.26988326484374997 0.56129753828125 0.2068617359375 0.5240056078124999 0.20275174634988685 0.5309512881338015 0.2657732752561368 0.5682432186025517
0 0.33810595859375003 0.5978155390625 0.33003159296492257 0.5936838766552357 0.32838307890624996 0.5969055109375001 0.3364574445350774 0.6010371733447644
0 0.43866754406408087 0.6483684926694865 0.3386056662386075 0.5988232896802869 0.334995587005339 0.6061142338158539 0.43505746483081237 0.6556594368050537
0 0.47253721328125 0.6625439734375 0.44994749957130714 0.6501276683464274 0.4475727214463071 0.6544482417839275 0.47016243515625 0.6668645468750001
0 0.24320086115107764 0.3699308142549066 0.23395361484375005 0.35473204296875005 0.22940475169752786 0.3574996652415948 0.23865199800485545 0.37269843652775136
0 0.3317751077104846 0.50655355471669 0.2668924957011924 0.4032595562464579 0.2609739704062983 0.4069771912113437 0.32585658241559046 0.5102711896815758
0 0.4920407076413637 0.7006139531031053 0.35641862031250005 0.5370191640625002 0.34695913762104136 0.544861191276145 0.48258122494990496 0.7084559803167501
0 0.5344394765625001 0.74336244921875 0.49908366692891626 0.7067148477647438 0.49458340754964353 0.7110564774376982 0.5299392171832273 0.7477040788917044
0 0.5308298247606315 0.7513846231356341 0.5223439216542538 0.7507654370405163 0.5181597023623725 0.8081098764048823 0.5266456054687502 0.8087290625000001
0 0.57348695 0.8145169859375004 0.5428437074534426 0.7647926192639263 0.5365471952965547 0.7686729210581651 0.5671904378431123 0.8183972877317393
0 0.598537480080074 0.7990766193184068 0.5563538503020331 0.763725846341183 0.5528122772532092 0.7679519606165265 0.5949959070312502 0.8033027335937503
0 0.6019804231483075 0.7892255618234734 0.5921827060055291 0.7587413860001819 0.585181603395976 0.7609915640418518 0.5949793205387544 0.7914757398651432
0 0.523501787265176 0.8625642523658806 0.5136202690034068 0.8613190004036678 0.50679908125 0.9154475570312499 0.5166805995117691 0.9166928089934627
0 0.6178598361749693 0.9414890182313069 0.6146016662366186 0.8045249930549614 0.6018624739927994 0.8048280394436336 0.6051206439311501 0.9417920646199791
0 0.6849317500000002 0.855357015625 0.6201412639245593 0.8174242680665381 0.6163615866598968 0.8238800916740517 0.6811520727353376 0.8618128392325138
0 0.6608629486789959 0.781633504727781 0.6533727737656934 0.7802916347279132 0.6437292657116978 0.8341206659376323 0.6512194406250001 0.8354625359375001
0 0.6498591055825558 0.8414498651467902 0.6422323412039078 0.8411484974435052 0.6412321949963522 0.8664593697967151 0.6488589593750002 0.8667607375000002
0 0.6302618976562501 0.6401625468750001 0.6213808486719586 0.6392155909630244 0.6103483322657086 0.7426843136192744 0.61922938125 0.7436312695312501
0 0.6382303998890004 0.5454149931356366 0.6293888954268941 0.5439410011846231 0.6209663103816437 0.5944625275802367 0.62980781484375 0.59593651953125
0 0.6335713444323496 0.5305308140346757 0.62799514453125 0.53048973359375 0.6279417213623792 0.5377413176142956 0.6335179212634788 0.5377823980552214
0 0.6405617273437498 0.44285003046875004 0.6398840656249999 0.42118448984374995 0.6357996119389682 0.4213122446943184 0.6364772736577182 0.44297778531931853
0 0.6354006265625001 0.38952984375 0.6333245714613929 0.30720905829519085 0.6259768924958587 0.30739436005480625 0.628052947596966 0.3897151455096154
0 0.6661475546875 0.32138752265625004 0.66499176640625 0.30855839453125 0.661041494790598 0.3089142782356326 0.662197283071848 0.32174340636063264
0 0.6734279578125 0.35934664765625 0.6669845621082058 0.3591161574009154 0.6651321481165685 0.41090071696487696 0.6715755438208627 0.4111312072202116
0 0.6680495734375 0.4920740132812499 0.6679025697454771 0.4711103236376165 0.6629023227269021 0.4711453868724408 0.663049326418925 0.49210907651607416
0 0.66907734375 0.6879326671875 0.6640316991977541 0.6877049546894748 0.662556911789886 0.7203832359202478 0.667602556342132 0.720610948418273
0 0.7563667090669361 0.772256680468156 0.7407233109375002 0.76491126328125 0.7370254385893139 0.7727865531255942 0.7526688367187498 0.7801319703125001
0 0.8067350359374998 0.30180304140624997 0.8028160159306201 0.2989529047865268 0.7793693046875 0.33119280859375005 0.7832883246943798 0.3340429452134733
0 0.7743522405600379 0.34340469301528537 0.7691666139857978 0.33991577978861826 0.727982972811705 0.4011276730693113 0.7331685993859451 0.4046165862959784
0 0.7320446194184805 0.4064855232855817 0.7286069168770771 0.40463391409694055 0.7171857044898468 0.42583856737385906 0.7206234070312502 0.4276901765625002
0 0.68495349609375 0.4884739789062502 0.6769510250791761 0.48165381400892515 0.5175775245796121 0.6686554242983105 0.525579995594186 0.6754755891956356
0 0.5156402502199536 0.6826902955398084 0.5032817988249386 0.6748981169658412 0.3946792528124582 0.8471425378976374 0.4070377042074732 0.8549347164716046
0 0.4343214730626971 0.5827884359375648 0.41928268828125004 0.5564375578125003 0.41422575522396166 0.5593236144950062 0.4292645400054088 0.5856744926200708
0 0.44579665859375 0.6017852195312501 0.4401623878189563 0.5921700326026463 0.4365043757812499 0.594313540625 0.4421386465560436 0.6039287275536037
0 0.315507301810977 0.3233829732128663 0.2840184468265849 0.24357742534013377 0.27785394994237267 0.24600974932778752 0.3093428049267648 0.32581529720052005
0 0.35790403821615036 0.4273853378605897 0.3189283836919848 0.3312947158207408 0.3132601566369483 0.3335938252944001 0.3522358111611138 0.429684447334249
0 0.3653516376756845 0.44585471909190166 0.35994435695021587 0.4346859900632061 0.3558563638057814 0.43666517019005446 0.36126364453125 0.4478338992187501
0 0.4464221129813929 0.34515484820891584 0.43394685468750005 0.31785712578125 0.42839850246139866 0.3203927632253453 0.4408737607552915 0.3476904856530112
0 0.5011817147727818 0.4914442351305611 0.4502694694264509 0.36830992357419917 0.4429419165530719 0.3713396410019603 0.4938541618994029 0.4944739525583223
0 0.4823692500000001 0.297466215625 0.48150578828125007 0.289497134375 0.4762046463272833 0.29007152093215927 0.47706810804603333 0.2980406021821593
0 0.48868808664462043 0.33662387873306415 0.4842967729348362 0.3088339580081702 0.47841720347771577 0.3097630370876061 0.4828085171875 0.33755295781250005
0 0.4950789781250001 0.39857903671875 0.49057515456851497 0.3453703286488701 0.48476841019309946 0.345861837521255 0.48927223374958456 0.3990705455911349
0 0.5054404640724616 0.4824901607398586 0.49951803635382613 0.43261962048955016 0.4924566713235433 0.43345820021571413 0.4983790990421787 0.4833287404660226
0 0.5507249878565323 0.6350448946866065 0.5198097749203197 0.5596678395795133 0.5124889831575373 0.5626703956741568 0.5434041960937501 0.6380474507812501
0 0.6094264432595835 0.7063765766877951 0.6087922531250001 0.68905124453125 0.6019252418966664 0.6893026100309549 0.60255943203125 0.7066279421874999
0 0.5253596281249999 0.2338784859375 0.510389662767082 0.14252173160191503 0.5041792174221761 0.14353939200750446 0.519149182780094 0.23489614634308942
0 0.5396147296875 0.29447223593749994 0.5352286062499999 0.26884610468750003 0.5292838160500095 0.2698636044955211 0.5336699394875094 0.29548973574552106
0 0.542418516592712 0.3457758992871381 0.541920559847436 0.3287745480514237 0.53791275625 0.32889193359375 0.538410712995276 0.3458932848294644
0 0.5628820348370936 0.40249649585777386 0.5512579671977136 0.3768300746294334 0.54528985189187 0.3795329748654096 0.55691391953125 0.40519939609375005
0 0.5945870751731831 0.5802209947267307 0.5689395573935729 0.43163560469566287 0.5617410803061801 0.4328781432053133 0.5873885980857902 0.5814635332363811