1 0.9012890959564773 0.6113857196821406 0.8966515659020615 0.5352236499842944 0.827731892920929 0.5394201884457426 0.8323694229753448 0.6155822581435888
1 0.8693673091153084 0.4428926796570182 0.8240685933491811 0.3806089808911442 0.7750926028023658 0.41622904712202596 0.820391318568493 0.4785127458879
1 0.8458721605308975 0.2689690554090642 0.7746675673630066 0.25405360848144987 0.7617789481747487 0.3155823638884835 0.8329835413426399 0.3304978108160978
1 0.721472897439542 0.2975568667102185 0.6686694193354372 0.22859344785208208 0.6278292808147647 0.25986366901935115 0.6806327589188695 0.3288270878774876
1 0.6564013916187064 0.2146079749724666 0.6009887629181236 0.1918689331758431 0.5933440146174807 0.21049837248475187 0.6487566433180635 0.23323741428137534
1 0.6692990637083216 0.12923951394124764 0.599391628855088 0.08844484900488062 0.5698073093403913 0.13914176960410357 0.6397147441936248 0.17993643454047062
1 0.5239766609794693 0.2101408392920881 0.46474808500638554 0.1628905430191449 0.42769584591543863 0.20933578317793886 0.4869244218885223 0.256586079450882
1 0.4659080865904805 0.14990743426516845 0.37876372193867763 0.12978857356596918 0.3663280482868417 0.18365339700746472 0.45347241293864443 0.20377225770666402
1 0.30945689164564955 0.20239689194176771 0.2942029924590002 0.13917615879849252 0.2035815013511951 0.16104131316754364 0.21883540053784442 0.22426204631081884
0 0.8384921078124998 0.5934740445312501 0.8370603891305631 0.5883895623565972 0.8110898539743131 0.5957024998565972 0.81252157265625 0.6007869820312501
0 0.7748927379653534 0.617986527629466 0.7733109562499999 0.6086620109374998 0.7012886383890586 0.6208796506558103 0.7028704201044121 0.6302041673477764
0 0.6357856484375 0.6428471328125 0.63528303699803 0.6393353249818801 0.6261875370284835 0.640637076829613 0.6266901484679535 0.6441488846602331
0 0.6267981040257163 0.6505154311918653 0.6255444932927001 0.6418016031817371 0.5150316157557036 0.65770048588356 0.5162852264887199 0.6664143138936882
0 0.5049188469061018 0.6623706305266296 0.5037893347080526 0.657573184508913 0.4786178213957009 0.6634995735135334 0.47974733359374994 0.6682970195312501
0 0.800207389693564 0.44346028346820765 0.7968936632812499 0.43886399687500005 0.7828600673376858 0.4489816204380424 0.78617379375 0.45357790703124995
0 0.7550415983450803 0.4799900849408386 0.750191984281894 0.47452613996601284 0.6589469190848433 0.5555121955384489 0.6637965331480296 0.5609761405132746
0 0.6338456602809776 0.5891724848841486 0.6264841999999998 0.57738073515625 0.4463938276727072 0.6898091833056583 0.4537552879536849 0.701600933033557
0 0.4436263772111375 0.7042529204559302 0.44058979544351606 0.698211775041589 0.39511414502740366 0.7210701109122127 0.3981507267950251 0.7271112563265542
0 0.40531613825651674 0.7332780883980832 0.3970304491860242 0.7313850676274611 0.38422332962631645 0.7874414047829659 0.392509018696809 0.7893344255535879
0 0.3870039270829482 0.7469575075379963 0.3819887460104067 0.7406371616593649 0.336033562144652 0.777102502755318 0.3410487432171935 0.7834228486339494
0 0.37102865703124993 0.7405075875 0.3688909740752896 0.7355433768036784 0.31834014204403965 0.7573115205536785 0.320477825 0.7622757312500001
0 0.34155229453125 0.724208759375 0.3358488817165451 0.7204640576835176 0.3183239285440332 0.7471556477582515 0.3240273413587381 0.7509003494497337
0 0.38046066406250006 0.841397525 0.37062519616669426 0.839859917000813 0.36219742741669425 0.8937690076258129 0.3720328953125001 0.8953066156249999
0 0.31480465908867 0.7623307132506036 0.3014262170770198 0.7576227908531694 0.25596425083655994 0.8868114706442898 0.2693426928482101 0.891519393041724
0 0.29404457836990944 0.775908290960001 0.29231607846716756 0.7684669999856149 0.21918153305219215 0.7854550542186757 0.22091003295493405 0.7928963451930617
0 0.2694411656189106 0.722775074060153 0.2617356609807011 0.7221484728971859 0.25730837656250005 0.7765921328125001 0.2650138812007096 0.7772187339754673
0 0.2632943687500002 0.78440838359375 0.25570605817224035 0.7827660395357314 0.25041500703125 0.8072128898437498 0.25800331760900985 0.8088552339017685
0 0.3404053772989708 0.5968121446972556 0.3295877120961329 0.5952518473336628 0.3147494859375002 0.6981264445312502 0.3255671511403381 0.6996867418948431
0 0.3638720541507673 0.5047333322269256 0.3567660925228817 0.503119104020827 0.34538050410118776 0.5532393745809575 0.3524864657290733 0.5548536027870561
0 0.36868329921875 0.49173531875 0.36356990399489525 0.48962834802585586 0.36079286258864524 0.4963679339633559 0.36590625781249997 0.4984749046875
0 0.39336750384082064 0.3853499711188123 0.3892716281250001 0.3837302101562501 0.3813096582175893 0.4038635754784229 0.3854055339334098 0.405483336440985
0 0.4358397640238369 0.2790424995505779 0.4291477541686183 0.2767019839049433 0.40194954791418597 0.35446718262874144 0.4086415577694046 0.356807698274376
0 0.40186074534808675 0.2702028271470257 0.3981896976562501 0.2686845585937501 0.3932668440315326 0.2805876111843338 0.39693789172336924 0.28210587973760937
0 0.3815062606163483 0.3164705979092116 0.3752730796875 0.31478710234375007 0.36176669563365177 0.36479479896578854 0.36799987656250005 0.3664782945312501
0 0.35279401239386965 0.42499492722768767 0.34816208134501714 0.4231466976558663 0.34032953960087947 0.4427761819197464 0.344961470649732 0.44462441149156773
0 0.2881648604943505 0.6315038929298475 0.28331112982867596 0.6302739901898218 0.2752753847926573 0.6619865320303618 0.28012911545833186 0.6632164347703877
0 0.19407932077645573 0.6886035245631315 0.1915953235422267 0.6805248833898687 0.17398493089077097 0.6859396760142376 0.17646892812499998 0.6940183171875002
0 0.2821922515625 0.25688919999999993 0.26893506243105375 0.2192606312131972 0.2643780396700931 0.22086614836588647 0.2776352288015394 0.25849471715268924
0 0.3109243269377407 0.3387748686917686 0.28930611391388616 0.2682381992517869 0.28329138648990576 0.2700816043879291 0.30490959951376023 0.3406182738279108
0 0.31399744539109226 0.3654338585967502 0.3084610039062501 0.34212342421874997 0.30462169132765793 0.3430352960907497 0.31015813281250004 0.36634573046874996
0 0.43213237641562185 0.6570006002797981 0.3374566299027642 0.4302602581542142 0.32647437181623307 0.43484591535571615 0.4211501183290907 0.6615862574813001
0 0.500512061078704 0.8622226706947765 0.4442121755168653 0.666619820651373 0.428865156756604 0.6710371151832593 0.4851650423184428 0.8666399652266629
0 0.56481778771586 0.58277191432821 0.56068960390625 0.5775709625000001 0.53728104509664 0.5961511833280402 0.54140922890625 0.6013521351562501
0 0.53314655703125 0.6087568109375 0.5303851121732345 0.6055745424318005 0.5218777012725117 0.6129569320839467 0.5246391461305271 0.6161392005896462
0 0.7863224401896335 0.32174335316607283 0.7812294323389929 0.31773907428134357 0.7282039911720967 0.38518167653778984 0.7332969990227373 0.3891859554225191
0 0.7271128590996347 0.3953535264683958 0.7223970220583161 0.3915364041396483 0.6571569718467962 0.4721367671534054 0.6618728088881148 0.4759538894821529
0 0.6561646445312499 0.4813926367187501 0.6528100209545976 0.47841554405252795 0.6445715053295976 0.48769880186502795 0.6479261289062499 0.4906758945312501
0 0.6204631957971931 0.34826311319359576 0.6155592878798302 0.34446022950837935 0.5971159154440661 0.36824339186546545 0.6020198233614289 0.37204627555068187
0 0.5922201923294386 0.39370690233884453 0.5860765989849319 0.3885986209934604 0.5008892304032975 0.4910511907069666 0.5070328237478041 0.4961594720523507
0 0.5840329063273644 0.3064677393344751 0.579231184375 0.3041022929687501 0.5756939250042047 0.31128272885521274 0.580495646956569 0.31364817522093774
0 0.5751563898437502 0.32384808515625013 0.5697980793904402 0.32152024638391946 0.5585769051716902 0.34734958466516946 0.5639352156250002 0.34967742343750013
0 0.55959127395776 0.3570330937750805 0.5541793386287154 0.354869545127306 0.5343586164062499 0.40444941796875006 0.5397705517352946 0.4066129666165246
0 0.5269018378860612 0.4388692418532238 0.5202840178297898 0.4355441498783444 0.49778378250268485 0.48032562050937483 0.5044016025589562 0.4836507124842543
0 0.46871026171874997 0.5554429015625001 0.4625348651369836 0.550553511950234 0.4119557956057337 0.6144358853877342 0.41813119218750006 0.6193252750000002
0 0.34680826080906935 0.6509259829297079 0.3403626672108463 0.6488794632672964 0.33506416968302694 0.6655672881500887 0.34150976328125004 0.6676138078125001
0 0.6001114528068463 0.1578325162269877 0.5944143207714571 0.15503002008035566 0.5535548679687501 0.23809229218750008 0.5592520000041393 0.24089478833413214
0 0.5385154018929665 0.2707497505741222 0.5329667726308268 0.26822484124265905 0.5222067484375 0.29187059531250015 0.5277553776996398 0.2943955046439633
0 0.5137710078125001 0.3252839257812501 0.509975820303619 0.323994272023836 0.5045033859286189 0.340098528273836 0.5082985734375001 0.3413881820312501
0 0.49003363359375 0.36990290000000015 0.48479954165090594 0.3660589315052143 0.468055870557156 0.38885774322396427 0.4732899625 0.39270171171875007
0 0.45990778750000005 0.41741961406250006 0.4535125713207312 0.41425403152773077 0.3866379441409084 0.5493563998992894 0.3930331603201773 0.5525219824340587