1 0.3581115329069254 0.16712731018608284 0.338841225513365 0.10477610502384563 0.25166437704938455 0.13171904322578715 0.2709346844429449 0.1940702483880244
1 0.2976487322622613 0.2292683040165339 0.2815130675384451 0.1746510779475198 0.19861542616835431 0.19914167631391683 0.21475109089217045 0.2537589023829309
1 0.4109312973438689 0.22431058711774368 0.3408460497282183 0.18286015208206513 0.3098554341201107 0.2352597219969798 0.3799406817357613 0.27671015703265833
1 0.483140673613784 0.23407674545075655 0.41838390049925833 0.2027195817085981 0.38992262628055485 0.26149595231041234 0.4546793993950805 0.2928531160525708
1 0.528733083817642 0.2986256098500975 0.4927428825116952 0.24255175493991885 0.42557454545869006 0.2856627908370518 0.4615647467646369 0.34173664574723045
1 0.6592229031093997 0.2394186978889536 0.600432781960411 0.17065652917162 0.5469267937787721 0.2164029561106231 0.6057169149277606 0.2851651248279567
1 0.6327368140991616 0.35548365350797323 0.582681643918539 0.28155868921134547 0.5291236898077152 0.3178231978661784 0.5791788599883378 0.39174816216280617
1 0.8031627208975577 0.2747801808877182 0.7451689511249859 0.25976075647441293 0.7311048851488949 0.3140656473836235 0.7890986549214667 0.3290850717969288
1 0.8557110187799435 0.31241493627374567 0.7776864932859613 0.30963220865315455 0.7758274139098665 0.36175868524471866 0.8538519394038486 0.3645414128653097
1 0.9342632276672307 0.21794823976923555 0.8462800100853516 0.2085247039214489 0.8395183769432327 0.27165496092488767 0.9275015945251118 0.2810784967726744
0 0.26655384140625 0.27454043125 0.2645683734375 0.23947466015625002 0.2593590690063547 0.2397696175110977 0.26134453697510474 0.2748353886048477
0 0.2751230474105196 0.31702184966473324 0.26760446383530506 0.2869205116683379 0.2629279265810355 0.2880885971598546 0.27044651015625004 0.31818993515624994
0 0.37414933203125 0.6214026960937502 0.37086602343749997 0.6087335328125001 0.36570334106259356 0.6100714806336809 0.36898664965634353 0.6227406439149309
0 0.393652265625 0.7126687820312501 0.38521358391384164 0.675810622673967 0.37767437612186017 0.677536725551056 0.3861130578330186 0.7143948849083391
0 0.42084051652485926 0.8380824061637228 0.39784636493625625 0.7374635419064853 0.39146118284423503 0.7389227299626078 0.4144553344328381 0.8395415942198452
0 0.32849009310021415 0.3449584713167821 0.3256698487134021 0.31750752137581273 0.3223166200089383 0.31785202400511325 0.3251368643957503 0.3453029739460826
0 0.32935208412440425 0.3530141190915902 0.32665030625 0.35298956640625007 0.3264659383281978 0.3732774153716377 0.329167716202602 0.37330196805697785
0 0.33374236718750006 0.39321064062499994 0.33198425234375 0.38710879609375 0.32801280791768767 0.38825308211428516 0.32977092276143766 0.3943549266455351
0 0.34850236328125 0.47382441171875006 0.33657959687500005 0.41781177734375 0.33136070395550643 0.418922663162149 0.3432834703617564 0.474935297537149
0 0.34104850354606053 0.32098996854398887 0.3306780949769614 0.32001286378264404 0.3238317611563063 0.3926757774531481 0.33420216972540545 0.3936528822144929
0 0.32013413359375004 0.42605541796875 0.31059969439474516 0.42427218716617965 0.2792773817153185 0.5917438825764139 0.2888118209143234 0.5935271133789842
0 0.27208154449075106 0.6817145634104793 0.26488401242768533 0.6786656327412695 0.1759138663744344 0.88869516386204 0.18311139843750013 0.8917440945312499
0 0.2595456273437501 0.72821808828125 0.2539435610664957 0.727673314794744 0.2512561950584754 0.7553082912777666 0.25685826133572986 0.7558530647642726
0 0.25704957812500007 0.7603352289062502 0.2521063203899624 0.7587854240800302 0.24576322953381452 0.7790173477443656 0.2507064872688522 0.7805671525705856
0 0.23931382109375007 0.8412148812500002 0.2341280114761136 0.8405036551793168 0.22913263437500014 0.8769267781250001 0.23431844399263663 0.8776380041956836
0 0.41774645868346755 0.3136922501466807 0.4119257463257733 0.31133993371903346 0.39281382161429146 0.35863162247313174 0.3986345339719857 0.36098393890077896
0 0.39178201710314436 0.38112829958705213 0.385147364051749 0.37858640250710374 0.34651685789438824 0.47941660825213095 0.3531515109457836 0.4819585053320793
0 0.5151504227870958 0.405952035283871 0.5116261615776462 0.4017987565835571 0.48509531769680037 0.4243114822371862 0.48861957890624996 0.4284647609375001
0 0.4242933927360159 0.48752582082044604 0.4192531710737696 0.482312609733793 0.3098239919142296 0.5881106121768199 0.3148642135764759 0.593323823263473
0 0.27064024173521395 0.6455718903929805 0.2652779887292115 0.6415244687529056 0.2516409259002474 0.659591620547425 0.2570031789062499 0.6636390421875
0 0.24812632628588543 0.6828512429539805 0.23984634325069504 0.6752017309942456 0.09876728201046574 0.8279084971040926 0.10704726504565616 0.8355580090638275
0 0.4994078508992967 0.3399906231734823 0.4916673091199236 0.3157692659933583 0.48432973077415176 0.3181141730653484 0.4920702725535249 0.34233553024547236
0 0.5110111898437502 0.44733501015625005 0.5050291113010735 0.4449581374031683 0.49746548515625 0.4639941609375001 0.5034475636989266 0.46637103369058186
0 0.49240055781250014 0.49110527343750005 0.48714487068813905 0.48947744090201156 0.480729878500639 0.5101891487145116 0.48598556562500017 0.5118169812500001
0 0.4714634924596731 0.5584314401823995 0.47021507734375 0.5538382609375 0.4615062790666162 0.5562052914475267 0.46275469418253923 0.5607984706924263
0 0.4576873174600583 0.587613577652202 0.4505171008645594 0.5842984592162246 0.42508088740532585 0.6393140381146194 0.43225110400082467 0.642629156550597
0 0.40652807265625 0.703393415625 0.4002075893509244 0.700696047565069 0.39426643466342437 0.7146173842838189 0.40058691796875 0.71731475234375
0 0.3935720081311823 0.7400330113701672 0.38494456641415487 0.7359477718157942 0.32429494951517795 0.8640310893279443 0.3329223912322054 0.8681163288823173
0 0.41179952291513117 0.8986702415725455 0.37743718359374995 0.7752990234375001 0.36885360905866726 0.7776897893326866 0.40321594838004843 0.901061007467732
0 0.37492193617016767 0.7606568531114611 0.37085700916459097 0.75865189172913 0.3658552604944233 0.768792607367669 0.3699201875 0.7707975687500002
0 0.5937578759344799 0.2535070263800533 0.5881938695312501 0.25106574843750007 0.566819457459129 0.2997809576160889 0.5723834638623588 0.30222223555864214
0 0.6131293353081958 0.670187223894295 0.5635964345312822 0.4988781281397726 0.5507233258996518 0.5026003030174843 0.6002562266765654 0.6739093987720066
0 0.6343566113076557 0.734826603174004 0.6272053156249999 0.7169184796875 0.6212943750912849 0.7192789103351358 0.6284456707739408 0.7371870338216397
0 0.6513638947428901 0.7840124638953757 0.6334511691784561 0.7432897887146606 0.6274290582199613 0.7459387409369638 0.6453417837843952 0.7866614161176788
0 0.6747836734374999 0.84790358515625 0.6689043576391278 0.8454962022317337 0.6477577287328777 0.8971405452004838 0.6536370445312498 0.8995479281250001
0 0.6873879353830555 0.8755113487367299 0.6773577749999999 0.8476245406249999 0.6712341036794441 0.8498270661070201 0.6812642640624997 0.87771387421875
0 0.7118739664062499 0.9322982359375 0.689125190625 0.8796500843750001 0.681913781406233 0.8827660671116366 0.7046625571874829 0.9354142186741365
0 0.77337473046875 0.3215109890625001 0.7680235958317012 0.32101575226716 0.7652630466129512 0.35084404992341 0.77061418125 0.3513392867187501
0 0.8092598743290484 0.3614122556271896 0.8036325418555681 0.35919034264540267 0.7911798659640197 0.3907286377994631 0.7968071984375 0.3929505507812501
0 0.7644608656198237 0.4662511984520535 0.7531307436848816 0.4641974152841972 0.7378800558179279 0.5483310063217983 0.7492101777528699 0.5503847894896545
0 0.7552957579230529 0.5580932746132596 0.7430264732992441 0.5556333165158365 0.6601043197853522 0.9692157690571399 0.672373604409161 0.971675727154563
0 0.729470928125 0.5782192867187501 0.7247477851682957 0.5767975330971022 0.7146759976682957 0.6102565596596022 0.719399140625 0.61167831328125
0 0.6946652989224102 0.6817349633016461 0.6894386010096814 0.6799197788821412 0.674248532149026 0.7236585309092491 0.6794752300617549 0.725473715328754
0 0.6794314125223091 0.7261553820645924 0.6749854106798134 0.7247660638878417 0.6608061304687503 0.7701416351562501 0.6652521323112459 0.7715309533330009
0 0.6600947745424642 0.7893696073633392 0.6568520349876431 0.7873443461903261 0.6522753503588674 0.7946722881236588 0.6555180899136885 0.7966975492966719
0 0.6567537931947689 0.799843758747147 0.6519456844781122 0.7982909630542502 0.6397005955314697 0.8362069098654858 0.6445087042481265 0.8377597055583825
0 0.6387091146517893 0.8793489259374487 0.6305985019718698 0.8774231013740428 0.6045130884632608 0.9872818546499322 0.6126237011431802 0.9892076792133382
0 0.8538436359375 0.3570040421875001 0.8485737560145378 0.3549304054517934 0.8308230927332877 0.4000414234205435 0.8360929726562499 0.40211506015625015
0 0.7811646013486931 0.5502030966554022 0.7736258532325112 0.5478017626574194 0.744383719597199 0.6396045189760012 0.7519224677133809 0.642005852973984