1 0.17121916225399975 0.46437334177205025 0.10358084182693142 0.44625593508905687 0.08400197375709469 0.5193503781999464 0.15164029418416303 0.5374677848829399
1 0.24995824102261097 0.353645396176512 0.20797807604573068 0.31028883304882227 0.1523934046016419 0.3641089126186965 0.1943735695785222 0.4074654757463862
1 0.2884268375592604 0.20013742181205565 0.2162457417035141 0.19538866575530048 0.21209759845318638 0.2584404464736104 0.2842786943089327 0.2631892025303656
1 0.42659617713012343 0.23163326572811105 0.3911600570438891 0.19584278382774803 0.33006977075645033 0.25632821475909734 0.36550589084268464 0.29211869665946033
1 0.4741681534759549 0.1969231817761522 0.47092304400503765 0.1770631125975078 0.4118135600265613 0.18672152539326223 0.4150586694974786 0.20658159457190664
1 0.5079892178273508 0.1361189147389203 0.5007792714285039 0.07778388832281917 0.42099628370784625 0.08764470609125072 0.4282062301066933 0.14597973250735183
1 0.6346282619057588 0.23443200074305878 0.6107965822043974 0.17995959377398538 0.5413992155985664 0.21032094376916904 0.5652308952999279 0.2647933507382424
1 0.7021246536762445 0.22004809425526287 0.7006469750183275 0.16488143783837972 0.6114347001146194 0.16727105292857558 0.6129123787725363 0.22243770934545873
1 0.8643945822496948 0.23541780772328363 0.7805201547244288 0.19587700761885468 0.752711602907026 0.25486484696027717 0.8365860304322918 0.2944056470647061
0 0.17489274561410062 0.5246310657025303 0.152162282233373 0.5101996033737402 0.14915633828125005 0.5149341546875001 0.17188680166197767 0.5293656170162901
0 0.2747197179687501 0.5772003523437501 0.2092503523437501 0.5443954226562502 0.20563488048945072 0.551610882374983 0.2711042461144507 0.5844158120624832
0 0.3453235914062501 0.6088704226562502 0.3369806840179951 0.6053120642297862 0.3355609156250001 0.6086408453125001 0.34390382301325506 0.6121992037389641
0 0.4491666099425302 0.6522854106689678 0.3458923793870005 0.609840860502862 0.34279968456802984 0.6173658708168439 0.4460739151235596 0.6598104209829497
0 0.48394260546875 0.66406373203125 0.4599778171875 0.65447429609375 0.4581486927901392 0.6590454282446414 0.48211348107138924 0.6686348641821416
0 0.23475324301009723 0.38816105864815964 0.22446831015625 0.37364436640625 0.22012358760911935 0.3767225593527691 0.2304085204629666 0.39123925159467876
0 0.33264204849553725 0.5182723657056573 0.2607120612521261 0.41975596911199753 0.25506728205974116 0.4238774038105769 0.3269972693031523 0.5223938004042367
0 0.5060542182820706 0.7006804802040146 0.35935070390625 0.5469447179687501 0.35046129605022286 0.5554275026782929 0.4971648104260435 0.7091632649135574
0 0.55133168984375 0.7403672539062501 0.5135055981263774 0.7062752211975349 0.5093191581288157 0.7109201968922981 0.5471452498461882 0.7450122296010132
0 0.5482904300611551 0.74862168279474 0.5397820057970496 0.748595951685865 0.5396081249546447 0.806092579047375 0.5481165492187501 0.80611831015625
0 0.5952475351562501 0.8086246476562501 0.5612103416609515 0.7611589717629433 0.5551998434481554 0.7654690439745335 0.589237036943454 0.8129347198678403
0 0.6191599781497693 0.7914744574219285 0.5746131605339323 0.7591523770362787 0.5713750136341629 0.7636152438331003 0.61592183125 0.7959373242187501
0 0.6219073598266581 0.7814072282894285 0.6100070404014893 0.751680764305912 0.6031799564854037 0.754413833378268 0.6150802759105725 0.7841402973617845
0 0.5487357422391186 0.8600416624530796 0.5387914304916657 0.8594887436845313 0.5357626757812499 0.9139612679687501 0.5457069875287028 0.9145141867372983
0 0.6483694524012675 0.932192086358716 0.6355650923034338 0.7957889771620489 0.6228780713597317 0.7969799264423744 0.6356824314575653 0.9333830356390415
0 0.7092697179687502 0.8415911968750003 0.6419910031817608 0.8082704079297279 0.6386708686850578 0.8149741622203301 0.7059495834720473 0.8482949511656024
0 0.6801168554529279 0.7697262273509655 0.6725513220452867 0.7689101141332819 0.666686227529859 0.8232807180323167 0.6742517609375002 0.8240968312500001
0 0.6740802820312501 0.8554834507812499 0.6733123950703914 0.8301644674348149 0.6656831866672144 0.8303958499344324 0.6664510736280731 0.8557148332808675
0 0.63972183125 0.63073450703125 0.6307963595563139 0.6304093685445535 0.6270083314313138 0.7343956365133038 0.6359338031250001 0.7347207750000002
0 0.6388709890477229 0.5866384330777505 0.6386901723394371 0.5352457514012559 0.6312237932415652 0.5352720206296218 0.6314046099498509 0.5866647023061164
0 0.6358282449211301 0.5283766231648471 0.6353756931936402 0.5211389763623611 0.6298102109375 0.521486971875 0.6302627626649899 0.528724618677486
0 0.6362327460937501 0.43318415468750004 0.6340454226562501 0.4116186617187501 0.6299798306625356 0.41203102255223767 0.6321671541000357 0.4335965155209876
0 0.6273647890625 0.38035387343749993 0.6195513836602046 0.2983784354207466 0.6122345286172803 0.2990758340087055 0.6200479340195759 0.3810512720254589
0 0.65328345078125 0.31023274609374996 0.6512355632812501 0.29751549296875 0.6473197394840499 0.2981460667670119 0.6493676269840499 0.3108633198920118
0 0.6649584201095665 0.39937918200070366 0.6631940140625 0.34759154921875 0.6567502363581565 0.34781108889910894 0.6585146424052231 0.39959872168106264
0 0.6670873242187502 0.480370775 0.6654783252448846 0.45946840601346295 0.6604927050038839 0.4598521834626612 0.6621017039777495 0.48075455244919824
0 0.6825833263718031 0.7083821877237785 0.681775 0.67568063359375 0.6767257621676989 0.6758054420992151 0.6775340885395019 0.7085069962292436
0 0.774733878488776 0.7537102392432541 0.758616196875 0.74747394375 0.7554766847924741 0.755588000600496 0.77159436640625 0.76182429609375
0 0.79216232421875 0.28088908437500015 0.7880540349879908 0.2783192673938168 0.7669133804687501 0.3121161968750002 0.7710216696995094 0.3146860138561835
0 0.7627603958404026 0.32464830623737423 0.7573440268542599 0.3215296228439546 0.720530632886714 0.3854652329097882 0.7259470018728567 0.3885839163032078
0 0.7249561298671849 0.390526705418344 0.721397639687656 0.3889194087830365 0.7114834113829711 0.41086911195844256 0.7150419015625 0.41247640859374995
0 0.6836989437500002 0.4756003523437502 0.6752402157025668 0.46935502520312483 0.5292995144316344 0.6670184422357368 0.5377582424790678 0.6732637693763622
0 0.5283459822791559 0.6811542625684268 0.5154740804779305 0.6742431472847515 0.4191512481647594 0.8536437198203771 0.43202314996598473 0.8605548351040522
0 0.4402564916930566 0.5871682699010521 0.423416196875 0.56193063359375 0.4185729031185216 0.5651624138506813 0.4354131979365782 0.5904000501579835
0 0.4530288734375 0.60531831015625 0.4467376053063055 0.5961195718092636 0.44323802812499996 0.598513028125 0.4495292962561944 0.6077117664719865
0 0.30363653600930707 0.3366827631318462 0.26665743239317374 0.2592681691053437 0.26067762190756477 0.2621245818313017 0.2976567255236981 0.33953917585780424
0 0.35318483341185886 0.43747433722805384 0.30760117986444446 0.3443365908377794 0.30210713852398474 0.34702549503339175 0.3476907920713991 0.4401632414236662
0 0.3619026506953431 0.45537920824824984 0.3557294498092308 0.4446148795813283 0.35178947489513773 0.4468744033643284 0.35796267578125 0.45763873203124994
0 0.4357511735716698 0.34926944820813793 0.42140211250000015 0.3229084507812501 0.41604415315469206 0.32582494459293454 0.43039321422636173 0.3521859420198224
0 0.5005820161917628 0.49138264432976203 0.44120437532621626 0.3720997403348023 0.43410601437448626 0.3756332217743861 0.4934836552400328 0.4949161257693458
0 0.4682841546875 0.29918943671875003 0.46686690156250005 0.2913 0.46161874006492154 0.29224277621433614 0.4630359931899215 0.3001322129330862
0 0.47731909968333913 0.33781093351757513 0.4709999560618005 0.31039503061597695 0.4651995180972114 0.3117319845984018 0.47151866171875 0.3391478874999999
0 0.48801619687500003 0.39916936640625 0.4798116927134778 0.34640444263945563 0.4740533793773304 0.3472998121834082 0.4822578835388526 0.40006473595020264
0 0.5042057871057088 0.4821533063732552 0.49481899252499917 0.43281737551888116 0.48783332525227996 0.4341464884506257 0.49722011983298964 0.48348241930499974
0 0.5600216798845041 0.6311775361147536 0.5239237377837077 0.5581406317452098 0.5168302266492036 0.5616465464117063 0.5529281687500001 0.63468345078125
0 0.6235559878132285 0.6982406512961357 0.6217147890625 0.6810017609375 0.6148820403117715 0.6817315322976143 0.6167232390625 0.69897042265625
0 0.5067341546875002 0.23275774609375 0.4854279306142435 0.14266778411343975 0.47930360232704566 0.14411618422280753 0.5006098264003024 0.2342061462031178
0 0.5251813382812501 0.2922095070312499 0.5190183101562501 0.2669517609375 0.5131589783191461 0.2683814699373349 0.5193220064441462 0.2936392160310849
0 0.531557057870957 0.3431926150214165 0.5298743600116423 0.32626741450612473 0.52588450703125 0.3266640843749999 0.5275672048905646 0.3435892848902916
0 0.5559273567343526 0.3983475801260153 0.5425412058998662 0.37355453543377737 0.5367761733842636 0.37666716624526203 0.5501623242187499 0.40146021093749995
0 0.599952598993179 0.573427519887758 0.5640027649376672 0.42699315613703026 0.556908498281609 0.4287348081816623 0.5928583323371208 0.57516917193239