1 0.6524179075002438 0.08327113681959364 0.5612482161732032 0.07713043865661903 0.5568518416775972 0.14240251278968685 0.6480215330046377 0.14854321095266146
1 0.7204239821921006 0.13640039671440224 0.6337616294351325 0.13062105074577235 0.6299548527613847 0.18770436514813507 0.7166172055183527 0.19348371111676496
1 0.6202685688842068 0.19627572586592246 0.5767593467739793 0.15336786445951184 0.5197514017876501 0.2111747851299334 0.5632606238978776 0.25408264653634405
1 0.5490885729762953 0.241982397968766 0.5072936382494756 0.19181393503211222 0.4520171836437056 0.23786429569584816 0.4938121183705254 0.2880327586325019
1 0.518306688387838 0.3035109018251633 0.4590800956462262 0.2453736116405662 0.41390499430399663 0.2913951465411752 0.47313158704560837 0.3495324367257723
1 0.38751357967457156 0.2420210319175944 0.33315044835980345 0.20254291248317435 0.27848450326647894 0.27782035715707787 0.33284763458124705 0.3172984765914979
1 0.4263403933544193 0.3291934257504157 0.3654893405952748 0.30852310177453585 0.33668789085224954 0.39331125216336293 0.397538943611394 0.4139815761392428
1 0.23067642135057365 0.3764494897102345 0.20580091702459263 0.3262132329334905 0.1519745704592484 0.3528664432391163 0.17685007478522943 0.4031027000158603
1 0.19915100097339514 0.4316057670168254 0.18367728817652448 0.3817738254513743 0.10896689008827735 0.4049727457952468 0.124440602885148 0.4548046873606979
1 0.11548644256668969 0.35924546694926296 0.09269775678538286 0.30041936091062865 0.010059453386019369 0.33243267024699 0.032848139167326186 0.3912587762856243
0 0.6770970992752086 0.22378053261778064 0.6704971861552773 0.18928430671837357 0.6653682907863187 0.19026558113184286 0.6719682039062499 0.22476180703124995
0 0.6787509351562501 0.26805645546875 0.67800595234375 0.2370300265625 0.6732435364666399 0.23714437803959534 0.6739885192791399 0.26817080694584533
0 0.6568700824535114 0.5873007403940835 0.6567492702405807 0.574215831645011 0.6513615229433193 0.5742655764071776 0.65148233515625 0.58735048515625
0 0.6619353719371457 0.6428168337398062 0.6542728085954258 0.6423941761678318 0.652171615401447 0.6804877228345593 0.6598341787431669 0.6809103804065337
0 0.6646714074862643 0.8087826829938587 0.6631407289665672 0.7055949796114926 0.6568833774090299 0.7056878006871186 0.6584140559287271 0.8088755040694846
0 0.6323278126034959 0.3075734823078293 0.6280266265625001 0.28032186484375 0.6246698022739422 0.2808516802130965 0.628970988314938 0.3081032976771758
0 0.6359269265625 0.33552495859375 0.6326354242187501 0.31541931796874995 0.6302296468165695 0.31581316873458787 0.6335211491603194 0.33591880935958784
0 0.63967948046875 0.35452108671874993 0.6375577129897689 0.3490946052567955 0.6333626184585188 0.3507348974442955 0.6354843859375 0.35616137890625
0 0.6456464269741544 0.43781099074301527 0.6440335625689984 0.3805673904547971 0.6386829882812499 0.38071814531250003 0.640295852686406 0.4379617456007181
0 0.6449650458978843 0.35322467008200453 0.6204351075751641 0.28448112343496146 0.6107253184047694 0.28794589272740584 0.6352552567274896 0.35668943937444897
0 0.7337059638261253 0.536836591692672 0.6660678951185102 0.3806529977295049 0.6566342679687501 0.38473839687500005 0.7242723366763653 0.540921990838167
0 0.908552413864486 0.7986945566370508 0.7712925218905815 0.6165215169801253 0.7649872377135956 0.6212722892493245 0.9022471296875001 0.8034453289062501
0 0.8031581724276787 0.6874554926924853 0.7929919488988267 0.6615162877464813 0.7880467123399242 0.6634544497050111 0.7982129358687761 0.6893936546510151
0 0.8134071515624999 0.709698990625 0.8044041272969361 0.6910765105153824 0.7987145476562499 0.69382713359375 0.8077175719218139 0.7124496137033676
0 0.8540082874999999 0.8002016953125002 0.8401111043131415 0.7661288647955444 0.8352941000924691 0.7680935618591842 0.8491912832793276 0.80216639237614
0 0.5701406754744172 0.3363580957292946 0.5384999188207477 0.2963862276563719 0.5335944584080028 0.30026927057322306 0.5652352150616722 0.34024113864614575
0 0.6437494338516387 0.44304762821044186 0.5820893981817366 0.3543963862271865 0.5763396147858975 0.35839556143725987 0.6379996504557998 0.44704680342051517
0 0.4959950058495064 0.42344302358417973 0.46501574617501296 0.40751735299270325 0.4626050242804112 0.4122067868942073 0.4935842839549046 0.42813245748568374
0 0.7058596784011089 0.5393832839536609 0.5736823334561054 0.46396362771898864 0.570147138921949 0.47015926226199073 0.7023244838669525 0.5455789184966631
0 0.7795001505809066 0.5943734803554481 0.7613435613361368 0.581015831063929 0.7572100552864801 0.5866343624272309 0.7753666445312499 0.59999201171875
0 0.9672656452879884 0.7232989728554041 0.7948994121999076 0.6070873852296644 0.7891642956844473 0.6155937695781404 0.9615305287725283 0.73180535720388
0 0.47119996748318016 0.31980096004678743 0.4636626163781215 0.3191501924684935 0.4614812762386914 0.3444150136717062 0.4690186273437501 0.3450657812500001
0 0.493748628125 0.46445053281250004 0.47986154753452226 0.4486709248492966 0.47511036454537414 0.452852274679043 0.4889974451358519 0.4686318826422465
0 0.5212099645866182 0.5051216601112735 0.509765719450638 0.48670711308645637 0.5050126876765197 0.4896610201626828 0.5164569328125 0.5080755671874999
0 0.5511867257649081 0.5470265485741221 0.5419248367187501 0.5450334093750001 0.5410875904614734 0.5489239966167866 0.5503494795076314 0.5509171358159086
0 0.6060830727338934 0.6173143038939124 0.5687800164403846 0.5695491952332234 0.5623439965938253 0.5745755254850362 0.5996470528873342 0.622340634145725
0 0.6545034148882023 0.6826461805094542 0.6453366374524918 0.6706017104946894 0.6398665077205395 0.674764904203985 0.6490332851562501 0.6868093742187499
0 0.7587585004944266 0.8104834948540451 0.6676872832670344 0.7018951523931874 0.6601553687911865 0.7082120424370275 0.7512265860185787 0.8168003848978852
0 0.691360224674449 0.7374887548199763 0.6836482659331785 0.7374650828585899 0.6832548623553949 0.8656298813315034 0.6909668210966655 0.8656535532928897
0 0.6917277476562502 0.7312845687500003 0.6916510672124716 0.7208841527118177 0.686392254805625 0.7209229250135818 0.6864689352494036 0.7313233410517643
0 0.38638723260832675 0.3221605217081397 0.35420321874999994 0.27979618828124986 0.3493955102228052 0.2834485851290147 0.381579524081132 0.32581291855590455
0 0.4512642386641428 0.5147839423914402 0.4377709438193098 0.5143019581585531 0.43140541503784907 0.6925068678440985 0.44489870988268204 0.6929888520769858
0 0.43482437243109884 0.7418626310765861 0.42855231125205445 0.741195857292374 0.4265004693448876 0.7604966730655716 0.432772530523932 0.7611634468497838
0 0.4335858812500001 0.7690717109375 0.4261779861549074 0.768343462692241 0.4218313001043577 0.8125588720439294 0.4292391951994504 0.8132871202891883
0 0.45267148515625 0.92103942578125 0.4192215478269472 0.8763726492756906 0.41413608767069726 0.8801810352131906 0.447586025 0.92484781171875
0 0.4173832592750559 0.8805454807471034 0.4112455472966866 0.8801570513595369 0.4093596036466307 0.9099575229561838 0.415497315625 0.9103459523437503
0 0.41638937798514625 0.9155623900885059 0.4083383039062502 0.9141263789062503 0.39826850416149606 0.9705832538292706 0.40631957824039205 0.9720192650115262
0 0.20731963812780368 0.41878649048150535 0.19583880337395693 0.3911715012623606 0.1899791004024032 0.3936076521871053 0.20145993515625 0.42122264140625
0 0.1907146597121651 0.46473772243308087 0.17136886519025016 0.43688214534133357 0.16655591760280913 0.4402247540679346 0.1859017121247241 0.46808033115968184
0 0.2774122850413388 0.6062487698606404 0.24590201245627846 0.5266595631743767 0.2360181751851534 0.5305726868197376 0.2675284477702137 0.6101618935060013
0 0.45540772537515845 0.9953908910982985 0.2776933355361858 0.6127608516392382 0.2666300453542684 0.6178992507755697 0.44434443519324107 1.0005292902346299
0 0.3184018340399247 0.658750546125549 0.2997822665961216 0.6291960534159442 0.2955158130249468 0.6318839533841453 0.3141353804687499 0.66143844609375
0 0.38531110335213187 0.7589539049892992 0.3591377578125 0.7207818242187501 0.3543409170289784 0.7240708608337668 0.38051426256861026 0.7622429416043157
0 0.40932367578125006 0.8010197976562502 0.38390241802054803 0.7607685635742771 0.3801922451669962 0.7631117777041798 0.4056135029276982 0.8033630117861529
0 0.42259586718750003 0.82373063671875 0.4175019236133381 0.8168948683877998 0.41459905597870705 0.8190580552042869 0.419692999552869 0.8258938235352371
0 0.44582090116280704 0.8599855729127499 0.4241047087877175 0.8265532993546756 0.41985570737377176 0.8293132711509996 0.44157189974886124 0.862745544709074
0 0.5138250209759079 0.9994958822075837 0.46466880273856104 0.8978774492320227 0.45801443396676894 0.9010963888869636 0.5071706522041157 1.0027148218625246
0 0.15493108954567242 0.48288554294839975 0.12635576028891185 0.4437288621733562 0.12163458480573945 0.44717422938120654 0.15020991406250003 0.48633091015624996
0 0.2970692486710242 0.6941645287124623 0.24519890973402844 0.6129981417540378 0.23819244231300418 0.6174757075728255 0.29006278124999996 0.69864209453125