1 0.41806987359977354 0.14754572043286912 0.40991949834264607 0.08279551677799048 0.3193884698532944 0.09419103081428212 0.32753884511042186 0.1589412344691608
1 0.34773496838658075 0.1982433978049643 0.34132862249360174 0.1416540015817731 0.2554376349421516 0.15137750831745103 0.2618439808351306 0.2079669045406422
1 0.4601574147633811 0.21303231131963676 0.3983347135823423 0.16004142529287407 0.35871582415803416 0.2062634635650138 0.42053852533907304 0.2592543495917765
1 0.5295738933859206 0.23518912696019187 0.47124603617963856 0.19306345151235269 0.4330107414860982 0.24600462777637247 0.4913385986923803 0.2881303032242116
1 0.5632648597294988 0.30667438721485346 0.5375585533749995 0.24520278668006368 0.4639245008227507 0.27599520946658523 0.4896308071772502 0.337466810001375
1 0.7055571453432845 0.26256515932717595 0.6452722881047862 0.19164179555598349 0.5939936432924829 0.23522864222426004 0.6542785005309812 0.30615200599545245
1 0.655815243426528 0.3807286884570784 0.6193574606000007 0.2992348206825907 0.5603159061834238 0.32564814756770905 0.5967736890099509 0.40714201534219674
1 0.8376660090242712 0.3308454295770876 0.7831613898814455 0.3059836723602113 0.7598810444163141 0.35702135051069483 0.8143856635591398 0.38188310772757117
1 0.8828807739267102 0.3770333451393204 0.806524831625582 0.3607440766051041 0.7956423281757933 0.411755808885069 0.8719982704769214 0.4280450774192854
1 0.976643566973479 0.29764225731600297 0.8916333919747114 0.27308376185063976 0.8740120299535331 0.3340807830749139 0.9590222049523007 0.3586392785402771
0 0.31338485937500005 0.20255035234375005 0.3082034773955614 0.20193624242445524 0.3040696742705614 0.23681405883070522 0.30925105625000004 0.23742816875000003
0 0.31031325632091955 0.2807522253311796 0.30813593866948913 0.2498026064791309 0.3033276120360696 0.25014087411670133 0.30550492968750004 0.28109049296875
0 0.3549799296875 0.5977045773437502 0.35394647890625 0.5846577460937501 0.3486298970859192 0.5850788771354962 0.3496633478671692 0.5981257083854964
0 0.35833838046875 0.690970775 0.35642825285551416 0.6532072125499918 0.34870384790043846 0.6535979224895014 0.35061397551367435 0.6913614849395097
0 0.36333573302205335 0.8192002744018836 0.3581631964852439 0.7161171445659538 0.35162163444295974 0.716445389049075 0.3567941709797692 0.8195285188850049
0 0.3600078019094188 0.2900078793356847 0.3566456941725448 0.28976486609884894 0.3546562848381364 0.3172885047372765 0.35801839257501034 0.3175315179741123
0 0.35746844000694555 0.3256144649883212 0.3548119718750001 0.3251211265625001 0.3511074569992978 0.34506874303944646 0.3537639251312433 0.34556208146526757
0 0.3548119718750001 0.36596267578125 0.35414014062500004 0.35964823906250004 0.3500303284395051 0.3600855069267337 0.35070215968950513 0.3663999436454837
0 0.35534929609375004 0.44791478906250004 0.35333415468750007 0.39068274609375014 0.3480016454092547 0.39087050385475947 0.35001678681550474 0.4481025468235094
0 0.3745480995506455 0.29610789531871895 0.3645049125258638 0.2933448323430861 0.3451448080689352 0.3637149801084337 0.35518799509371696 0.3664780430840665
0 0.3357070421875001 0.3959454226562501 0.32662710755461105 0.3925336452094647 0.26669949619682143 0.5520220064290997 0.27577943082971046 0.5554337838758852
0 0.2439897351578953 0.6393762862199871 0.23743099136150878 0.6351238375344641 0.11334125620361361 0.8265130442832269 0.11990000000000012 0.8307654929687501
0 0.22356901406250004 0.68299647890625 0.2181466547314094 0.6814871931937472 0.21070135274509458 0.7082356758460693 0.21612371207618525 0.7097449615585721
0 0.21553380312500012 0.7141922539062499 0.2109347651120858 0.7118076061785603 0.20117480300666019 0.7306306953108669 0.2057738410195745 0.7330153430385564
0 0.18402288750000012 0.7907633804687502 0.17903936548223945 0.789162453238238 0.1677950703125001 0.8241647890625 0.17277859233026077 0.8257657162930123
0 0.4513480763127956 0.3022395057407979 0.4460242694481694 0.2989121703831357 0.4189905820009239 0.3421666414049339 0.42431438886555 0.3454939767625961
0 0.41406794664271435 0.3641423730190364 0.4079754839790423 0.36048699704713477 0.3524228782297746 0.45307724740680955 0.3585153408934466 0.4567326233787111
0 0.5312515115943265 0.41001167835263497 0.5285020011136755 0.40530951568323703 0.4984649262380989 0.422873189674352 0.5012144367187499 0.42757535234375005
0 0.4276096646602984 0.47456901666658585 0.42355127943332765 0.46855978006893817 0.29741294573932564 0.5537482963970912 0.3014713309662964 0.5597575329947388
0 0.24884643845642654 0.603532422238677 0.24426847775205288 0.5986153447070339 0.22770126429562643 0.6140399646558571 0.2322792250000001 0.6189570421875
0 0.2202010691978006 0.6363359182111609 0.21337520097546142 0.6273648146502202 0.04792219463378822 0.7532534983117534 0.05474806285612739 0.762224601872694
0 0.5272021840247403 0.34231869965294576 0.5237852326206262 0.3171211880277478 0.516151939817312 0.3181563136762747 0.5195688912214262 0.3433538253014727
0 0.5199890843750001 0.45004718281250006 0.5145106261128717 0.4466676428617057 0.5037563382812501 0.4641010562500001 0.5092347965433786 0.46748059620079446
0 0.49406056328125 0.48992077500000014 0.4891673921554169 0.4874050324413 0.4792533077804169 0.5066881308788 0.48414647890625 0.5092038734375002
0 0.46213250389774563 0.552161049841918 0.46131866171875 0.5478482390625 0.4521877157110728 0.5495712798763105 0.45300155789006846 0.5538840906557285
0 0.4431162041168415 0.5789350103824951 0.43663058349913353 0.5744251609650652 0.40202744821989855 0.6241879771551104 0.4085130688376065 0.6286978265725403
0 0.372629225 0.6840721828125 0.3668731565552602 0.6803182533065509 0.3586048471802602 0.6929964228378009 0.364360915625 0.6967503523437502
0 0.3535075933040035 0.7179053434252519 0.34572061618589695 0.7123840282979655 0.26375096855683183 0.8279897772457717 0.2715379456749384 0.8335110923730582
0 0.34391112516328504 0.877297692489503 0.33149401406250006 0.7498338031250001 0.32262569129947594 0.7506977258373472 0.3350428024002609 0.8781616152018501
0 0.3315595657920386 0.7349773118425929 0.32790455207864827 0.7322969429203569 0.3212178737866097 0.741415053734014 0.32487288750000004 0.74409542265625
0 0.6351365387144623 0.27353269291122045 0.6300809859375 0.27016232421874997 0.6005719924626035 0.31442581213942244 0.6056275452395659 0.31779618083189287
0 0.5818579451094503 0.6872464002604355 0.5628250723929875 0.5099385770782832 0.5495011866393792 0.511368811893002 0.5685340593558419 0.6886766350751543
0 0.5915382208705549 0.7545898397646715 0.58760528203125 0.7357119718749999 0.5813742575490533 0.7370101183785094 0.585307196388358 0.755887986268181
0 0.5997460907244847 0.8059817410122256 0.5891769179300235 0.7627672222010131 0.5827863101947607 0.7643302024047425 0.5933554829892218 0.8075447212159551
0 0.6117154929687499 0.8729690140624999 0.6063435352311999 0.8695772724610903 0.5765502250749499 0.9167649482423403 0.5819221828125001 0.92015668984375
0 0.6193342299743565 0.9023460611840843 0.6142989437499999 0.8731411968750002 0.6078858403381433 0.874246896628416 0.6129211265624999 0.9034517609375001
0 0.6335873242187501 0.9625221828124998 0.6203264085937501 0.9067235914062499 0.6126834722462574 0.9085399873308967 0.6259443878712574 0.9643385787371466
0 0.8002158453125 0.37169366171875007 0.7950320034636288 0.3702767339417843 0.7871337636198787 0.39917250894178424 0.79231760546875 0.40058943671875
0 0.8286270316324943 0.41722012880984655 0.8234710221406172 0.4140547955292398 0.8057309623831228 0.44295156828189325 0.810886971875 0.44611690156250017
0 0.7663035285397701 0.5126870656083149 0.7555021725806866 0.5086970291028929 0.7258735320659492 0.588904188197433 0.7366748880250327 0.592894224702855
0 0.7413294504248734 0.6015423507327033 0.7296737310746526 0.5969892260094262 0.5761935118891559 0.9898891506459948 0.5878492312393767 0.994442275369272
0 0.7124021125000001 0.6168781687500001 0.7079976097819858 0.6146578496486026 0.6922687363444858 0.6458596105861025 0.6966732390625001 0.6480799296875002
0 0.660149950076548 0.7127772751811468 0.6553178607865646 0.7100820609375629 0.6327634092988456 0.7505185953372685 0.6375954985888288 0.7532138095808524
0 0.6373549296875002 0.7538366195312503 0.6331685580812982 0.7516862431638369 0.6114535210937502 0.7939612679687501 0.6156398926999522 0.7961116443361634
0 0.6074140702535145 0.8127735983087438 0.6045722786216147 0.8102160098493851 0.5987926398076348 0.8166378910386243 0.6016344314395345 0.819195479497983
0 0.6023050289017539 0.8225084691517998 0.5978396066294376 0.8201443446532591 0.5791965125365042 0.8553579248343656 0.5836619348088203 0.8577220493329062
0 0.5707285620474896 0.8976723484292186 0.5630755837581359 0.8943673883759082 0.5183096940445806 0.9980274558367206 0.5259626723339341 1.001332415890031
0 0.8732989437500001 0.42062077500000006 0.8684692080616309 0.41766353620369223 0.8431547713428807 0.45900684557869215 0.84798450703125 0.46196408437500003
0 0.7681754032590972 0.5982641198706137 0.7611681724697696 0.5945901774011931 0.7164289110391135 0.6799204003967929 0.7234361418284411 0.6835943428662135