1 0.7075811184716062 0.129256810402931 0.6189552758911343 0.12596042179963615 0.6167657038833151 0.18482868262593086 0.705391546463787 0.1881250712292257
1 0.6371228444292454 0.14060552297914203 0.634537433935761 0.07438892971810951 0.5431119680620471 0.07795861440288021 0.5456973785555315 0.14417520766391273
1 0.6127046830428922 0.19463244601809607 0.5696350965795887 0.1503344012444327 0.513152319610621 0.20525081705425108 0.5562219060739245 0.24954886182791441
1 0.38610477725819514 0.3397755994329167 0.3257203449404048 0.3052265829978422 0.28400073917826174 0.37814370106408884 0.3443851714960521 0.41269271749916336
1 0.28214297964510965 0.4284433559524081 0.23893588624190124 0.3907233803283015 0.1904647477249719 0.4462456062738126 0.23367184112818032 0.4839655818979193
1 0.19964794600572708 0.44905312251729806 0.18647425332243756 0.39807365025913743 0.11289874760926688 0.4170864226231702 0.12607244029255643 0.4680658948813307
1 0.110241008762653 0.37256810886077707 0.08824936197137599 0.3153327358903523 0.0057257410460999966 0.34704093012652304 0.027717387837376983 0.40427630309694773
1 0.4757195246631437 0.25573299804856575 0.4345255131671582 0.247332837025595 0.41979433558564816 0.3195738687132855 0.4609883470816337 0.3279740297362562
1 0.530394973841159 0.2555979420462001 0.5184894730825975 0.19676699908475048 0.44598147974531505 0.2114402972884602 0.45788698050387655 0.27027124024990984
1 0.5572725841442747 0.22138884405361706 0.5193955210128858 0.218921137263881 0.5149629317028894 0.2869573666200492 0.5528399948342784 0.2894250734097853
0 0.6661894542806766 0.21796006552480646 0.6614881630453409 0.1817482817376375 0.65335313359375 0.18280443359374998 0.6580544248290858 0.21901621738091898
0 0.6724284902830913 0.2602477846730256 0.6675559734375 0.23164584140625005 0.6609322550053882 0.23277423255575663 0.6658047718509795 0.2613761758225322
0 0.6851603945312501 0.48974209140624997 0.6812079564665898 0.4566588161739366 0.6755515354972246 0.4573345852261864 0.6795039735618847 0.4904178604584998
0 0.6911473164435089 0.5922505191152636 0.688609011785639 0.5363023057050753 0.6823962223302884 0.5365841726575956 0.6849345269881582 0.5925323860677839
0 0.7012514170626607 0.7592814745859091 0.6974151960056039 0.6231524299582276 0.6881186121825075 0.6234144148323476 0.6919548332395643 0.7595434594600292
0 0.6998179148437501 0.75971141875 0.6950922871939144 0.75948059307836 0.6946057375000001 0.7694415851562502 0.6993313651498358 0.7696724108278902
0 0.704702831643463 0.8584289432752472 0.6988329644044141 0.7861145923229068 0.6919371409432766 0.7866743369335923 0.6978070081823257 0.8589886878859326
0 0.6260623453124999 0.3011115335937499 0.6191571796875001 0.2772274804687499 0.6148704567939004 0.2784668233647763 0.6217756224189003 0.3023508764897763
0 0.63380563046875 0.34635314765625 0.62771672421875 0.31183608671875007 0.6237820217721116 0.312530179253529 0.6298709280221116 0.34704724019102895
0 0.643136389670697 0.4272986078060053 0.6395921444325354 0.37898857487385873 0.63341606328125 0.37944168046875004 0.6369603085194115 0.4277517134008967
0 0.6581635657409619 0.5378862191808317 0.6474191093750001 0.4792217515625 0.6400264478350779 0.4805757249738124 0.6507709042010397 0.5392401925921441
0 0.6673166714620726 0.7133540563884918 0.6570342632963533 0.5648879178645637 0.6494533226030187 0.5654129556089542 0.6597357307687381 0.7138790941328824
0 0.5973007054359162 0.2609439558966825 0.5886646596558494 0.23988956799097236 0.5843149951962101 0.2416737044650224 0.5929510409762766 0.2627280923707325
0 0.6343448031250001 0.3498122171875001 0.6092571581868873 0.2800200645600389 0.6016328695312501 0.2827607085937501 0.6267205144693627 0.3525528612212112
0 0.7745359592970655 0.643802943804767 0.6529067165932625 0.3776092420249027 0.6437025869009745 0.3818147935339552 0.7653318296047775 0.6480084953138195
0 0.8000904665629227 0.715590496425162 0.7941501828125 0.7028667234375001 0.7892596599995771 0.7051499371685882 0.7951999437499998 0.71787371015625
0 0.8360898218750001 0.8025231320312501 0.8203109075804008 0.7597861201323577 0.8153541430144008 0.7616162051053188 0.831133057309 0.8043532170042113
0 0.5535592976198443 0.3676759973026498 0.5447318105835759 0.3286024521215988 0.5398133984374999 0.32971361875000005 0.5486408854737683 0.36878716393105104
0 0.5653344728976075 0.41416477950658404 0.5578343593749999 0.3937879632812501 0.5517388114773923 0.39603155721216604 0.5592389249999999 0.4164083734375
0 0.6030859142030536 0.5937982575883616 0.5638879507812501 0.42175735390625013 0.5551806262292793 0.4237412390288287 0.5943785896510827 0.5957821427109403
0 0.6050783171668634 0.6225159311907073 0.60296883515625 0.6139979382812499 0.5987508851768867 0.6150425141217928 0.6008603671874999 0.62356050703125
0 0.6230266189058876 0.7085019828671111 0.61535021875 0.6632920796875001 0.6104646798618995 0.6641216181037453 0.6181410800177872 0.7093315212833562
0 0.6766783010115789 0.9438806859595068 0.626777517455467 0.7079675020773424 0.6174886607001346 0.7099322978670644 0.6673894442562467 0.9458454817492287
0 0.49923315859375006 0.28980757421875 0.4979488865955304 0.26317178614505804 0.49146528471169526 0.26348439969807086 0.49274955670991494 0.29012018777176285
0 0.5050480875 0.33634093046875 0.4994731684978226 0.3362205518483397 0.4988102605433829 0.36692083848812834 0.5043851795455602 0.3670412171085387
0 0.511354378481067 0.44163982571821947 0.5054179073062242 0.44119303374329455 0.5040763023437501 0.45901877734375 0.510012773518593 0.459465569318675
0 0.5134943947388078 0.5811997586696356 0.5129126129067062 0.4842149426610981 0.5048807296875 0.4842631234375001 0.5054625115196015 0.5812479394460376
0 0.53096479453125 0.77289309375 0.5155022374999999 0.6275384546875 0.5061335180737135 0.6285350816914476 0.5215960751049635 0.7738897207539476
0 0.4631048008418407 0.3391347943255615 0.4627334377486888 0.32584855314516126 0.4559568270004311 0.32603796586877426 0.456328190093583 0.3393242070491745
0 0.4594237359083597 0.38406099674535754 0.45275544296875003 0.38356322421875005 0.45027218207200026 0.416829646570067 0.45694047501160995 0.41732741909667437
0 0.449140926733539 0.5063509543962301 0.448725301343479 0.4892103271745657 0.44441291132869 0.4893148938720855 0.44482853671875 0.50645552109375
0 0.44965336640625014 0.5142856320312501 0.44400729068752776 0.5141969337886547 0.4435953406875277 0.5404195603511547 0.44924141640625004 0.5405082585937502
0 0.448955065625 0.5948981156250002 0.44562155509381773 0.5697413003623708 0.43937223062923214 0.5705693936125692 0.4427057411604144 0.5957262088751986
0 0.44214163867275824 0.789365501238553 0.4418446743049941 0.7430126589777186 0.4350117249360073 0.7430564349877831 0.4353086893037714 0.7894092772486174
0 0.4419584040760108 0.795459647543223 0.43418465078125007 0.7938796210937502 0.4292774056714088 0.8180233389749022 0.43705115896616953 0.8196033654243748
0 0.43349413219921085 0.8849866928512711 0.4251519765625001 0.8840388218749998 0.41487440015547533 0.9744911556861666 0.4232165557921861 0.9754390266624376
0 0.3910101831693179 0.48775253591028706 0.3733597674214013 0.4376102933398093 0.3653190593606469 0.44044067811927856 0.38296947510856344 0.4905829206897564
0 0.4356977356083961 0.5951201401268879 0.4233913896367466 0.5432728066602174 0.41373635234375 0.5455645007812501 0.42604269831539965 0.5974118342479205
0 0.4448894962116629 0.6286981755401725 0.4334748437500001 0.6190272953125 0.4298030248786667 0.6233611858510797 0.44121767734032946 0.6330320660787522
0 0.4490997617187501 0.6479050593750001 0.44509550201959963 0.6369258082718597 0.439389540018335 0.6390068385235509 0.4433937997174854 0.6499860896266912
0 0.46181409375 0.6835746203124999 0.45286076543761605 0.661646047555102 0.44713825721636 0.6639825194925169 0.45609158552874396 0.6859110922499149
0 0.4853720225817996 0.7287527115483526 0.46794156024096945 0.696451887525482 0.4625967220341699 0.6993361173833794 0.4800271843750001 0.73163694140625
0 0.5388007189361821 0.8290277356584076 0.5356328915709746 0.8091763954840043 0.5294208124785423 0.810167703575597 0.5325886398437499 0.8300190437500001
0 0.563113787209046 0.9310334462622043 0.5467752709254057 0.8625292126413427 0.5379147679687499 0.8646424757812501 0.5542532842523903 0.9331467094021116
0 0.6414779003460807 0.9696312653927605 0.5596690781250001 0.84693313671875 0.5535956996539195 0.8509825541384896 0.6354045218750001 0.9736806828125
0 0.28991998544080155 0.4792939454431169 0.2574225607837038 0.4523534633012726 0.25394280781250006 0.45655097578125015 0.2864402324695979 0.48349145792309456
0 0.31671654354407486 0.5005154744365649 0.29515614886328917 0.4848101091947504 0.29214299047546444 0.48894658632068555 0.3137033851562501 0.5046519515625
0 0.3777907367187501 0.54939352109375 0.3715835625 0.544075184375 0.36890193355739254 0.5472049858368224 0.37510910777614254 0.5525233225555723
0 0.4259442013763879 0.5884481625891036 0.40107189674779403 0.5724425672954618 0.3981020786832453 0.577057592118831 0.4229743833118391 0.5930631874124728
0 0.5112820560774923 0.6533938001194148 0.5011751390625001 0.6485784171875 0.49886219861000775 0.6534330045680854 0.508969115625 0.6582483875000001
0 0.5789781499470736 0.6968730761585735 0.5185172121720846 0.6558237460115417 0.5148533561095376 0.6612201842145702 0.5753142938845267 0.7022695143616019
0 0.6518120324137648 0.7489709219274785 0.6439740387199187 0.7451983635255975 0.6410481516186538 0.751277284566869 0.6488861453124999 0.7550498429687501
0 0.7848652264136977 0.8390402287009845 0.6581970961066724 0.7533057297355995 0.6530801479847043 0.760865746523584 0.7797482782917295 0.846600245488969
0 0.20440626587390823 0.48909504837614814 0.17306213468855008 0.4513908121218993 0.16877638519830682 0.45495362382676774 0.20012051638366496 0.4926578600810167
0 0.22212244765625 0.5129519250000001 0.21379093664005597 0.49923663083356684 0.20979130070255597 0.5016662550523169 0.21812281171875 0.51538154921875
0 0.29386708046875 0.6040402921875001 0.24037751351541198 0.5325427686249128 0.23316320703125 0.5379400203125 0.286652773984588 0.6094375438750872
0 0.5817803363728697 0.9808668621744434 0.3219256845580579 0.6280580206400914 0.3044090658964022 0.6409595534460774 0.5642637177112141 0.9937683949804296
0 0.16007059940553217 0.5041172224307152 0.12582001507894777 0.4569923628729747 0.12100272031249996 0.460493596875 0.15525330463908435 0.5076184564327406
0 0.30437371100076144 0.7021201290425898 0.22614648050521144 0.5897891068353599 0.2196670452856999 0.59430138013652 0.2978942757812499 0.70663240234375
0 0.46598200078125007 0.9237309648437501 0.34928373515625 0.76460083359375 0.34280327358090373 0.7693532875781199 0.45950153920590375 0.92848341882812