1 0.1890694613211753 0.3862321705625174 0.1299339441835405 0.3515520753635938 0.09140385405962029 0.4172524949203549 0.15053937119725508 0.45193259011927844
1 0.29219935060516156 0.29257742785664165 0.25206280801023545 0.2455209297805999 0.19367039548301773 0.2953263689535677 0.23380693807794387 0.3423828670296094
1 0.3734149149842535 0.16665385102718805 0.3088679412586974 0.1307258477666185 0.27702346943589556 0.1879364940456017 0.34157044316145163 0.22386449730617128
1 0.48868537218218533 0.2278777059635207 0.4632671138997497 0.18704134446719844 0.3899710231679455 0.23266389498462442 0.4153892814503811 0.2735002564809467
1 0.549755625965152 0.18133143620701028 0.4874561530887866 0.17663485305778834 0.48260556286282286 0.24097720676802795 0.5449050357391882 0.24567378991724986
1 0.6724252872096548 0.11549524061516891 0.5899656526528478 0.11258129208460635 0.5877789932463334 0.1744599195449813 0.6702386278031403 0.17737386807554387
1 0.6000256387222086 0.26869046544951397 0.5407834176016536 0.2588986813171423 0.5326924672294069 0.3078505234480797 0.5919346883499619 0.31764230758045137
1 0.6866081981415958 0.2859096793441115 0.615022512286332 0.24436686675539968 0.5864259039671412 0.2936439303940772 0.658011589822405 0.3351867429827891
1 0.7408850616017636 0.2588103150739624 0.6605087431330144 0.2424423056788018 0.6488561120948756 0.29966341062252166 0.7292324305636247 0.31603142001768225
0 0.2762729094870027 0.8818358498302332 0.2690947593750001 0.8801638523437498 0.25931254988799746 0.9221604275135166 0.2664907000000001 0.9238324249999998
0 0.6567711491127362 0.8744275581337828 0.6092975769398553 0.8296586849654108 0.6037822253761034 0.8355072449578825 0.6512557975489843 0.8802761181262546
0 0.7045461332716247 0.8112643634816223 0.6488378082126771 0.7738925692311687 0.641480354168176 0.7848599699069434 0.6971886792271237 0.822231764157397
0 0.30246835156250007 0.8048316562500002 0.2941414985673349 0.8014181924126926 0.27069255293912875 0.8586198891184409 0.2790194059342939 0.8620333529557485
0 0.3093385710937501 0.7931734710937501 0.3029662678005517 0.7908906069773427 0.29984531640625006 0.79960231640625 0.3062176196994485 0.8018851805226574
0 0.31530680052212945 0.7844369966462169 0.31039541796875 0.780114478125 0.3053238729393822 0.7858769283386091 0.3102352554927616 0.790199446859826
0 0.3971962991722152 0.5675412403539726 0.36842680625000007 0.513124559375 0.3601863146841554 0.5174812154501979 0.38895580760637055 0.5718978964291704
0 0.38526464921875003 0.6173078320312502 0.2987064576235713 0.5469409165657516 0.2927483024207298 0.5542700304851222 0.3793064940159086 0.6246369459506208
0 0.3601128273437501 0.7954854093750001 0.35322743197967876 0.791231142857163 0.34182761484375007 0.80968138515625 0.3487130102078214 0.813935651674087
0 0.33858321718750006 0.8294386507812501 0.33243366330859786 0.8260898255989222 0.3034321332977075 0.8793462548427444 0.3095816871766097 0.8826950800250721
0 0.29948375312500003 0.9016960578125 0.29410783136909086 0.8969604238273596 0.28791847031250006 0.9039866257812502 0.2932943920684093 0.9087222597663904
0 0.42104074375000006 0.6808118703125 0.4098184234894946 0.6759310046764497 0.36672030349310475 0.7750242683083848 0.37794262375361015 0.7799051339444351
0 0.47514758984374994 0.8002209976562501 0.4650376686502636 0.7974557857430925 0.44579102958776373 0.8678236310555925 0.4559009507812499 0.8705888429687499
0 0.5179256984375 0.8278022687500002 0.5024554902909072 0.7929163401482462 0.4932365909188728 0.7970044724664639 0.5087067990654657 0.8318904010682179
0 0.5872301490859688 0.9734875711367605 0.5871198453125 0.8994903023437502 0.5778171467185353 0.8995041693793191 0.5779274504920041 0.9735014381723295
0 0.6030531734509814 0.9165319469876833 0.5915794455489864 0.879806044321713 0.5836868150667549 0.8822718215527795 0.5951605429687499 0.9189977242187497
0 0.5715418845166653 0.8046733591885517 0.5638801170645185 0.8033119541231987 0.5534301825478531 0.862122494934647 0.56109195 0.8634839
0 0.59685406171875 0.8372466734374999 0.5886262593045964 0.8357971830845603 0.5793396593045964 0.8885110971470604 0.5875674617187501 0.8899605875000001
0 0.5825677955248809 0.8229925277684664 0.5784768056214938 0.809473662503215 0.5706601249403628 0.8118390948909987 0.57475111484375 0.8253579601562502
0 0.5859100943963277 0.8511686511799775 0.5843434244850371 0.8335031957377602 0.5747953369740093 0.8343499727406417 0.5763620068852999 0.852015428182859
0 0.6156301996491644 0.519560852373721 0.6069232403888198 0.518164407338617 0.570807838862711 0.7433471548539184 0.5795147981230556 0.7447435998890224
0 0.6536702373026537 0.5925772065247228 0.645655275350815 0.5909509742066498 0.6208752724231614 0.7130803762756771 0.6288902343750001 0.7147066085937501
0 0.669193939139441 0.5223232328514713 0.6595929945896141 0.520975479326526 0.650608907473818 0.5849751058406362 0.660209852023645 0.5863228593655815
0 0.6697297462563515 0.4406317552755189 0.6634207800883607 0.44031312608816753 0.6613498378515142 0.4813184860074412 0.6676588040195052 0.4816371151947926
0 0.6882231317654725 0.30494167094732444 0.6819316625 0.3038650226562501 0.6766930054333006 0.3344774800397118 0.682984474698773 0.33555412833078613
0 0.6248358008891303 0.31474374360130775 0.616458238529779 0.3093339203272453 0.6053106614898491 0.3265968727522248 0.6136882238492003 0.3320066960262872
0 0.6386407049440237 0.17181397081730893 0.6282158310320706 0.1698867095759687 0.6127061025987058 0.25378138864605826 0.623130976510659 0.2557086498873985
0 0.5201534515625001 0.26619934453125005 0.5132765909118497 0.2657423623402697 0.5095207829596451 0.32226134366535875 0.5163976436102954 0.3227183258563391
0 0.4740792540660793 0.3410568320587014 0.46492998515624995 0.31754577265624995 0.45814009906517705 0.3201880395422695 0.4672893679750064 0.34369909894472095
0 0.35094730038314886 0.29242384152345235 0.3307087586144229 0.20912714296080184 0.3226526463671479 0.21108453103287994 0.34289118813587394 0.2943812295955305
0 0.37435258417492234 0.4062761845129323 0.3514092177578167 0.3008476062556288 0.3433937973138773 0.3025919219930909 0.36633716373098285 0.4080205002503943
0 0.3785010095639225 0.42501046650771873 0.3743766784463839 0.41271995597867883 0.3685406868512112 0.4146783418147101 0.37266501796874996 0.42696885234375
0 0.17997299806137096 0.44546783854412075 0.16172350628020052 0.4269638028126259 0.15693114975056083 0.43169023505525506 0.1751806415317313 0.45019427078674984
0 0.2924645426570832 0.5430364976704987 0.20653030859375007 0.4718011945312501 0.20098135081768503 0.4784951428310672 0.28691558488101815 0.5497304459703157
0 0.3453071553890588 0.4814715965346134 0.28449554629849744 0.3672594618470426 0.27762580982269264 0.370917214416545 0.338437418913254 0.4851293491041158
0 0.45996858554860076 0.5309128511766705 0.45194220648690087 0.526602421527931 0.41166139593830015 0.6016086461325107 0.41968777500000004 0.6059190757812501
0 0.5164022181383594 0.4211838606510748 0.5075390189864176 0.41755617852812044 0.4712589177390383 0.5061961838288755 0.48012211689098 0.5098238659518299
0 0.516407168717775 0.37898023411946535 0.5071538296654982 0.37884653778141564 0.5068662336039733 0.39875152475570036 0.5161195726562501 0.3988852210937501
0 0.530163496892922 0.399558828118623 0.524062796354791 0.3954829520712606 0.5119456380786432 0.41361970430732303 0.5180463386167742 0.41769558035468546
0 0.5694024093750001 0.4139577304687501 0.5636007415172417 0.4104052294298814 0.523551660411582 0.47581026775112345 0.5293533282693403 0.4793627687899922
0 0.4979343999619427 0.5321701979218186 0.49122888359375005 0.5286992265625001 0.4714143505451622 0.5669786192543163 0.47811986691335484 0.5704495906136348
0 0.46762379339596494 0.6005421586048632 0.4609241655492314 0.5970112254046073 0.4385970182849709 0.6393749771569542 0.4452966461317046 0.6429059103572101
0 0.5173617302164192 0.7276494155227649 0.49397281289646616 0.7003193445068182 0.48818254638834846 0.7052746212252664 0.5115714637083014 0.732604692241213
0 0.5480296595123866 0.6611021252472513 0.5233695348242022 0.5701884257212269 0.5143206948430656 0.5726429020364755 0.5389808195312501 0.6635566015624998
0 0.6169487110548438 0.4583545594685262 0.6146426386447221 0.41900568777180114 0.6072762899302849 0.41943739858843204 0.6095823623404065 0.4587862702851571