1 0.34761931772346755 0.2031168135910811 0.3442747792095541 0.14358402477831692 0.2574030516105726 0.14846445864542135 0.260747590124486 0.20799724745818554
1 0.4173591374329229 0.1509011300711632 0.4130088659157292 0.08477702887761081 0.32171110462522007 0.09078346289118011 0.3260613761424138 0.15690756408473253
1 0.4559339646435211 0.20893558110007676 0.3958092819925479 0.15883167839685228 0.3562110364957896 0.206349572524383 0.4163357191467627 0.2564534752276075
1 0.7020987798182011 0.35524567233034776 0.6511945796176729 0.28779760685287836 0.5959197576420522 0.32951445349595154 0.6468239578425802 0.39696251897342094
1 0.80222648317071 0.41271458036302516 0.7454233301670223 0.364195221545035 0.7088916184795641 0.40696405565625327 0.7656947714832516 0.45548341447424345
1 0.8773861945406057 0.3791987637373384 0.8024371251140225 0.36522520679628023 0.7926680010978279 0.41762322951985115 0.8676170705244111 0.43159678646090927
1 0.9762943383360622 0.29885717423422625 0.8915248583987168 0.2726556986794044 0.873382874244934 0.3313503534338662 0.9581523541822794 0.35755182898868804
1 0.5590514811377514 0.3141529871327986 0.5398193303201115 0.24271928148332042 0.49939873778300237 0.2536017483068476 0.5186308886006423 0.32503545395632577
1 0.5241539800145374 0.20858881879944957 0.45118863333172204 0.1991303466007152 0.4433520172653555 0.2595842334535063 0.5163173639481708 0.26904270565224064
1 0.4623161959877998 0.2900891899282168 0.45219704408167927 0.22262818969400205 0.4145924439521629 0.22826888075636945 0.42471159585828344 0.29572988099058417
0 0.31433098593750003 0.20057183125000008 0.30725412525843454 0.19969542623184916 0.30274426588343456 0.23611197545059914 0.30982112656250005 0.23698838046875004
0 0.3115951229934517 0.2792283267339212 0.3092563056091505 0.25031120728278883 0.3027778554633242 0.250835184501543 0.30511667284762545 0.27975230395267536
0 0.32058330373432764 0.5090705097715038 0.3201124313646736 0.47588006578285363 0.314310817474096 0.4759623731988499 0.31478168984375005 0.5091528171875
0 0.32507703797599047 0.6114012812747873 0.3227866354747796 0.5555175050377558 0.3162613739059946 0.5557849435758174 0.3185517764072055 0.611668719812849
0 0.33418611276116494 0.7784182597142146 0.32582150234810514 0.6424935190156463 0.3167895889342792 0.6430493298018423 0.3251541993473389 0.7789740705004105
0 0.33462464765625 0.78830739453125 0.33169825162373284 0.7782249914529469 0.32724037505715686 0.7795188806375554 0.330166771089674 0.7896012837158584
0 0.3406710845078298 0.8777202160398543 0.33920559522218185 0.805172027991989 0.3321769723680903 0.8053140077128159 0.33364246165373823 0.8778621957606813
0 0.36149253667154924 0.2912755091174951 0.3566347861544723 0.29072457391102435 0.35383873203125 0.31537816875 0.35869648254832687 0.3159291039564708
0 0.35731918806651686 0.3265432517535037 0.35331443671875 0.32621690156250005 0.3504678088183298 0.361148815914197 0.35447256016609663 0.3614751661052006
0 0.35593661953125 0.44247323906249986 0.354713028125 0.3940478875000001 0.34853646654701875 0.39420395425890087 0.3497600579532688 0.4426293058214007
0 0.3572155083931424 0.4950450233313216 0.35018785070245495 0.49469363451898146 0.3472079904232608 0.554289834718947 0.35423564811394825 0.5546412235312872
0 0.36448843925295504 0.7293124120774657 0.35734154300146903 0.5806898351974413 0.34966360415750913 0.5810590484993163 0.35681050040899515 0.7296816253793407
0 0.38914499191773844 0.2519031514409731 0.3846401248332668 0.2505834847039897 0.3782422665971797 0.27242346912668475 0.3827471336816513 0.27374313586366805
0 0.3762161968750001 0.29457429609375 0.36853891335120526 0.2926163047093148 0.35019303244322214 0.36455049724151867 0.35787031596701696 0.36650848862595387
0 0.34449036366830843 0.3973976620836751 0.33457773500479615 0.3940937703604227 0.24203726799744749 0.6717418782980691 0.2519498966609598 0.6750457700213214
0 0.23260458780743418 0.7334571704389415 0.22768583159092914 0.7322647077508475 0.22427244065849505 0.7463445091869059 0.22919119687500009 0.747536971875
0 0.2131073945312501 0.7929908453125 0.2079079050092279 0.7917528673298044 0.19737359140625005 0.8359968312499999 0.20257308092827225 0.8372348092326956
0 0.4426049296874999 0.33480809843750003 0.43761828663630364 0.33410268186124925 0.4320059624175537 0.37377662561124925 0.43699260546874996 0.37448204218750003
0 0.43511987044945044 0.400882589220161 0.4294507910554894 0.4001739542309025 0.426678808106039 0.42234981579199155 0.4323478875 0.4230584507812501
0 0.4377238799719548 0.43008065919780086 0.42828345078124996 0.42886408437500007 0.40573519054952234 0.6038350356898943 0.4151756197402271 0.6050516105126951
0 0.41325224355449064 0.6244038439126676 0.4090433805918187 0.6241031975235389 0.40839888313107825 0.6331257622046215 0.41260774609375017 0.6334264085937501
0 0.40746482976082204 0.6748325122315033 0.4023503523437501 0.6744549296875001 0.39897777648917826 0.720137558080997 0.40409225390625014 0.7205151406250001
0 0.40684621849755465 0.7214132269569878 0.39831759237543873 0.7203208485002138 0.36769531762788416 0.959400931699476 0.37622394375000007 0.9604933101562502
0 0.48396961801495975 0.26406235609995726 0.4777631353546859 0.2639995662107328 0.47749133522647913 0.2908657194021129 0.483697817886753 0.2909285092913374
0 0.4870658453125 0.36755176093749997 0.4834571181148527 0.33710326117068956 0.47787253515624994 0.337765140625 0.4814812623538973 0.3682136403918104
0 0.49166232421875006 0.4596693664062501 0.4878014085937501 0.44220211249999986 0.48207368405224466 0.44346815359018416 0.4859345996772446 0.4609354074964343
0 0.5010397890625 0.58157394375 0.49350105625000007 0.48485950703125014 0.4862919176973953 0.4854214476390874 0.4938306505098954 0.5821358843578374
0 0.5074308611868058 0.7746226378849684 0.5072467070838717 0.6284484534526223 0.49754577558456575 0.6284606749426536 0.49772992968749985 0.7746348593749998
0 0.5265232390625 0.3356482390625 0.5256284375064292 0.32240593088405056 0.5189002101780733 0.32286056675280406 0.5197950117341442 0.3361028749312535
0 0.5397897890625001 0.41226338046875 0.5348147890625001 0.37926267578125006 0.5283328685685927 0.38023985353434825 0.5333078685685927 0.4132405582218482
0 0.5555440140625001 0.50065316875 0.5540517609375001 0.4835721828125001 0.549796648502691 0.48394392393161956 0.551288901627691 0.5010249098691195
0 0.560401340978349 0.5339724045394411 0.5558298215959849 0.5081884002092556 0.550143269680136 0.5091966292635647 0.5547147890625002 0.5349806335937501
0 0.5676832403076497 0.5638508118072783 0.5614696675330655 0.5635971783042796 0.5604314260523884 0.5890322605055986 0.5666449988269726 0.5892858940085974
0 0.594655040739966 0.7809867991673491 0.5895169312185387 0.7349406078769863 0.5828985183312901 0.7356791299853247 0.5880366278527175 0.7817253212756875
0 0.6014224585661962 0.8101105068337174 0.5961735914062501 0.7853901406250001 0.5895685668719128 0.7867925832941826 0.594817434031859 0.8115129495028999
0 0.6342267010944503 0.9630007915816285 0.6145809859375001 0.87411126796875 0.6063920846679453 0.8759211192903825 0.6260377998248956 0.9648106429032612
0 0.6275464789062501 0.42664823906250005 0.6191841586746755 0.4246984974446127 0.6071169359553109 0.47645406328948725 0.6154792561868856 0.47840380490737455
0 0.5905538734375 0.5362978875000002 0.5818053006474161 0.5345228036831567 0.5710970590742694 0.5872988078174705 0.5798456318643533 0.5890738916343137
0 0.5786024648437501 0.6114214789062501 0.5728461355006943 0.6099579038537771 0.5692700835660351 0.6240227327458715 0.575026412909091 0.6254863077983445
0 0.5740496476562502 0.6317200703125001 0.5679645671534163 0.6306867109425364 0.5660816898437502 0.6417742960937503 0.5721667703465841 0.6428076554637139
0 0.5689274648437501 0.65733028203125 0.5627398202849213 0.6558149834365985 0.5571654929687501 0.6785774648437501 0.5633531375275789 0.6800927634384017
0 0.5575450703125001 0.6941330984375002 0.5520137340152091 0.6919513183159248 0.5385447199527091 0.7260985019096747 0.5440760562500001 0.7282802820312502
0 0.5020862679687502 0.81148626796875 0.4960947179687502 0.81148626796875 0.4960947179687502 0.83161760546875 0.5020862679687502 0.83161760546875
0 0.5004084507812501 0.8666080984375 0.4916085778217081 0.8653682948102205 0.4817828731342081 0.9351091401227205 0.4905827460937501 0.93634894375
0 0.4832944148385751 0.8546084467585816 0.4768289172752095 0.8512208515223971 0.40838485478038444 0.9818518414825655 0.4148503523437501 0.98523943671875
0 0.74016760546875 0.43106901406250014 0.7363156933230672 0.4272170565509252 0.7064649894168171 0.45706740889467523 0.7103169015625 0.4609193664062502
0 0.7051813382812501 0.4668573945312501 0.7016739509235592 0.4631346767272758 0.6822549368610591 0.48143045094602577 0.68576232421875 0.48515316875000003
0 0.6350005630919414 0.5324603721057373 0.6316408853311066 0.5298911814052768 0.6267028171875001 0.5363485914062501 0.6300624949483349 0.5389177821067106
0 0.6097434726797749 0.5665791913645355 0.6061186678075642 0.5616299354977237 0.5823142795027894 0.5790641246019383 0.5859390843750001 0.5840133804687502
0 0.5168646888790955 0.6510852743273152 0.5137116107002504 0.647056298343274 0.5044684007274048 0.6542900380784589 0.50762147890625 0.6583190140624999
0 0.5020668598568891 0.6619407100865573 0.497942704772402 0.6569717736890207 0.44174013494412445 0.7036192039586958 0.4458642900286117 0.7085881403562324
0 0.38570573022370575 0.7639558305303847 0.381803694806429 0.7586763986996405 0.37468740130147316 0.7639360611380057 0.3785894367187499 0.7692154929687499
0 0.3734518980990974 0.7733741777559795 0.36755862437839376 0.7666968467475153 0.25277697151730283 0.868000750592888 0.2586702452380064 0.8746780816013523
0 0.8246778249091722 0.4206235455314854 0.8201008096751012 0.41748694370520684 0.7924103089846789 0.4578936802049715 0.79698732421875 0.46103028203125007
0 0.7884063382812501 0.4711394367187502 0.7841244332319194 0.469255316373583 0.7776589402631694 0.48394897809233284 0.7819408453125001 0.48583309843750017
0 0.7693408453125001 0.509840140625 0.7632442672458168 0.5058717277399511 0.7143767073528535 0.5809457944879475 0.7204732854195368 0.5849142073729964
0 0.69932359140625 0.6139228875 0.6840531465476423 0.6055093909150987 0.47255156106655727 0.989383475370424 0.48782200592516495 0.9977969719553255
0 0.8727915492187501 0.42109401406250013 0.8677279509847189 0.4180869487025083 0.8379793595784688 0.46818061042125825 0.8430429578125 0.4711876757812501
0 0.7882354917831631 0.5642454711636904 0.7814365701085974 0.5605305757568069 0.7157986134816844 0.6806597522493666 0.7225975351562501 0.6843746476562501
0 0.6832929653166915 0.750670832513617 0.6758293242595939 0.7464171322041516 0.5781235914062501 0.9178538734374999 0.5855872324633478 0.9221075737469654