1 0.17078249787417954 0.46483246677247514 0.105013683263763 0.4454886955813846 0.08352247255143477 0.5185588037381396 0.1492912871618513 0.5379025749292302
1 0.24819185461616575 0.34901028227892167 0.19786353545842073 0.3130614783227381 0.15325466247003994 0.3755138925883972 0.20358298162778493 0.4114626965445808
1 0.2965313009977836 0.2071793597557921 0.22520987715857693 0.18793389813376787 0.20815183030558929 0.25114901935895645 0.2794732541447959 0.27039448098098073
1 0.42318912386381424 0.23869815759852275 0.38864668680331294 0.20522404358621768 0.32856489701654934 0.2672233377700352 0.3631073340770506 0.3006974517823403
1 0.47854357096553696 0.2459233335500016 0.47197133438806016 0.1794707196266785 0.4112588889941103 0.18547524722564676 0.41783112557158697 0.25192786114896987
1 0.5871314881357315 0.14577279126806925 0.5742833982563551 0.08520322294855905 0.4935682197457082 0.10232462395746562 0.5064163096250845 0.16289419227697582
1 0.545399879007561 0.30010855969226957 0.5408271341136957 0.2509515539855503 0.4808320432143572 0.2565324928898383 0.4854047881082225 0.3056894985965576
1 0.6292720011923713 0.24712446779419966 0.5497626004387431 0.22413379874668102 0.5339366339273007 0.2788652687648441 0.6134460346809288 0.30185593781236275
1 0.6785312037320291 0.265266798519651 0.6738143461301187 0.2063061177414765 0.5927696532984922 0.21278969748363674 0.5974865109004026 0.27175037826181125
0 0.37596126796875 0.967733803125 0.37529301229798645 0.9246181747578719 0.36792359140625003 0.92473239453125 0.3685918470770136 0.9678480228983781
0 0.7426966007091976 0.825379085961899 0.6858026259087739 0.7934249361934407 0.6818659986039503 0.80043405320335 0.7387599734043739 0.8323882029718084
0 0.7737719038248857 0.7525342940996386 0.7106772992679155 0.7297496632558997 0.706191646670171 0.742171215256265 0.7692862512271412 0.7649558461000039
0 0.3820813382812501 0.8435640843750003 0.3731760366176258 0.8422664629164178 0.3642619669139984 0.9034418382435959 0.3731672685776227 0.9047394597021784
0 0.38592711250000006 0.8305901406249999 0.3791918194781773 0.8299166867887555 0.37827112656250017 0.8391246476562501 0.3850064195843229 0.8397981014924945
0 0.38960451546066194 0.8206693311563826 0.38379331015625007 0.81766338046875 0.38026647409169595 0.8244815789609776 0.3860776793961078 0.8274875296486103
0 0.41658971334692413 0.5904054428315096 0.3755102109375 0.5445651406249999 0.3685684676925943 0.5507859407643632 0.4096479701020185 0.5966262429708729
0 0.41705211249999996 0.64158028203125 0.3160417711896983 0.5942438863833063 0.3120336720541943 0.6027967019524059 0.41304401336449603 0.6501330976003495
0 0.4357524648437502 0.8205500000000002 0.42804239505251995 0.8180878309946669 0.4214447179687501 0.8387478875000001 0.4291547877599803 0.8412100565053333
0 0.42307640859375006 0.8587031687500002 0.4162993684694068 0.8569415296356497 0.40104320370674584 0.915632120630088 0.40782024383108906 0.9173937597444386
0 0.4026190140625001 0.9382732390625002 0.3962571264727218 0.9349788268842154 0.39195140859375005 0.9432936617187501 0.3983132961835284 0.9465880738970348
0 0.4710920307172345 0.6955152145154374 0.4612318390351365 0.6930964901105907 0.4354355566290266 0.7982578258543838 0.4452957483111247 0.8006765502592303
0 0.5485158453125001 0.7973154929687502 0.5380372665644018 0.7970782310373349 0.5363858579706517 0.8700120341623349 0.5468644367187501 0.8702492960937501
0 0.5966957749999999 0.81372852109375 0.5732454280401027 0.7836214359452639 0.5652893780087855 0.7898183870198873 0.5887397249686829 0.8199254721683735
0 0.6991860515057604 0.9383200837181681 0.6811774648437501 0.86654753515625 0.6721544507400773 0.868811516785638 0.6901630374020875 0.9405840653475559
0 0.7007602517842458 0.8792283487047055 0.6807425430075571 0.8463691084058466 0.6736808826295613 0.8506710417323914 0.69369859140625 0.8835302820312503
0 0.647211971875 0.8379073945312502 0.6431239415732853 0.7783157097944438 0.6353604080728685 0.7788482934986678 0.6394484383745833 0.8384399782354743
0 0.67930633828125 0.85719260546875 0.67556443671875 0.8037978875 0.6672303720639526 0.8043819387084362 0.6709722736264526 0.8577766566771862
0 0.6582541438701679 0.7934233112251817 0.6510141637143191 0.7812957143550291 0.6440019214066514 0.7854819101610973 0.6512419015625002 0.7976095070312499
0 0.6683135836107319 0.8199539085646338 0.6625197896789199 0.8031922044599249 0.6534601747271035 0.806323720313235 0.6592539686589154 0.8230854244179439
0 0.6363617041957849 0.7182372984284249 0.6169276868213164 0.4910063346639048 0.6081415310724019 0.49175777408329724 0.6275755484468704 0.7189887378478172
0 0.6770038734375001 0.6771475351562499 0.6715020277029418 0.5526510724777323 0.6633317232361626 0.553012141007821 0.668833568970721 0.6775086036863388
0 0.6725700182904256 0.4811715980665624 0.6603127745669289 0.4810919550082791 0.6598950429810305 0.5453817747330364 0.6721522867045271 0.5454614177913196
0 0.6582362375388605 0.44162223573818915 0.6503255691075277 0.40133390410941977 0.6441269227513868 0.4025510167091261 0.6520375911827196 0.44283934833789546
0 0.637765996986144 0.2961709227452006 0.6354432199811468 0.26520044023254635 0.62907816875 0.26567781718750005 0.6314009457549972 0.2966482997001544
0 0.5763100992872471 0.2900461323609062 0.5668726316421744 0.28682371951430663 0.560232470935347 0.3062707316793972 0.5696699385804198 0.30949314452599685
0 0.5603740337501459 0.23317706740227426 0.5551270971155143 0.14802227620605993 0.5445456400746127 0.14867426811180903 0.5497925767092442 0.23382905930802336
0 0.47302224459139774 0.3240174002751653 0.4629933101562501 0.2682686617187501 0.4562101672514123 0.2694889170504113 0.4662391016865599 0.32523765560682655
0 0.43639737859296623 0.35204891957036405 0.4218320421875001 0.33144964765624996 0.415883066816581 0.3356560500915661 0.43044840322204714 0.3562553220056802
0 0.305157585280874 0.33464885232024644 0.26536891907300575 0.25872256773584257 0.25802564229290936 0.2625707632622606 0.29781430850077756 0.33849704784666446
0 0.3554110059160299 0.43945704347153436 0.30764367435075607 0.34271064697105513 0.3002883345767059 0.34634225462230817 0.3480556661419798 0.44308865112278734
0 0.3639684391034239 0.4566312424035788 0.35699327441317175 0.4457035778654711 0.3518044126534978 0.4490156456181424 0.35877957734375 0.4599433101562501
0 0.17617347652853232 0.5248748733544841 0.1541701775227306 0.5109700827045959 0.15056754025004604 0.5166709887531857 0.17257083925584776 0.5305757794030741
0 0.30904070380797544 0.5919655006123992 0.2084257039062501 0.54363556328125 0.20466098644607333 0.5514730873461027 0.30527598634779873 0.5998030246772519
0 0.3454197671263426 0.5194455555540799 0.25878410687711106 0.4233376690549323 0.253003321277834 0.42854871047302723 0.3396389815270655 0.5246565969721748
0 0.46863618510412436 0.5396790832889793 0.4598054361468181 0.5374384486084252 0.43886678619894387 0.619961477819446 0.4476975351562501 0.6222021125000001
0 0.4968476520377004 0.41955698125590446 0.4873701112822141 0.4181812587457087 0.4736116433704825 0.512965228187286 0.4830891841259689 0.5143409506974816
0 0.49117887343750005 0.39798908437499997 0.4866424738485283 0.37860578478762097 0.4776316544771686 0.3807146454131437 0.48216805406614033 0.40009794500052276
0 0.5049685937704229 0.3952451499426825 0.49806306571047604 0.3927662375527253 0.490693516104149 0.4132956567455272 0.4975990441640959 0.4157745691354845
0 0.54652535234375 0.39972359140625013 0.5400365907620341 0.39768016521006133 0.5170000491439849 0.4708311439464571 0.5234888107257007 0.47287457014264583
0 0.5057784326909889 0.531714319285615 0.4984323945312501 0.52996866171875 0.4884670606239469 0.5719045628640476 0.4958130987836856 0.5736502204309124
0 0.4929088554192522 0.6053881405535921 0.4855540261894099 0.6035828777799472 0.4741388078980414 0.6500896702425634 0.48149363712788373 0.6518949330162082
0 0.5718659840434454 0.7163410046886229 0.54208063359375 0.6965757039062501 0.5378083487833287 0.703013830080014 0.567593699233024 0.7227791308623868
0 0.5855771048637315 0.6446972772910784 0.5396554775443348 0.5624499273637265 0.5314692179931034 0.5670206078851481 0.5773908453125001 0.6492679578125
0 0.6033998904949985 0.4312991536355524 0.591642965172156 0.3936770005131984 0.5845998692038397 0.39587796846609075 0.5963567945266822 0.43350012158844475