1 0.9016769435986849 0.6115870475997643 0.8968282478915816 0.5354740002833059 0.8285698137107577 0.5398223267326476 0.833418509417861 0.615935374049106
1 0.8661384898545554 0.45625416959650467 0.8353382915681047 0.3859430648973998 0.7788065980895775 0.41070711000889204 0.8096067963760282 0.4810182147079969
1 0.8404190019625986 0.32307151557342545 0.8378414959783912 0.25761873589636075 0.764028186422281 0.26052547642034934 0.7666056924064882 0.32597825609741404
1 0.7200485444846472 0.3091881142755867 0.6709233543501874 0.2380472641254973 0.6305986899883539 0.2658928240211693 0.6797238801228136 0.3370336741712587
1 0.6579813538950414 0.21757433199608817 0.6003399135409101 0.19347564877870368 0.5754510029229403 0.2530072274929337 0.6330924432770717 0.2771059107103181
1 0.5953015789076503 0.10833687741946003 0.5172054906453228 0.07934537546642406 0.49582240245875153 0.1369462388175114 0.573918490721079 0.16593774077054735
1 0.5768055740395964 0.27361449282587225 0.5218838036199761 0.24441812130438184 0.4994583904139652 0.2866029316586097 0.5543801608335855 0.31579930318010013
1 0.5192179943240565 0.2708587374624594 0.5108283323270372 0.21482846197496946 0.42900550289705136 0.22708015762673567 0.43739516489407065 0.2831104331142256
1 0.47391440939822144 0.19764497148931776 0.39486766561463527 0.1757388872779481 0.3792723959898436 0.23201344873640473 0.45831913977342975 0.2539195329477745
0 0.5331472992187501 0.9435572578125001 0.5262662038942449 0.9417474674086627 0.5152715196567994 0.9835509105810193 0.5221526149813045 0.9853607009848568
0 0.2552106048894335 0.7519242686979907 0.25302477303121307 0.744128031871695 0.19019504190827402 0.7617436111558865 0.1923808737664945 0.7695398479821822
0 0.24446143137505047 0.6900291459763158 0.24331755659926455 0.6774064262087854 0.17657332630277867 0.6834548090352651 0.1777172010785646 0.6960775288027955
0 0.5475084957319389 0.8624698801224125 0.5376113109375001 0.8612844867187501 0.5302898138976662 0.9224137362584344 0.5401869986921048 0.9235991296620968
0 0.5430625742654277 0.8482645298736886 0.5367826062500001 0.847777953125 0.5360425554220724 0.8573293662200614 0.5423225234375 0.85781594296875
0 0.542700153125 0.8433480375000002 0.5417696078125 0.83566250625 0.5356210087154933 0.8364069635792395 0.5365515540279934 0.8440924948292396
0 0.6163292004500027 0.5794528856201161 0.6112741484374998 0.5714270484374999 0.5595087549028548 0.6040313426452235 0.5645638069153577 0.6120571798278397
0 0.6593564023437501 0.6393311140625002 0.6564825970421739 0.6283850532569593 0.5489733046875 0.656610803125 0.5518471099890763 0.6675568639305409
0 0.5003402210937499 0.8477368945312502 0.4971000228692922 0.8258104877633846 0.48949316551219796 0.8269345992497354 0.4927333637366556 0.8488610060176012
0 0.5022732893743282 0.927353263209047 0.501570118704103 0.8667289000655932 0.4942613890625 0.86681367265625 0.4949645597327253 0.9274380357997037
0 0.50555993671875 0.9562377187500001 0.5026792094055351 0.9469633069867628 0.4959155101272222 0.949064181279043 0.49879623744043694 0.9583385930422803
0 0.4943916939556667 0.6969735529114695 0.4851294026785025 0.6969399167495808 0.4847361775763429 0.8052211601847622 0.49399846885350707 0.8052547963466511
0 0.39617072830566047 0.7811652352015426 0.38584617890625006 0.77878162578125 0.369439647201498 0.8498461406370073 0.3797641966009085 0.8522297500572998
0 0.37099114171280173 0.7679025867326187 0.3651874491999748 0.7597643733032468 0.3338888287504575 0.7820846983648979 0.3396925212632845 0.7902229117942698
0 0.24943991868010312 0.8208207774252456 0.24101084765625008 0.8163968835937501 0.2066429871220751 0.8818797248224485 0.21507205814592814 0.8863036186539439
0 0.2515777242299043 0.8021688571403084 0.24558640538676452 0.7964714359888208 0.2189990311568602 0.8244303022860124 0.22499035000000003 0.8301277234375002
0 0.3040913265625001 0.74085933203125 0.2963084751885131 0.7387227528747713 0.28051395474619534 0.796256968142767 0.28829680612018227 0.7983935472992457
0 0.26853891500522054 0.7593378524556158 0.26059561328125 0.7565181625000001 0.24270742493721814 0.8069106806663566 0.2506507266611887 0.8097303706219723
0 0.29393504585695 0.7441848885478681 0.2874919942803532 0.7396715880259033 0.2792437945171532 0.7514464690092851 0.28568684609375006 0.7559597695312499
0 0.2813602281250001 0.7638232437500001 0.27298736879705443 0.7588693065018548 0.264047711565571 0.7739786001182176 0.2724205708935167 0.7789325373663629
0 0.3967923711914813 0.46777047497041924 0.3887772237194541 0.465136847315636 0.317592373665313 0.6817798757717725 0.3256075211373402 0.6844135034265558
0 0.32884988299968854 0.5148837905983731 0.3209636193754558 0.5126983099655835 0.28768319921875 0.63279004765625 0.29556946284298274 0.6349755282890397
0 0.34792704265718366 0.4460771353729906 0.3389408667676751 0.4430455258298541 0.31828121972930956 0.504284026190901 0.32726739561881807 0.5073156357340374
0 0.3804172424822255 0.3721114051513895 0.3746212782862833 0.3697297062948482 0.3590578483972194 0.4076039665756241 0.36485381259316163 0.40998566543216536
0 0.42694111875 0.24264720937500006 0.4210633615809553 0.2404267467290524 0.4100590667793658 0.2695560692953951 0.41593682394841053 0.27177653194134277
0 0.4837182237731053 0.29832424449397515 0.48291762319522114 0.2776374676988002 0.473017124845713 0.2780206276651129 0.4738177254235971 0.2987074044602878
0 0.5356039794003692 0.14834805316798283 0.5256188325719618 0.14461329749750362 0.49587756653702025 0.22412878242439604 0.5058627133654275 0.22786353809487525
0 0.5945441656749835 0.285447353667866 0.5881864195312501 0.2825326148437501 0.5646101274759745 0.3339581760836747 0.5709678736197079 0.3368729149077906
0 0.6184385230964795 0.35724176306827 0.6125999724129892 0.3520331051196374 0.5956711973585878 0.371009108562228 0.6015097480420781 0.3762177665108606
0 0.7872175053834014 0.32121303214090197 0.7816216150511971 0.31675385485144514 0.7280989448557688 0.38392027889305075 0.7336948351879731 0.3883794561825076
0 0.7291535335319563 0.39522053174518773 0.7228290993630514 0.3900270309473551 0.654355158029553 0.4734118134104472 0.6606795921984581 0.4786053142082799
0 0.6555444093749999 0.4833309625 0.6511401906204435 0.47914867985800846 0.6422075281204436 0.48855536110800857 0.6466117468749999 0.4927376437500001
0 0.8366540531273831 0.594917087769287 0.8346223282204196 0.5885135177731705 0.8098883477492865 0.5963611159413836 0.81192007265625 0.6027646859375001
0 0.7762077128539204 0.6164414616879446 0.7741577519508656 0.607553704466455 0.665372609351304 0.6326449939340769 0.6674225702543588 0.6415327511555664
0 0.7568627187617097 0.48617912675492203 0.7523404709408702 0.47952668779448854 0.6453348059989039 0.5522678490406722 0.6498570538197435 0.5589202880011056
0 0.5329835480135203 0.6305151742747159 0.5301175270737282 0.5454374252876615 0.5206064407789579 0.5457578260129454 0.5234724617187501 0.6308355749999999
0 0.5263993234375002 0.42276176171875013 0.5185433744841356 0.4224943742991859 0.5152890245916291 0.518108471153804 0.5231449735449937 0.5183758585733682
0 0.5466031613012472 0.38662535869424225 0.5363590532546982 0.3839745165928369 0.5315425046875 0.40258793906250007 0.5417866127340489 0.4052387811639055
0 0.5286300549078453 0.41758406376562557 0.5259528351562499 0.39595706718749996 0.5186119312300171 0.39686580238403446 0.5212891509816124 0.4184927989621601
0 0.4899981334162292 0.46765362834038804 0.4827942149288951 0.3913022157729632 0.47627826373167537 0.3919170096544879 0.48348218221900946 0.4682684222219128
0 0.49503029765625 0.57265620625 0.49478594609375 0.5295532015625 0.48723931376105034 0.5295959835313088 0.4874836653235503 0.5726989882188088
0 0.4914946374357559 0.6520316438552344 0.49022144846591187 0.6041826973737059 0.48288314892450296 0.6043779585595952 0.4841563378943469 0.6522269050411237
0 0.4173254263311251 0.6882884527442197 0.41445963879819087 0.6812944904407139 0.38119027951958384 0.694926665009563 0.38405606705251805 0.7019206273130688
0 0.4531783710937501 0.5572430109375002 0.44644712938076214 0.5513320297825285 0.3842834504745122 0.6221220961887785 0.3910146921875001 0.6280330773437501
0 0.43981664027648765 0.37860850308868826 0.4336989334550861 0.37534126858028477 0.415144800783556 0.4100828041871898 0.42126250760495754 0.41335003869559317