1 0.41514326395947904 0.12041861736533388 0.3289363840726821 0.10863347694672791 0.3208600824523634 0.16771064862074306 0.4070669623391604 0.179495789039349
1 0.49129296500973857 0.0728965746578916 0.39891354453858346 0.06781798692137045 0.39531059952806846 0.13335549248956444 0.4876900199992235 0.13843408022608558
1 0.5122812915473242 0.20587505810304182 0.46282154390636443 0.1452193747209645 0.4148839875140524 0.18430853025405688 0.46434373515501226 0.24496421363613424
1 0.7260060842390699 0.39646748078343563 0.6889068335910805 0.32054564788973694 0.6266876165321543 0.3509491068265448 0.6637868671801437 0.4268709397202435
1 0.8133285749662036 0.47198579106990624 0.7668269849202763 0.4135193166362715 0.722805786052396 0.4485317876791085 0.7693073760983232 0.5069982621127432
1 0.8935025098150444 0.4534269034185677 0.822596745652343 0.4254091235421568 0.8030090942765462 0.4749804098853265 0.8739148584392475 0.5029981897617375
1 1.0059233305654067 0.39343398019028936 0.9277107829061771 0.35153911816620015 0.8987026485310382 0.40569373242453927 0.9769151961902678 0.4475885944486285
1 0.5934278206819383 0.3288350746524869 0.5881792128153339 0.25504413969382334 0.5464247875244959 0.25801405198955185 0.5516733953911002 0.3318049869482154
1 0.5783620541309606 0.21555933968118168 0.5061495080973557 0.19773881278546426 0.49169086796157596 0.25632828224942505 0.5639034139951808 0.27414880914514245
1 0.5068303630691954 0.21894833200170752 0.46883183200547796 0.21649491241636834 0.4644362180824465 0.28457412446656855 0.5024347491461639 0.2870275440519077
0 0.37487583671875 0.17064585234375007 0.3680962234460089 0.16843522055621246 0.35672061797725896 0.20332217289996243 0.3635002312500001 0.20553280468750007
0 0.3604036724251223 0.21850308081954467 0.35394427014163166 0.2177812844916997 0.3507224701090871 0.24661338252869439 0.35718187239257765 0.24733517885653936
0 0.32761021164659015 0.4419180473756672 0.3218354515780228 0.44096429688858657 0.31643823203125 0.47364333437500006 0.32221299209981735 0.47459708486208074
0 0.3154493051246937 0.5206835878865289 0.30899290125081386 0.5197010341327276 0.30057809465837465 0.5749950978632767 0.3070344985322545 0.575977651617078
0 0.30183260698985337 0.6066406877948592 0.2928605811636754 0.6054629163805206 0.2751358467041076 0.740486379675127 0.2841078725302856 0.7416641510894657
0 0.28265141406249994 0.75145527109375 0.2822551092775686 0.741155946253414 0.27757125202117827 0.7413361750617504 0.2779675568061097 0.7516354999020864
0 0.2839302733840503 0.7688841398129946 0.27700369508707084 0.7676823864742707 0.2645994121963698 0.839177288041635 0.2715259904933492 0.8403790413803589
0 0.40386381900590146 0.26868189570612805 0.39920044172988367 0.267214180166331 0.39175163203125 0.2908813070312501 0.39641500930726786 0.2923490225710471
0 0.3930377444757115 0.3025053585594964 0.38916884218750003 0.3014208617187501 0.3797091912033798 0.33516781603256723 0.3835780934915913 0.33625231287331353
0 0.37759897500000006 0.36827246484375015 0.37150611553132085 0.36724712075975446 0.3634672335000709 0.41501623482225447 0.36956009296875003 0.4160415789062501
0 0.36078431622160345 0.46789149529922086 0.3539528245667466 0.4662056221342038 0.33965622120898165 0.5241382878637666 0.3464877128638385 0.5258241610287836
0 0.3445662355565391 0.5519868190516358 0.3369589133262704 0.5508842289771028 0.315615973403511 0.6981398819018413 0.32322329563377966 0.6992424719763742
0 0.43852082086988514 0.23530925699927385 0.43435052538444835 0.23315426708561177 0.42390294812997614 0.25337221983882785 0.42807324361541294 0.25552720975249
0 0.41768752578125 0.27472948203124997 0.4105248980151536 0.27134256969678 0.3787903916023473 0.3384545685703196 0.3859530193684436 0.34184148090478955
0 0.3669249575590091 0.3696101154165482 0.35782485632686944 0.3644755030358199 0.21400687530617496 0.619364886936036 0.22310697653831463 0.6244994993167643
0 0.19297166653602177 0.6781464548085481 0.18837081378207526 0.6760373579152172 0.18233358396480362 0.6892071679504193 0.18693443671875012 0.6913162648437501
0 0.16247313125000012 0.7328660882812501 0.15760538873844204 0.7306587462031607 0.1388224734375001 0.7720797820312502 0.14369021594905815 0.7742871241093395
0 0.47517953984374994 0.32689164296875006 0.47041911491158245 0.32524769038984036 0.45733975944283245 0.3631218302335903 0.46210018437499994 0.3647657828125
0 0.45522439486294647 0.39032394268757875 0.44979468667023037 0.38854661599450785 0.44284227852603386 0.40978612565067907 0.44827198671875 0.41156345234374997
0 0.4522093055902724 0.4194824301513605 0.44317445859375015 0.4164868890625 0.3876544443745722 0.5839407208861964 0.3966892913710945 0.586936261975057
0 0.3911086717729793 0.6055659430077486 0.3870345036978741 0.6044677313953881 0.38468026083114487 0.6132015501063897 0.38875442890625 0.61429976171875
0 0.3758053456183286 0.653963804077855 0.37085688125000005 0.6526172703125 0.3588296121941714 0.6968170623283949 0.3637780765625 0.6981635960937499
0 0.36631007998134263 0.6995706630160671 0.35814658474919286 0.6968710161988952 0.2824682977366003 0.9257155195890784 0.2906317929687501 0.9284151664062501
0 0.5292831663025049 0.26533845453164095 0.5232026945579837 0.26409256530915937 0.5178095839033572 0.2904132496515568 0.5238900556478784 0.2916591388740384
0 0.5148432205089762 0.33693960262691725 0.5092349492187502 0.33652373281250014 0.506967526366024 0.36710138487308297 0.5125757976562502 0.36751725468750013
0 0.49951095859374994 0.45881945 0.49905388828125 0.44093642187500004 0.4931898262272004 0.4410863007801177 0.4936468965397004 0.45896932890511766
0 0.49650940234374996 0.4838976234375 0.48932549246416845 0.48307367111322286 0.47827173308916854 0.5794496492382228 0.48545564296875005 0.5802736015625001
0 0.48297277334789934 0.6276538787993695 0.47344104453125 0.6257020234375001 0.44411780360967273 0.7688997141834271 0.453649532426322 0.7708515695452964
0 0.5590441166255212 0.3305589708038606 0.5523527576933073 0.3297214474450215 0.5507043676302861 0.34289119304741106 0.5573957265625001 0.3437287164062501
0 0.5572129109375001 0.3881239351562501 0.5506636274878913 0.3878463507036683 0.5492503915503912 0.4211900147661683 0.5557996750000002 0.4214675992187501
0 0.5561932531250002 0.49418757031250016 0.5519453874838787 0.49374056776295455 0.5501510179526287 0.5107924630754546 0.5543988835937502 0.5112394656250001
0 0.5532416504456966 0.5186907886059221 0.5474671976006216 0.5185954482566947 0.5470349046875 0.5447780148437501 0.5528093575325752 0.5448733551929775
0 0.5542563990726859 0.5755922637360873 0.5482053828224045 0.5741576847421007 0.5423329746172894 0.5989273472189597 0.5483839908675706 0.6003619262129462
0 0.5430434714174898 0.7477047226012359 0.5364057410134064 0.7471668232756855 0.5326634214143711 0.7933474139631704 0.5393011518184545 0.7938853132887207
0 0.5403871677986708 0.8237652208641547 0.5399516054687501 0.79849750625 0.5332003353250261 0.7986138839675194 0.5336358976549468 0.8238815985816741
0 0.5434158628474808 0.9801058248177654 0.5410920156249999 0.8891008734375001 0.5327082316628622 0.8893149566580151 0.5350320788853431 0.9803199080382804
0 0.6391992664062501 0.45233293281250014 0.631362613544945 0.4488234074794931 0.609641672659343 0.4973255430647489 0.617478325520648 0.5008350683977559
0 0.58196418046875 0.5529094867187501 0.5737150456914486 0.5494977098378877 0.5531334082983408 0.5992608411099342 0.5613825430756422 0.6026726179907967
0 0.5558980960937501 0.6243724101562501 0.5505267900917509 0.6218373653663782 0.5443327438128354 0.6349614403679412 0.5497040498148347 0.6374964851578131
0 0.5475557726562502 0.6434293406250001 0.5417796665993314 0.6412538787705369 0.537815771875 0.6517784835937501 0.5435918779319188 0.6539539454482133
0 0.5376410398437501 0.6675916617187502 0.5318562122159309 0.6649235451992188 0.5220410148437501 0.6862041843750001 0.5278258424715692 0.6888723008945316
0 0.5194454640625 0.7015464437500002 0.5144320571676697 0.698349320202259 0.49469491654266984 0.729299114733509 0.4997083234375001 0.7324962382812501
0 0.44261355546875 0.80616146640625 0.4367320873258029 0.8050182246996593 0.4328908467008029 0.8247796926684094 0.43877231484375 0.8259229343750001
0 0.4304488234375 0.8599504109375001 0.42204719453779055 0.8570542910862919 0.3990948351627906 0.923638968430042 0.40749646406250006 0.92653508828125
0 0.41593886223637944 0.8449057145061099 0.41023853767972857 0.8403466838090259 0.31812641684959914 0.9555178724279159 0.32382674140625 0.9600769031249999
0 0.7489077023437498 0.47816161015625 0.7458615486528013 0.47364544420770266 0.7108635705278012 0.49725157858270264 0.7139097242187498 0.50176774453125
0 0.70773548671875 0.5066167625000002 0.7050028675835015 0.5022931998739486 0.6824496371147515 0.5165475069051986 0.6851822562500001 0.5208710695312502
0 0.6264521290109755 0.5581758084005014 0.6239148207385432 0.554876637595297 0.61743929140625 0.5598568023437502 0.6199765996786821 0.5631559731489546
0 0.5950232676146104 0.5862959856822781 0.592409423232195 0.5807460165969156 0.5657157884300846 0.5933177996646375 0.5683296328125 0.5988677687500001
0 0.4877264076705936 0.6515273467684499 0.4854000254036788 0.6469707586959921 0.4749463763268351 0.652307906458792 0.4772727585937499 0.65686449453125
0 0.4711291417364828 0.6593597787659449 0.4680288765276429 0.6536952094694426 0.4039581569146747 0.6887616395057168 0.4070584221235145 0.6944262088022191
0 0.33744049130377674 0.7372978449341031 0.3346175106473332 0.7313708666588609 0.32662837246855647 0.7351760404747577 0.32945135312499996 0.74110301875
0 0.32361469082925814 0.7442050077792611 0.3191037878764603 0.7365258684127165 0.187101301811119 0.814067162527391 0.19161220476391683 0.8217463018939355
0 0.8338583204423149 0.484033364144269 0.8299638898163042 0.48008105495056663 0.7950721724989893 0.5144618095562976 0.798966603125 0.5184141187500001
0 0.78861435625 0.52670021015625 0.7847706287017066 0.5240336803602914 0.7756202427642066 0.5372237037977914 0.7794639703125 0.53989023359375
0 0.7625147078124999 0.56105200546875 0.7572873500132784 0.555993221636023 0.6949928174944296 0.6203635962514793 0.700220175293651 0.6254223800842064
0 0.6739239437500002 0.6498625375000001 0.6605394307773891 0.6386898822879757 0.37967709683542517 0.9751547136843914 0.3930616098080362 0.9863273688964158
0 0.8809982906249999 0.49367572031250023 0.8766014998473922 0.48975772284023933 0.8378411521911422 0.5332547236214893 0.8422379429687499 0.5371727210937502
0 0.7706811807596108 0.6180630257810064 0.7647160096023878 0.6131190877594215 0.677362278842777 0.7185168401034152 0.68332745 0.7234607781250001
0 0.6320951074762169 0.7810392495442825 0.6255802388352525 0.7754395718711978 0.4969579632812501 0.9250834046875 0.5034728319222145 0.9306830823605846