1 0.2841096497179375 0.32180787891085594 0.25316193971824774 0.26594733347341765 0.17452219653063442 0.30951511369400314 0.20546990653032418 0.3653756591314414
1 0.5167980027994894 0.2357409883944554 0.4988003564283391 0.1641323267253007 0.3730002809189793 0.19575008384722628 0.3909979272901297 0.26735874551638095
1 0.46521244155674957 0.24763256142552476 0.44638548849996235 0.1870239100869619 0.37430379386307044 0.20941475118325567 0.39313074691985767 0.27002340252181856
1 0.5445396779035525 0.2555476252176359 0.48596250963248416 0.2293524925272628 0.4628374430029085 0.28106442448239854 0.5214146112739769 0.30725955717277165
1 0.5738801236423632 0.34268931505147304 0.5513074973275262 0.26809242721120424 0.4719770973926504 0.29209738941513497 0.4945497237074873 0.36669427725540377
1 0.6094940957308419 0.3320597531690364 0.6087480150118958 0.26738325352555337 0.5419782713256265 0.2681534810215975 0.5427243520445726 0.3328299806650805
1 0.8203695390910963 0.3681583733742618 0.7701773626179976 0.35747848965144363 0.752430614471261 0.4408827605145717 0.8026227909443598 0.45156264423738995
1 0.8568448916428831 0.4866014808699363 0.8289669464465199 0.41834858096821437 0.7782746395136287 0.4390538895571131 0.8061525847099922 0.507306789458835
1 0.7946354455780662 0.46816009545575793 0.7676822134375929 0.4293815252195426 0.7262190290869187 0.4582007113390779 0.7531722612273919 0.49697928157529325
1 0.9612591077231635 0.6287522583835052 0.9576446786057777 0.5406828325189703 0.8808042851115065 0.5438364145130696 0.8844187142288922 0.6319058403776047
0 0.2665467625 0.37028847109375007 0.2529150821603985 0.352586505653593 0.25041295895521787 0.3545133054667904 0.26404463929481936 0.3722152709069474
0 0.32214091726958144 0.4408556457700633 0.27441800348229767 0.3809113196097397 0.27011292990398134 0.38433867743300415 0.3178358436912651 0.44428300359332773
0 0.34728402578125006 0.47893645312499994 0.3379737183075985 0.4645581663254106 0.33343726562500003 0.46749563515625 0.34274757309865156 0.48187392195583933
0 0.413318811756527 0.5597653942254446 0.360873740625 0.4955885757812501 0.3563692791973866 0.4992696058744734 0.4088143503289136 0.5634464243186679
0 0.4818377539062501 0.6436615609375 0.44880162425943365 0.5993009830684727 0.4436244561998863 0.6031565143404849 0.47666058584670273 0.6475170922095121
0 0.5092940849447889 0.6804241888545763 0.5036141833928064 0.672517354642454 0.4996073089970615 0.675395706646357 0.505287210549044 0.6833025408584793
0 0.692536661544706 0.8735097339297819 0.5252933112099785 0.6944923635834241 0.51826397430813 0.701059379129581 0.6855073246428575 0.880076749475939
0 0.3999204179687501 0.4230228773437501 0.39390941322753276 0.4215915799013361 0.3730380827943859 0.5092446857278661 0.37904908753560324 0.5106759831702802
0 0.37428718204047007 0.5331152717732881 0.36564945737630516 0.5313667781467377 0.3379645977128507 0.6681326156126397 0.3466023223770156 0.6698811092391901
0 0.3336546926739986 0.7304304042012708 0.3266004723509261 0.7288775265614882 0.29540921561442757 0.8705693067352174 0.3024634359375001 0.872122184375
0 0.43456151144301663 0.3935361509715396 0.4287160307346392 0.3934268824228683 0.4280375849166226 0.42972133301382887 0.433883065625 0.4298306015625001
0 0.42609526402456055 0.6631224103915229 0.41959738837867533 0.6623892543404387 0.4169113804687502 0.6861950257812501 0.42340925611463537 0.6869281818323343
0 0.4192272300509461 0.6708202750170382 0.41555119548878583 0.6648632747431348 0.39974441875 0.67461755625 0.40342045331216025 0.6805745565239034
0 0.4135068802706325 0.8178513193271739 0.4043641380086024 0.816256740924952 0.3866857527861237 0.9176182791677941 0.39582849504815376 0.919212857570016
0 0.3990703390305112 0.8489816435649011 0.3921916910806734 0.8460606899252309 0.3399746742187501 0.96902822734375 0.34685332216858794 0.9719491809834203
0 0.40549395969452817 0.8215975946327839 0.40091092585812094 0.8203115837093297 0.3942213263198428 0.8441517086077959 0.39880436015625004 0.8454377195312499
0 0.43990343882431465 0.7445313475752757 0.43526604040634753 0.7430244894452009 0.4304572132812501 0.757823790625 0.4350946116992172 0.7593306487550746
0 0.45076373779575807 0.7165102732735427 0.4445692212114962 0.7143983238961538 0.43581165060323823 0.7400849795288612 0.4420061671875001 0.7421969289062501
0 0.5756396286150771 0.33090399124834124 0.5683503008249651 0.3296288837747749 0.5630983583862454 0.3596523372986983 0.5703876861763575 0.3609274447722647
0 0.5156929769134727 0.4000266435817963 0.5106106581489173 0.39869931852904755 0.5054930567046153 0.4182945802895552 0.5105753754691708 0.4196219053423039
0 0.49001974375 0.5034146304687501 0.4847621458370691 0.5019794546783481 0.48063711777445367 0.5170910104040171 0.4858947156873846 0.5185261861944188
0 0.48229180847458836 0.5412769433327224 0.47577722547591367 0.5412588664192046 0.47565446856382537 0.5854981715239822 0.48216905156250006 0.5855162484374999
0 0.5245966882812498 0.3478836140625 0.5201348800215071 0.3470088853375498 0.5185132667402572 0.3552803954937998 0.522975075 0.35615512421875006
0 0.759567959375 0.40855552499999986 0.7590275001592236 0.40250424485334496 0.7186819186047997 0.4061076379930597 0.7192223778205761 0.4121589181397146
0 0.70729510859375 0.41567602109374996 0.7061167042790444 0.4104843017327985 0.6820328098698077 0.4159508077423909 0.6832112141845134 0.4211425271033423
0 0.6663567956321541 0.4258767843888044 0.6654513037881078 0.4214746858256519 0.6452119394059536 0.4256378319055975 0.64611743125 0.43003993046875
0 0.6365069666934965 0.4324120570156634 0.6343781651370479 0.4256414282223382 0.5060962539123013 0.4659754563629249 0.50822505546875 0.4727460851562501
0 0.49530134609375 0.47655228046875 0.494335844893687 0.47255069865212185 0.4668248745811868 0.4791885424021219 0.46779037578124993 0.48319012421874996
0 0.5629989710230288 0.46196297800630753 0.5547846061936805 0.46164373304418466 0.5529820578125001 0.5080243867187502 0.5611964226418482 0.5083436316808729
0 0.5604440218298384 0.5537560492594438 0.5498923478405182 0.5513200026612995 0.5393574277732418 0.5969517414540345 0.549909101762562 0.5993877880521787
0 0.6261407872354153 0.5642143517537022 0.621610561991267 0.5555494626697779 0.5573182516164442 0.5891631240385091 0.5618484768605926 0.5978280131224334
0 0.5493177328710801 0.6020679090149431 0.5463656750620257 0.5975026062065835 0.5178296570346956 0.6159548268791404 0.52078171484375 0.6205201296875
0 0.7034200273437501 0.5134518546875 0.7017340451381977 0.5102718216949589 0.6806815545131976 0.5214333802887088 0.6823675367187498 0.52461341328125
0 0.7418821095224948 0.49202985008483646 0.7392553605742969 0.487277038991816 0.7079513237080521 0.5045779256257297 0.7105780726562501 0.5093307367187501
0 0.4156764151848118 0.5029757491279668 0.41392069884593746 0.4977102490634088 0.3914205210284533 0.5052126570659528 0.3931762373673277 0.5104781571305107
0 0.3706098465789367 0.5227939804541676 0.36855220698397984 0.5131446766564443 0.06960352120450922 0.5768931776483281 0.07166116079946608 0.5865424814460515
0 0.7859296077298799 0.6165620760349925 0.7846639594060648 0.603802237941877 0.6736264535822281 0.6148160479997309 0.6748921019060431 0.6275758860928463
0 0.65541778125 0.6288327351562499 0.6543532335752511 0.618722525636186 0.5402133595766743 0.630740806485874 0.5412779072514231 0.640851016005938
0 0.6320015573286701 0.6326716044302182 0.6286190466504769 0.6280329208885932 0.5829356252067008 0.6613451008343374 0.5863181358848941 0.6659837843759624
0 0.5356443633353261 0.7367383582349395 0.5277660431564333 0.7357129971258861 0.5210932021841448 0.7869834980434186 0.5289715223630376 0.788008859152472
0 0.5262607090284959 0.8897901729406039 0.5166935579513642 0.8893116109390762 0.5120511364228684 0.9821203754984724 0.5216182875000002 0.9825989375
0 0.47089009921875 0.6563598953125 0.4693279854333662 0.6465494396391209 0.21820862829206317 0.6865350450612626 0.21977074207744698 0.6963455007346416
0 0.23644967734375005 0.7608413250000001 0.23317138080121108 0.7547790836095178 0.17013784921875 0.7888659164062501 0.173416145761289 0.7949281577967325
0 0.3012918011972715 0.770843564293519 0.29526054352691905 0.7682110423913935 0.2353132962358976 0.9055536015353747 0.24134455390625006 0.9081861234375002
0 0.42952169239400917 0.6206029594521086 0.4248550513514958 0.6201393900213015 0.4228368409887368 0.6404562243191929 0.4275034820312501 0.6409197937500001
0 0.3894158418453218 0.5421619723214837 0.3848742468559804 0.5402388180857101 0.3792232050106588 0.5535839481079765 0.3837648000000002 0.5555071023437501
0 0.7549750624999999 0.5232604679687501 0.7509293725658824 0.5184744668814647 0.6885708912138805 0.5711871754060971 0.692616581147998 0.5759731764933824
0 0.5083277206906169 0.7308771862526974 0.5022151202842926 0.7231945379057323 0.3042717214939255 0.8806856588358196 0.3103843219002499 0.8883683071827846
0 0.4398995453125 0.32550920781250003 0.4315193052893297 0.32540236789800353 0.430660765625 0.39274394609374996 0.4390410056481703 0.3928507860082465
0 0.8629009270553729 0.5992751385792168 0.8603083524741411 0.5932284799371587 0.8400626247860684 0.6019090690178036 0.8426551993673002 0.6079557276598617