1 0.5315523251137307 0.12688365173851252 0.5262873790070083 0.07109833579787292 0.44477632956937707 0.07879124342338796 0.45004127567609953 0.13457655936402757
1 0.27709243598775657 0.19623058640611662 0.24088244701969258 0.16620284629451493 0.19191122305079616 0.22525649046073734 0.22812121201886013 0.255284230572339
1 0.23430493427784 0.29750022952648986 0.2318071178315742 0.23708470303006196 0.16447558195340756 0.23986845461548864 0.16697339839967335 0.30028398111191656
1 0.12602402328490264 0.45131885422598883 0.08866240846655185 0.41266750979803596 0.06284124103088573 0.43762706880353874 0.10020285584923652 0.4762784132314916
1 0.42987104973986423 0.1990479721414315 0.3869673644211477 0.17499801069368442 0.34869377361760845 0.24327579564648313 0.3915974589363249 0.2673257570942302
1 0.49164437270590133 0.240712405524168 0.461584400605388 0.20125413068166612 0.412792726559554 0.23842444201457055 0.44285269866006727 0.27788271685707244
1 0.6638352566679316 0.20003988641752085 0.6134969960882678 0.16700690984608504 0.5787357012781039 0.21997891836177064 0.6290739618577678 0.2530118949332064
1 0.6089388477362239 0.1716178216202952 0.5568464590411353 0.15119141587257942 0.5381190407907621 0.198950966074554 0.5902114294858507 0.2193773718222698
1 0.5626617390625 0.15959818203125006 0.527381548644614 0.14419008549918408 0.501213477583165 0.20410757939568058 0.5364936680010512 0.21951567592774657
0 0.15302933515625 0.47783165 0.13091024848820465 0.4516548282582665 0.12655993646782168 0.45533078745458405 0.14867902313586706 0.4815076091963175
0 0.20215657656250005 0.5315386648437501 0.18015426718750008 0.5061821351562501 0.17503297027602288 0.5106259750837265 0.1970352796510229 0.5359825047712266
0 0.4180998916124139 0.7341656144373537 0.21385815439463257 0.5401834606199685 0.20566928403132984 0.5488054347342812 0.4099110212491112 0.7427875885516666
0 0.6454518562500001 0.9090371726562502 0.42632980080317884 0.7385685424865978 0.42029117793117515 0.7463306477752059 0.6394132333779965 0.9167992779448582
0 0.1511026233717612 0.36847929501473686 0.1397599430963919 0.35442048784384644 0.13459152661379542 0.3585903790002899 0.14593420688916472 0.37264918617118037
0 0.18190935000000005 0.3979607578125 0.17656563647858495 0.3954334924551867 0.17384745757233494 0.4011808783926868 0.17919117109375007 0.40370814375
0 0.2344857279655383 0.4668929004843612 0.19232973758139454 0.4083721493813311 0.18623809399085628 0.41276032389697 0.228394084375 0.4712810750000001
0 0.45983234587310334 0.705551808492953 0.2918551265625 0.5359786359375001 0.2843462340528013 0.5434168578264543 0.45232345336340457 0.7129900303819072
0 0.23043125503635192 0.35817514009900686 0.21360637369443441 0.3017878013993622 0.20836047178308253 0.3033530761441054 0.22518535312500002 0.35974041484375
0 0.23756780848696263 0.3876504148708185 0.23167709361352654 0.36504230329609594 0.2263492793311192 0.36643050570002306 0.23223999420455527 0.38903861727474565
0 0.25733557146448655 0.4501499337891396 0.24183850805947021 0.3912628635598865 0.2352424543368156 0.392998719366007 0.2507395177418319 0.45188578959526005
0 0.3113241125 0.6024628140624999 0.3091058956968474 0.5954428940203872 0.30405344453125 0.5970394124999998 0.30627166133440265 0.6040593325421126
0 0.33308032049827024 0.6515908418669134 0.31648237890625 0.61159258203125 0.30910022509249874 0.6146559292450382 0.325698166684519 0.6546541890807016
0 0.37215792109375 0.73629007265625 0.3462097663956975 0.6727548538506289 0.3373985404776353 0.6763534100136422 0.36334669517568774 0.7398886288192632
0 0.46699368671875 0.93166872890625 0.4040213977932333 0.8010545403049886 0.39426218190593687 0.8057596965297646 0.4572344708314535 0.9363738851310262
0 0.27958136953124996 0.314371378125 0.2730995789062499 0.29542890078125006 0.2686661207231129 0.2969459540771997 0.2751479113481129 0.31588843142094963
0 0.321273125404458 0.41877399855869435 0.29362403359240996 0.35585175325487717 0.286646472250452 0.35891781094618286 0.3142955640625 0.42184005625000004
0 0.3367362100500828 0.4571642948211053 0.32663298359375 0.42833580624999995 0.32119369679392823 0.430242057636159 0.33129692325026106 0.4590705462072644
0 0.3428512211870884 0.47998639533452636 0.33915183671875 0.47009792578125 0.3348216696585658 0.4717178885754366 0.3385210541269042 0.481606358128713
0 0.38493860390625 0.5858384234375003 0.36340713332164115 0.5333639546188367 0.35659667434325276 0.5361584411655724 0.3781281449278616 0.5886329099842358
0 0.41350847265625 0.6612682000000001 0.40743032734374995 0.6416172359375001 0.4018124705286185 0.6433548682469677 0.40789061584111846 0.6630058323094679
0 0.5060612296875 0.8678585812499999 0.48212761386572617 0.8227689762133524 0.47501173735535074 0.8265460919032345 0.4989453531771246 0.871635696939882
0 0.5140727117592171 0.8683673999808048 0.5073900570312502 0.8681971281249998 0.5063202739754024 0.9101828735804816 0.5130029287033693 0.9103531454362865
0 0.512017541216782 0.8417005292340942 0.507560018273521 0.8416907378243519 0.5075153101562501 0.86204403359375 0.511972833099511 0.8620538250034924
0 0.5286885720330484 0.8705704839361343 0.522832946685795 0.868974044731257 0.511900331269721 0.9090740997452846 0.5177559566169743 0.910670538950162
0 0.5327387563374508 0.8291512513191824 0.5273084194811246 0.8285258216009496 0.5235939852780579 0.8607766538931839 0.5290243221343841 0.8614020836114168
0 0.7237402191022622 0.8949470136312291 0.6657250703125002 0.7988778078125 0.6549355269371361 0.8053934957372698 0.7129506757268981 0.901462701555999
0 0.553064484645845 0.730688331492736 0.5422291201375848 0.7292005932261612 0.5296714771051966 0.8206593146138956 0.5405068416134567 0.8221470528804705
0 0.54583397421875 0.58308815078125 0.5401439311344579 0.5830189356334856 0.5394347210252031 0.6413217235030675 0.5451247641094952 0.6413909386508319
0 0.5473978230911023 0.6801413542750898 0.5446842409391869 0.6459739660927422 0.5396920530860613 0.6463704468475765 0.5424056352379767 0.6805378350299242
0 0.5597324306298747 0.5801097505861358 0.5511042181168964 0.5797495123881669 0.5447161712644449 0.7327522369647765 0.5533443837774232 0.7331124751627455
0 0.6070610484374999 0.5943651624999999 0.5989834141992434 0.5591908088634099 0.5940808671875001 0.5603166570312501 0.6021585014257564 0.5954910106678402
0 0.6194059243877217 0.628393620508701 0.6093066796875001 0.60177516796875 0.6024927568622787 0.604360422460049 0.6125920015625 0.6309788749999999
0 0.6329794914601891 0.6955470804272794 0.61664509887846 0.6219332016109728 0.6107324705951915 0.6232451714884159 0.6270668631769206 0.6968590503047225
0 0.49435904062861286 0.5389557901876835 0.4909901546874999 0.52194833203125 0.4840823103593627 0.5233166575873918 0.4874511963004757 0.5403241157438251
0 0.4352227499890633 0.337480716546363 0.414424075 0.2675747796875001 0.41005271719843667 0.2688753623598871 0.4308513921875 0.33878129921875005
0 0.4635744118232769 0.4388682605678304 0.45758876875 0.42002459609375 0.4513846913017231 0.42199530583841954 0.457370334375 0.44083897031249997
0 0.51347695 0.3231863500000001 0.506398971875 0.30793005546875 0.5008817541505396 0.3104897036378781 0.5079597322755396 0.3257459981691282
0 0.5654312559766297 0.43168508730672894 0.5168888042425267 0.3370186736232411 0.507942471800842 0.34160611803831853 0.5564849235349449 0.43627253172180624
0 0.5257322314875161 0.3802220162793873 0.5229842045345563 0.3681427590017628 0.5189047875 0.3690708250000001 0.5216528144529597 0.3811500822776246
0 0.582811396913543 0.5240352182454469 0.5714008757812501 0.4732033484375 0.5643403721517245 0.474788260150835 0.5757508932840174 0.5256201299587818
0 0.5973559349868514 0.3433189146277816 0.5925226564538811 0.34290066923751167 0.5900146382812501 0.3718835359375 0.5948479168142203 0.3723017813277699
0 0.5615214763037605 0.34416437423737156 0.5544909591352207 0.3436971102364462 0.5502368261704691 0.4077053684945424 0.5572673433390088 0.4081726324954677
0 0.5589604679687501 0.2086868335937501 0.5531069474648465 0.20808499517447449 0.5514173941109939 0.22451770349362593 0.5572709146148976 0.2251195419129015
0 0.5222686082919937 0.2778933063658554 0.5033264477960013 0.13134796459779732 0.49493121082733554 0.13243311629312754 0.5138733713233279 0.27897845806118565
1 0.15814823140175624 0.3232884021278525 0.11160756867856243 0.2930793069035517 0.07099628507268822 0.3556457637611059 0.11753694779588204 0.3858548589854067