1 0.24534642061942433 0.38375616289049636 0.20099545640870073 0.33780887605155124 0.13631146748888237 0.40024558287268397 0.18066243169960597 0.446192869711629
1 0.44783035978185814 0.24039775202093966 0.4119122824578058 0.17588723006851958 0.29858201826494496 0.2389870945439109 0.3345000955889973 0.30349761649633095
1 0.40315646755659895 0.2619766348772644 0.36616539292176264 0.2119015028756103 0.30441779040568245 0.2575151654241 0.34140886504051865 0.30759029742575406
1 0.47975309476232797 0.25234941989384174 0.41639209443700836 0.24220775373367615 0.40743903044287233 0.2981428517428381 0.47080003076819193 0.3082845179030037
1 0.5306477179918272 0.3289279637910794 0.4895371406813299 0.2627151293137093 0.41912280029311183 0.3064343599907599 0.4602333776036091 0.37264719446813005
1 0.5613479137820339 0.30999367772133063 0.5453801461569019 0.24752771165824955 0.48044595293145453 0.2641264160999978 0.49641372055658656 0.3265923821630789
1 0.7797746591270523 0.3748885652437694 0.7753300875284395 0.289733029726928 0.7240840106160519 0.2924077455466657 0.7285285822146648 0.3775632810635071
1 0.8412179047177396 0.394699770634482 0.7966247279554285 0.3359878745850803 0.7530186466036539 0.36910780128605447 0.7976118233659649 0.42781969733545616
1 0.7775643853292957 0.3973567276545176 0.7440858644051367 0.3639483805497326 0.7083570663413179 0.39975222651142894 0.7418355872654769 0.43316057361621396
1 0.9788656209691309 0.504982489807716 0.9525803067199012 0.42084944022481385 0.8791743934616353 0.44378332301297957 0.9054597077108649 0.5279163725958818
0 0.24092967421874997 0.435130428125 0.22318087670785042 0.42155978123655435 0.22126270415031177 0.4240685235680422 0.23901150166121132 0.4376391704564879
0 0.3128936329779445 0.4889042584430684 0.2512821054295588 0.443354084967011 0.24801078894151668 0.44777889371177765 0.30962231648990246 0.4933290671878351
0 0.34703604921875003 0.5191799781250002 0.3343216086754982 0.5077013048821257 0.33070000468750005 0.5117128023437502 0.3434144452307518 0.5231914755866246
0 0.43174082410528564 0.5801636800531437 0.3644725921875 0.5317474171875001 0.3610743372981656 0.5364688596219533 0.4283425692159512 0.5848851224875969
0 0.5196389648437499 0.6434671468750001 0.4762471522761693 0.6091684983499386 0.4722442771029053 0.614232604859056 0.5156360896704859 0.6485312533841174
0 0.5556746129087662 0.6718708982556303 0.548141810789775 0.6657035486393651 0.5450164390225847 0.6695208783734274 0.5525492411415758 0.6756882279896927
0 0.7826475662279339 0.8109505434945783 0.5747697904826098 0.6813188066921905 0.5696796413344464 0.6894813825338241 0.7775574170797703 0.8191131193362118
0 0.3859335379129496 0.5416166073156232 0.3834074015625001 0.45154831093750014 0.3772307698751486 0.45172154629840067 0.37975690622559816 0.5417898426765237
0 0.39579768875237764 0.7037947912516728 0.3871416054404025 0.5645237671603477 0.37834565955322047 0.5650704597757271 0.3870017428651956 0.7043414838670523
0 0.40550663984375 0.9105686531249999 0.39896254854710567 0.7656320122409961 0.39174678059742096 0.7659578142186749 0.3982908718940653 0.9108944551026787
0 0.41797476875 0.44933388750000003 0.4092364031416936 0.4141005454503618 0.40356182105187866 0.4155079218186124 0.41230018666018503 0.45074126386825064
0 0.47442734472937753 0.7001229763708063 0.47000395624999997 0.6768168828125 0.46350998730187243 0.6780494080041937 0.46793337578125005 0.7013555015625
0 0.4660262103904995 0.68570922763124 0.4608104208981401 0.6809539404913564 0.4483548945312501 0.6946156609375 0.4535706840236095 0.6993709480773835
0 0.5078783248435366 0.9318900954590413 0.4987200375865288 0.8294068648673347 0.4894761189159819 0.8302329362360503 0.49863440617298976 0.9327161668277568
0 0.49283253030526186 0.863212901567473 0.4854322686141065 0.8621718020964451 0.46682084296875004 0.9944640796875002 0.47422110465990547 0.995505179158528
0 0.4919497565415286 0.8350993856837746 0.48719004136655686 0.8350433711421799 0.4868986637312783 0.8598025588959052 0.4916583789062501 0.8598585734374999
0 0.5052405492966072 0.7517532787619097 0.5003711627593248 0.7514980126569965 0.4995565335937501 0.7670376562500001 0.5044259201310326 0.7672929223549134
0 0.5084784048771029 0.7218761465241648 0.5019483491615601 0.7214394189277933 0.5001373810032073 0.7485174489661286 0.50666743671875 0.7489541765625001
0 0.5325762718604529 0.3472188156636916 0.5291109706287854 0.31695325884302933 0.521775289921911 0.3177931688284718 0.5252405911535785 0.34805872564913415
0 0.48941164697087347 0.41962361436538903 0.4892832433590284 0.3993715117698899 0.484030562835639 0.3994048151342142 0.484158966447484 0.41965691772971336
0 0.4912435843750001 0.50588136015625 0.4857936842013535 0.5058558529679801 0.48572037062041895 0.5215201313367989 0.49117027079406556 0.5215456385250687
0 0.5049098601562501 0.5872173421875002 0.4935784594903917 0.5444536830631523 0.4872811769530928 0.5461223202424159 0.4986125776189511 0.5888859793667638
0 0.484962425 0.35511013203125 0.48438795859374995 0.34670076250000004 0.4798517858589464 0.3470106405282408 0.4804262522651964 0.35542001005949075
0 0.7270558234374999 0.34449028828125006 0.7249675935080033 0.3387850821302357 0.6869293818159632 0.3527078975408102 0.6890176117454597 0.35841310369182455
0 0.6784070476562499 0.3648973687500001 0.6759250805824634 0.3601875463281041 0.6540766610647354 0.37170115618421623 0.6565586281385221 0.3764109786061122
0 0.6415038257367417 0.3853461641840947 0.6394898410305366 0.38132842224068186 0.6210176168562948 0.3905880455565873 0.6230316015625 0.39460578750000014
0 0.6143625576926778 0.39938445793870336 0.6105539253043185 0.3933955066058005 0.49708232854914086 0.4655569877295972 0.5008909609375001 0.4715459390625
0 0.48939273203125 0.4785673429687501 0.4874244442405192 0.47495200257433334 0.46256888799051915 0.4884840306993333 0.46453717578125 0.4920993710937501
0 0.5612706964632442 0.4922205294196263 0.5510076275809336 0.4469537249999777 0.5429905326801892 0.4487713924553514 0.5532536015624998 0.49403819687499995
0 0.5800059045570042 0.5795878345410855 0.5660223285547893 0.535766345926295 0.554466850560285 0.5394537356039596 0.5684504265624999 0.5832752242187501
0 0.6372952315475715 0.5276816133344533 0.6310471596627732 0.5218532133698375 0.5814605277081467 0.5750103135788932 0.587708599592945 0.580838713543509
0 0.5739255817313696 0.5855127824147386 0.5698264138024414 0.5820674535712216 0.5478752185876097 0.6081844483526058 0.551974386516538 0.6116297771961227
0 0.6999702546875 0.46034451718750014 0.6975186681024852 0.4577092056012388 0.6800723470087352 0.47393922825748874 0.68252393359375 0.4765745398437501
0 0.7312068419141268 0.42899134370140474 0.7273879101806139 0.42539800148275814 0.702729061921586 0.45160492873828384 0.7065479936550988 0.45519827095693055
0 0.4181463000976987 0.5224860253600496 0.41429197989996364 0.5182360898568035 0.3969893390342007 0.5339280734438786 0.40084365923193577 0.5381780089471248
0 0.380918225778305 0.5555059301823431 0.376433274947004 0.5467179747519004 0.10417034429862751 0.6856679121757842 0.10865529512992847 0.6944558676062267
0 0.8057979316951294 0.5353684738920311 0.8013634809257818 0.525666016263345 0.6995175477522475 0.5722140965539522 0.703951998521595 0.5819165541826383
0 0.6834664140625 0.584217784375 0.6798214251347808 0.5747275970081599 0.5726813338618936 0.6158779380192374 0.5763263227896127 0.6253681253860776
0 0.6618416517655717 0.5939864124147471 0.6573738175506798 0.5903812461770792 0.6218688473033132 0.6343820800949406 0.6263366815182051 0.6379872463326085
0 0.6025265196986971 0.7706968130518592 0.5957022068752597 0.7194462542101292 0.5878269510167297 0.7204948907666433 0.5946512638401671 0.7717454496083733
0 0.64578745859375 0.960559553125 0.6262510176571114 0.8697116232957214 0.6168859982115141 0.8717255288366973 0.6364224391481527 0.9625734586659759
0 0.51235091328125 0.6585662578125001 0.5083028947076172 0.6494943906147623 0.27608925889513036 0.7531119910856038 0.28013727746876305 0.7621838582833415
0 0.3129406390625 0.8201652148437499 0.3082050248087221 0.8151580255377009 0.25614163046874994 0.8643976562500001 0.26087724472252793 0.8694048455560491
0 0.3781620911638586 0.8130442602842549 0.37165499692626164 0.8120624437743282 0.3492972729499031 0.9602406577088234 0.3558043671875001 0.9612224742187502
0 0.4694379062939113 0.6536951920875258 0.4618667094401837 0.6346041463398033 0.4580261384307713 0.6361272540588475 0.4655973352844989 0.65521829980657
0 0.40409622717674976 0.56934662416884 0.39921163424512257 0.5686644512138215 0.39720712113087286 0.5830174543887314 0.40209171406250005 0.5836996273437499
0 0.7523072499999999 0.456475484375 0.7471607054895586 0.45289966402550574 0.700570090996423 0.5199557931992327 0.7057166355068643 0.523531613548727
0 0.5677993734898857 0.7208548641949005 0.5599066390594046 0.7150160530249787 0.40946969925940946 0.9183723150826086 0.41736243368989057 0.9242111262525304
0 0.4133858760619855 0.4122791555079304 0.39678587812500005 0.3470099796875 0.3886635356567646 0.3490757460545696 0.40526353359375006 0.414344921875
0 0.8762296743113284 0.5019667482072981 0.8721604487324413 0.4967971320485921 0.8548512800342982 0.5104219176909718 0.8589205056131852 0.5155915338496778