1 0.249558399874439 0.3749396935649954 0.2068379896574236 0.3274725704329612 0.1400143957739828 0.38761380408083007 0.18273480599099823 0.4350809272128643
1 0.45692212777682534 0.23873520139902923 0.4232773164054679 0.1730104545323951 0.3078139360691612 0.23211670958723923 0.34145874744051863 0.29784145645387333
1 0.4093337226790135 0.26192622038737623 0.377355323704908 0.2071061081016717 0.31215792167151307 0.24513792612191213 0.34413632064561855 0.29995803840761665
1 0.4884083094891084 0.2517936758974473 0.42543984689885334 0.2394469189565247 0.4145401283449453 0.29503548551615627 0.4775085909352003 0.3073822424570788
1 0.5365993767507129 0.3301017653468419 0.4978246366483371 0.2624945277211673 0.42592741158373004 0.30372970185145104 0.46470215168610574 0.3713369394771256
1 0.5679416678855553 0.3122504354564961 0.5541636576438721 0.24926525513837983 0.48868973394955006 0.2635876780744952 0.5024677441912333 0.32657285839261146
1 0.7839705538132957 0.3847287744468299 0.7825005756754122 0.2994700000498799 0.7311923704726537 0.3003546238375846 0.7326623486105373 0.3856133982345346
1 0.8446849697840022 0.40667224855604844 0.8021679714473956 0.3464398401417676 0.7574325866596924 0.3780177619064778 0.799949584996299 0.4382501703207586
1 0.7801345545966253 0.4033744277020531 0.7455384735206995 0.37118085313001936 0.7111230548794095 0.4081645875988934 0.7457191359553355 0.44035816217092716
1 0.9784000223253997 0.5216916244340378 0.9550669216453678 0.4366924814656093 0.8809053445736221 0.45705056372354147 0.9042384452536544 0.54204970669197
0 0.24335140859374996 0.42612852109374993 0.22608703198931943 0.41194671670236715 0.2240824738201405 0.4143869877851655 0.241346850424571 0.4285687921765483
0 0.3133948490731583 0.4823810998706798 0.2534105314051351 0.43470846269943964 0.24998678421681825 0.43901640853892215 0.30997110188484134 0.4866890457101623
0 0.346459859375 0.5138299296875002 0.33415376397931656 0.5019145208181317 0.33039436640625003 0.5057971828125002 0.3427004618019335 0.5177125916818686
0 0.42898473358956457 0.5777326354940213 0.3634471828125 0.5269982390625 0.35988622195629794 0.5315982081040846 0.4254237727333626 0.582332604535606
0 0.5146200703125 0.6440651406250001 0.4724516962224147 0.6082730338079441 0.4682745248070363 0.6131943570422095 0.5104428988971217 0.6489864638592655
0 0.5496424894603253 0.6737092149222899 0.5423295134198771 0.6672827313375705 0.5390728225364533 0.6709886619740784 0.5463857985769014 0.6774151455587976
0 0.7716233677336397 0.8206253787318974 0.5683963074815861 0.6838177800321403 0.5630243893071178 0.6917977398361839 0.7662514495591715 0.8286053385359409
0 0.38516936640625005 0.44750880312500013 0.37899045141866194 0.44746637159223024 0.378371710330559 0.5375679619225966 0.3845506253181471 0.5376103934553665
0 0.3875792250000001 0.5606809859374999 0.3798651406250001 0.5606809859374999 0.3798651406250001 0.70023732421875 0.3875792250000001 0.70023732421875
0 0.39123556328125 0.907020775 0.3897536741702815 0.7619440404075499 0.3825309316304845 0.762017817250895 0.38401282074145304 0.9070945518433453
0 0.41979295781250003 0.4465021125 0.41228954151141634 0.4109852694099013 0.40656929991392887 0.4121937482699127 0.4140727162150126 0.44771059136001135
0 0.46745873159460727 0.6991085938396976 0.46385140859374996 0.67566232421875 0.45731838090539273 0.6766674624103024 0.46092570390625004 0.7001137320312499
0 0.4595657474189968 0.6844104302470463 0.45451909223171255 0.6794760114107484 0.44159436640624994 0.69269471796875 0.44664102159353414 0.6976291368050479
0 0.49280077827375174 0.9319019495264765 0.4872246831032762 0.8291615288028416 0.47795756624182434 0.829664488837572 0.48353366141229986 0.932404909561207
0 0.4801609486936461 0.8627415006427629 0.47280152834545736 0.8614427699181858 0.4495845070312501 0.9930049296875 0.4569439273794388 0.9943036604120769
0 0.4802598606448051 0.8346143028067642 0.4755050000359141 0.8343922107384618 0.47434971673485915 0.8591261469941976 0.4791045773437501 0.8593482390625
0 0.4964512941497685 0.7517828099211965 0.49159378313970564 0.7513577601388102 0.4902373242187501 0.7668595070312499 0.495094835228813 0.7672845568136364
0 0.5007298741466452 0.722036877924038 0.49421903753735047 0.7213725207787642 0.4914641633907054 0.7483708537922262 0.4979750000000001 0.7490352109375
0 0.5372991362063717 0.3486580809693487 0.5356626644601942 0.31822269658272173 0.5282733249627977 0.31862001192977935 0.5299097967089752 0.34905539631640625
0 0.49280165527926006 0.3990588025246913 0.4875510126613777 0.3989087696268331 0.486972549561826 0.4191530163669667 0.4922231921797084 0.419303049264825
0 0.49104366171875 0.5055721828124999 0.48559797164686425 0.5053564926309837 0.4849780279999221 0.5210086699324655 0.4904237180718079 0.5212243601139818
0 0.501863028125 0.5873355632812501 0.4920309602293022 0.5442024943473514 0.4856792790885215 0.5456503431040369 0.49551134698421917 0.5887834120379357
0 0.49002816875000005 0.35467359140625004 0.4897475351562501 0.34624929609375 0.48520331138835493 0.34640067514677253 0.4854839449821049 0.3548249704592726
0 0.7323447179687499 0.3525091546875 0.7304568688612341 0.3467345455303096 0.6919559292752352 0.3593213652539342 0.693843778382751 0.3650959744111247
0 0.68301338046875 0.37120598593750015 0.6806972957398787 0.3664124131628627 0.6584603666034898 0.37715651039703485 0.6607764513323612 0.3819500831716723
0 0.6454189863750726 0.3903544206477079 0.6435464456597302 0.386268839229775 0.6247623186596577 0.39487815061331716 0.6266348593750001 0.3989637320312501
0 0.6178043228053957 0.4034369458859552 0.6142070219844402 0.3973187236158774 0.4982861499602945 0.4654761441361723 0.50188345078125 0.47159436640625013
0 0.4901471828125 0.4782102109375 0.4883062674126428 0.47452838025142147 0.46299359163139275 0.4871847185326715 0.46483450703124995 0.49086654921874995
0 0.5615048713803812 0.4943635848188149 0.5528278431674092 0.4487661796527269 0.544752196787028 0.450302947177662 0.5534292249999999 0.4959003523437501
0 0.57098732421875 0.5387813382812501 0.5601580984375001 0.5387813382812501 0.5601580984375001 0.58561338046875 0.57098732421875 0.58561338046875
0 0.6360823879669116 0.5322435426567577 0.6296566407617868 0.5259424002289267 0.5787653801487849 0.5778400329827769 0.5851911273539095 0.5841411754106078
0 0.5710140060333836 0.5883578388193065 0.5671106399652983 0.5845736134286128 0.5434568448694148 0.6089721128905564 0.5473602109375 0.6127563382812501
0 0.7012323945312499 0.46734753515625 0.6988742722722646 0.4646282696692964 0.6808721597722647 0.48023953763804644 0.6832302820312499 0.482958803125
0 0.7334369499324381 0.4369122870942622 0.7296374724132346 0.43318075419266944 0.7043921783283077 0.4588857204547705 0.7081916558475113 0.4626172533563633
0 0.41741141216389666 0.5196156749337948 0.41370776076006416 0.5152338144630677 0.3958680172859858 0.5303123847195093 0.39957166868981836 0.5346942451902365
0 0.3790536381116959 0.5513162236390399 0.37487811457062276 0.5423770989559067 0.09793175620701793 0.6717405523087431 0.10210727974809104 0.6806796769918761
0 0.8048220121633578 0.5492544313121333 0.8007184630929818 0.5371063353271084 0.6950044094207012 0.5728158660393554 0.6991079584910773 0.5849639620243802
0 0.68041549296875 0.5905693664062501 0.6771039272856157 0.5809577520588187 0.5685929762919197 0.6183438901794165 0.5719045419750539 0.6279555045268479
0 0.6584629832505249 0.5995773504699922 0.6541236892290132 0.5958184553311312 0.6171047412349512 0.6385533797647922 0.6214440352564627 0.6423122749036532
0 0.5930168809342811 0.7741100361358932 0.5879853438819176 0.7226525319118192 0.5800782882605598 0.7234256872354959 0.5851098253129233 0.77488319145957
0 0.6296253523437498 0.9653669015625 0.6132713591406806 0.8738925017203911 0.603841760593866 0.8755783459654308 0.6201957537969351 0.9670527458075397
0 0.5068095070312502 0.6589007039062501 0.5030805578968625 0.6496930890227615 0.2673921779378795 0.7451434300235876 0.27112112707226715 0.7543510449070763
0 0.3018809859375 0.8134419015625 0.2973230047286987 0.8082724917468707 0.24357288749999997 0.855665140625 0.24813086870880124 0.8608345504406291
0 0.36731122428497986 0.8086014803318122 0.36084235867252856 0.8073931675642033 0.3333269093875487 0.9547008419198912 0.3397957750000001 0.9559091546875
0 0.46494544908919905 0.6519167717653035 0.4567787201568782 0.6332527052888642 0.4528948905989291 0.6349521303985608 0.4610616195312501 0.653616196875
0 0.4017344870510563 0.5659573870903162 0.39687667706510527 0.5651051596742236 0.3943724720452991 0.5793794624276575 0.39923028203125016 0.5802316898437501
0 0.7536725351562498 0.4653073945312499 0.7486539199286013 0.46155414050008436 0.6997514617774319 0.5269434317947861 0.7047700770050803 0.5306966858259516
0 0.5600503482616885 0.7230864895921025 0.552366193299422 0.7169757826976808 0.3949238644334726 0.9149579922077613 0.4026080193957391 0.921068699102183
0 0.41650005183121835 0.4093098031284663 0.402188028125 0.34350105625000016 0.39399853957503156 0.3452820984340339 0.40831056328125 0.41109084531250006
0 0.8767546907179511 0.518612157871478 0.8744514085937499 0.51307359140625 0.8543865248070265 0.5214178242398327 0.8566898069312276 0.5269563907050607