1 0.5928838515702599 0.08025691199303323 0.5106755135016345 0.07717409857446075 0.5085808024222138 0.13303304726583387 0.5907891404908392 0.13611586068440634
1 0.32735680395086053 0.16510006602916882 0.2962899932798276 0.12977752710580076 0.2386836608300016 0.18044333647907213 0.26975047150103454 0.21576587540244022
1 0.27592312965926447 0.19807425851706478 0.20892314719772753 0.19089569001048326 0.2024599045782342 0.2512192965559512 0.2694598870397712 0.2583978650625327
1 0.13824369725951183 0.3934154680963994 0.10738846825325361 0.34939534161204716 0.07798066678371059 0.37000828667561647 0.1088358957899688 0.4140284131599687
1 0.47781372295703306 0.19178260613799908 0.43920049569723707 0.16131712464947517 0.39071711787310504 0.22276698838955658 0.429330345132901 0.25323246987808046
1 0.5260944018064617 0.26008755666858807 0.516806245098498 0.20435858550864028 0.4637038485738912 0.21320898002020186 0.4729920052818549 0.2689379511801496
1 0.7087422725491184 0.2293623735986495 0.6641912558326262 0.18886144951515976 0.6215712828947103 0.23574341998327478 0.6661222996112025 0.2762443440667645
1 0.6589679199908169 0.1927025417572788 0.6107122693217476 0.16437857394887986 0.5847441769088463 0.20862051083060065 0.6329998275779156 0.23694447863899953
1 0.6151408453124999 0.17359154921875006 0.5827053701451862 0.15285411421769182 0.5474863103913845 0.20794033572976783 0.5799217855586982 0.22867777073082607
0 0.16076901406250005 0.42382640859375 0.1430172063703349 0.39451167966661055 0.1381454071723594 0.3974618431387769 0.1558972148645245 0.4267765720659164
0 0.20088978906250005 0.48455739453125013 0.183125 0.45607112656250004 0.1773715847337087 0.4596591082772953 0.19513637379620874 0.48814537624604537
0 0.3824766452842203 0.7184706480547771 0.21109495739265113 0.4949262886754949 0.20165813171373737 0.50216109038412 0.3730398196053065 0.7257054497634023
0 0.5796735914062501 0.9267549296875 0.38991646073896974 0.7241068097889414 0.3827379226309448 0.7308287018767949 0.5724950532982251 0.9334768217753538
0 0.17597249994555103 0.3155189587317274 0.1669687496867603 0.2998588528358864 0.16121164983212058 0.30316888724120056 0.1702154000909113 0.31882899313704155
0 0.20178802812500002 0.34945668984375 0.1969054565364807 0.34612459808120893 0.19332165341148072 0.35137600667495894 0.19820422500000004 0.35470809843750006
0 0.24293374099310175 0.4257649204982538 0.210451422318417 0.36137000740533487 0.20374831491906523 0.364751213469581 0.23623063359374993 0.4291461265625
0 0.42817148950147566 0.6967375193137423 0.2887894367187501 0.5029746476562501 0.28020939727120797 0.5091466428425577 0.41959145005393356 0.7029095145000499
0 0.2559363894791477 0.3177513972983598 0.24813957393831437 0.2594262884867261 0.24271339539666664 0.26015165212586633 0.25051021093750003 0.3184767609375
0 0.25837413190059244 0.3479801851240695 0.25609262897317764 0.3247289063825488 0.2506132461141731 0.3252665640388102 0.2528947490415878 0.3485178427803309
0 0.2681214419191821 0.41280259042936474 0.2620271404773358 0.35221624347412633 0.25524074703577987 0.3528988779192492 0.2613350484776262 0.4134852248744876
0 0.29761831015625 0.5716859156249999 0.29652556120357515 0.5644054166943375 0.29128556328125 0.5651919015625 0.29237831223392485 0.5724724004931624
0 0.31142134613202643 0.623612516365577 0.30128485937499994 0.5815102109375 0.2935143790485696 0.5833810199139621 0.303650865805596 0.6254833253420391
0 0.3367679578125 0.7133820421874999 0.32107836581351323 0.646569862206315 0.31181268284693725 0.6487457347100781 0.3275022748459241 0.7155579146912631
0 0.3998721828124999 0.9211908453125 0.3581077473268685 0.7823336980950252 0.34773263496728657 0.7854542483834399 0.389497070452918 0.9243113956009147
0 0.31133380312500003 0.28217570390625 0.30789507031249996 0.26245246484375007 0.3032788757618497 0.2632572951061579 0.3067176085743497 0.28298053416865787
0 0.3361800958074812 0.39181498269749815 0.3187146180268693 0.3253421434734592 0.31134332534438813 0.32727892171346107 0.328808803125 0.39375176093750003
0 0.34544723916229286 0.43215158966729633 0.33997816875 0.4020975351562501 0.3343076449742074 0.40312942567182064 0.3397767153865002 0.4331834801828669
0 0.3479168007077071 0.4556493109723367 0.345809859375 0.4453038734375001 0.3412795858856705 0.4462265043490487 0.3433865272183776 0.4565719418838853
0 0.3729271125 0.5667820421875 0.3598695459793763 0.5115853569131086 0.35270578115359064 0.5132800480940336 0.36576334767421426 0.5684767333684249
0 0.38934542265625 0.64575246484375 0.386416196875 0.62539260546875 0.3805956796155924 0.6262300183851379 0.3835249053968424 0.646589877760138
0 0.44844084531250006 0.8642778171875 0.431855460416382 0.8159992969887269 0.4242363207703644 0.818616741829335 0.4408217056664824 0.8668952620281081
0 0.4562740958668564 0.8660336431491743 0.44970035234375016 0.8648200703125001 0.44207572347070745 0.9061215506650226 0.44864946699381364 0.9073351235016969
0 0.4584158460422896 0.8393735863712173 0.4540147339988686 0.8386666052724594 0.45078661953125004 0.8587623242187499 0.45518773157467096 0.8594693053175078
0 0.47036537274803214 0.8704960274730679 0.46483157765597927 0.8680032214241322 0.4477605305602044 0.9058993412105618 0.45329432565225736 0.9083921472594975
0 0.4808450883422709 0.8302203235061368 0.4755794465782466 0.8287531019655718 0.4668656014575358 0.860025807228053 0.47213124322156014 0.861493028768618
0 0.6592022807451939 0.9250852424503501 0.6169299296875002 0.8211232390625 0.6052539456296676 0.8258708514684996 0.6475262966873614 0.9298328548563497
0 0.5172634028183039 0.7364972589302694 0.507333437624693 0.7333134025420842 0.4791387737496701 0.8212482830107721 0.489068738943281 0.8244321393989574
0 0.53227183125 0.5892352109375001 0.5266626695299963 0.5882767291424239 0.516841626236493 0.6457507681647648 0.5224507879564967 0.6467092499598411
0 0.5212987441519634 0.6511669399982034 0.5163059952960855 0.6507775891877297 0.5136412116630081 0.684948817492159 0.5186339605188861 0.6853381683026326
0 0.5464650991555142 0.5884676775568549 0.5379994677928673 0.5867621246389723 0.507755168838416 0.7368818207712576 0.516220800201063 0.7385873736891403
0 0.5909809859374999 0.6099514085937499 0.588505281680232 0.5739464893984044 0.583486971875 0.5742915492187499 0.5859626761322678 0.6102964684140955
0 0.5978506517495896 0.6454920840735228 0.5920397890625001 0.61762147890625 0.5849053341879105 0.6191089721764771 0.5907161968750001 0.6469795773437499
0 0.6007519900071061 0.7139421473198315 0.5961344486461603 0.6386793154256731 0.5900893778673385 0.6390501939011245 0.5947069192282843 0.7143130257952829
0 0.48833446216021875 0.53759373966992 0.48766760546875004 0.52026866171875 0.48063075450305026 0.5205395159779096 0.48129761119451897 0.5378645939290795
0 0.46144388254533675 0.32934820445076873 0.451836971875 0.25704929609375005 0.44731597682966334 0.25765003539298137 0.4569228875000001 0.32994894375000006
0 0.47358598243257355 0.4339226758429874 0.47062183125000007 0.41437464765625 0.4641858488174265 0.41535056321951275 0.46715 0.4348985914062501
0 0.5409707750000001 0.32747147890625 0.5363665492187502 0.31129577500000005 0.5305168403934537 0.31296082650825796 0.5351210661747038 0.3291365304145079
0 0.5753124950862235 0.44276186133202433 0.5421767719794444 0.34166723525067433 0.532622949702424 0.34479868567344935 0.565758672809203 0.44589331175479935
0 0.5441528299113343 0.38572208996374596 0.543328247416723 0.37336166194260006 0.5391538734375 0.373640140625 0.5399784559321112 0.3860005686461459
0 0.5780319143795623 0.5366938617825049 0.57471373203125 0.48470281718749997 0.5674922204090656 0.4851637098773761 0.5708104027573777 0.537154754472381
0 0.6206676435210468 0.36047774244606723 0.6159592986624042 0.35930855499647596 0.6089482390625001 0.3875422539062501 0.6136565839211426 0.3887114413558413
0 0.5851421077234135 0.3557070484249346 0.5782712436902385 0.3541457219485819 0.5640563885558814 0.41670043959328895 0.5709272525890563 0.4182617660696417
0 0.6038059859374999 0.22149683125000003 0.5981186805403795 0.219986710442796 0.5938792872603683 0.2359528001535681 0.5995665926574887 0.23746292096077215
0 0.5609553777963239 0.13640705392247715 0.5524937451008343 0.13616554116115456 0.5482779533753357 0.2838698732490324 0.5567395860708253 0.284111386010355
1 0.1900007781643475 0.27198661653230505 0.14875885176081124 0.23486888185406718 0.09886001073475323 0.2903120371828594 0.14010193713828947 0.32742977186109723