1 0.6291134209275534 0.08994952257623592 0.5474865958163269 0.07971351076195496 0.5405314270822332 0.13517733321327963 0.6221582521934598 0.1454133450275606
1 0.3572022157752849 0.1513276156339705 0.32933218573517753 0.11343183891751496 0.26752924744017864 0.15888412664171875 0.295399277480286 0.1967799033581743
1 0.30531508056791223 0.1825123791633454 0.24048021274395345 0.16460824802852733 0.22428135230977753 0.22326794881155698 0.28911622013373633 0.24117207994637502
1 0.14890974316129163 0.36229191538692823 0.12200853480232146 0.3157500884411966 0.09091610262955906 0.33372153587152437 0.11781731098852921 0.380263362817256
1 0.5047610642606176 0.1910218047166668 0.4689500135308332 0.15730688933069592 0.4152954214607097 0.21429731319836506 0.45110647219049405 0.24801222858433594
1 0.554619916918467 0.24639294703859252 0.5349986756866867 0.20083458532842516 0.4786640108939525 0.22509700403965455 0.4982852521257328 0.2706553657498219
1 0.7319223236442005 0.24784314683577935 0.6896073230762557 0.2045221820887749 0.6446541297548869 0.248431508947803 0.6869691303228317 0.29175247369480745
1 0.6851457372696241 0.20772686851738714 0.6395423106757664 0.17530492475181736 0.609817095354619 0.217115239540041 0.6554205219484767 0.2495371833056108
1 0.6431510703125 0.18486881796875004 0.6126464083157629 0.16138335727488945 0.5727602874440607 0.21319041575300313 0.6032649494407979 0.23667587644686378
0 0.16869885625000003 0.3945503437500001 0.15356954659405633 0.36379999367069626 0.1484591620208214 0.36631432571797484 0.1635884716767651 0.39706467579727867
0 0.20337390546875 0.45854698593750004 0.18815945859375 0.42862081328125 0.1821152236127949 0.4316936984468227 0.19732967048779487 0.46161987110307273
0 0.3638828857604857 0.7073964657184773 0.2126365312497723 0.46976586192938063 0.2026050604927093 0.4761506598392205 0.3538514150034227 0.7137812636283171
0 0.54217626640625 0.932075009375 0.3708031664589292 0.7136596028948563 0.36306609301199644 0.7197302655943829 0.5344391929593174 0.9381456720745266
0 0.19328410450682892 0.2879801070107163 0.18567948414865848 0.27159486473142536 0.17965580361919395 0.2743905392051179 0.1872604239773644 0.2907757814844088
0 0.21604352890624998 0.32403866640625 0.21146994810218459 0.32029371025594927 0.2074420918521846 0.3252127868184493 0.21201567265625001 0.32895774296875
0 0.2503819696609295 0.40364260640940863 0.2236356418762247 0.33666171507925213 0.21666334955904515 0.3394458407010935 0.24340967734375002 0.40642673203125
0 0.41129801421541334 0.6897286061335486 0.2893338992187501 0.48455511484375 0.28024858456605306 0.4899558240392537 0.4022126995627163 0.6951293153290522
0 0.27274913722941785 0.2971733629630437 0.270065359066594 0.23839066173609952 0.2645966093371761 0.2386403425230558 0.26728038749999994 0.29742304374999995
0 0.2725429910119407 0.32749958413166647 0.2722966526173707 0.304137937604107 0.2667912607669446 0.30419598956497 0.2670375991615146 0.3275576360925294
0 0.27660356454498103 0.39292485521102766 0.2758129017573074 0.3320379039095722 0.2689928373191378 0.33212646756804964 0.26978350010681146 0.3930134188695051
0 0.29214059453124996 0.55377440234375 0.29168654110833514 0.5464263686711603 0.2863979359375 0.54675316484375 0.28685198936041484 0.5541011985163398
0 0.30136540450641386 0.6067064209908484 0.29493694765625 0.5638808742187501 0.2870329841105184 0.5650673223187451 0.2934614409606823 0.6078928690908434
0 0.318791634375 0.6983434492187501 0.30898481256081334 0.6304180717480012 0.29956474842699465 0.6317781067434394 0.30937157024118134 0.6997034842141884
0 0.3635439984375 0.9108613726562498 0.33404068715617036 0.7688926082781403 0.32343308159902706 0.7710970332449482 0.3529363928803567 0.9130657976230576
0 0.33103637343750003 0.2665612484375 0.32932971953125 0.24661335703124995 0.3246609453283721 0.2470127968300973 0.3263675992346221 0.26696068823634733
0 0.3462324254805885 0.3779488141604353 0.33462689909450394 0.31020670690633645 0.3271148548639154 0.3114936646209011 0.33872038125000004 0.37923577187499996
0 0.35194873755244116 0.4189396127689816 0.3491198625 0.38852326171875007 0.34338098142508505 0.3890570067914231 0.34620985647752617 0.4194733578416546
0 0.3523609400713267 0.44256315454026396 0.35116368125 0.43207345234375005 0.3465702338735275 0.4325977327559822 0.3477674926948541 0.44308743495249614
0 0.36759022500000005 0.555452784375 0.35939305438813596 0.4993280975582821 0.3521088474621218 0.5003919767588851 0.3603060180739859 0.5565166635756029
0 0.37706333203125003 0.63555365078125 0.37591973203125006 0.61501596796875 0.3700483784518416 0.6153429026095619 0.37119197845184165 0.6358805854220619
0 0.41688813984375006 0.8583979539062503 0.4045736174532129 0.8088576362922414 0.3967553456981857 0.8108010691812415 0.4090698680887229 0.8603413867952504
0 0.424538552445955 0.8608298108719893 0.41809559375000005 0.8590479164062501 0.40690031690611733 0.8995277022082637 0.41334327560207224 0.901309596674003
0 0.4289957295374639 0.8344578696887911 0.42467298250566127 0.8333699966571849 0.4197056945312501 0.8531078968750002 0.42402844156305275 0.8541957699066064
0 0.43818728560896253 0.8665033509925019 0.43289181037266766 0.8635377280899312 0.41258285638922326 0.8998018002351671 0.41787833162551813 0.9027674231377377
0 0.4521373815099087 0.8272942754872616 0.4470196535626367 0.8253737059607632 0.4356133705715338 0.8557679470609487 0.4407310985188058 0.8576885165874473
0 0.6215478482755842 0.9373430580259537 0.5884972414062501 0.8300923828125001 0.5764519060207117 0.8338043001840634 0.6095025128900458 0.941054975397517
0 0.495679683414367 0.7366733631836976 0.4855260914318681 0.7326085051665402 0.4512155986543734 0.8183125427763913 0.4613691906368723 0.8223774007935487
0 0.5243716664062502 0.5917083195312501 0.5188673869315391 0.5902646144533769 0.504074522422906 0.6466639869671876 0.5095788018976171 0.6481076920450609
0 0.5080426292816462 0.6524480123170908 0.5031028134413991 0.6516249963276468 0.49746995114330017 0.6854339414307452 0.5024097669835476 0.686256957420189
0 0.5385778196699981 0.5921807315324633 0.5302930511254859 0.5897438402881346 0.48708004680321026 0.7366563214077761 0.4953648153477225 0.7390932126521048
0 0.5817236309540712 0.5813788441578103 0.5766943437500001 0.5812852164062501 0.5760225917021791 0.6173688980296899 0.5810518789062501 0.61746252578125
0 0.5847978302243317 0.6534666889712938 0.5814381625000001 0.6251956898437501 0.5742012127444183 0.6260557141537062 0.57756088046875 0.65432671328125
0 0.5836819297701992 0.6465302680816886 0.5776275384381175 0.6463728725815013 0.5756679200810471 0.7217517517814612 0.5817223114131286 0.7219091472816486
0 0.48594800390625004 0.51911669453125 0.4789143237241695 0.5187732159585824 0.4780686623573479 0.5360904871652503 0.48510234253942847 0.536433965737918
0 0.47646388427640296 0.3266371992688103 0.47319479609375004 0.25377611249999993 0.46863864697359714 0.2539805351061897 0.4719077351562501 0.326841621875
0 0.4794455139417818 0.4318719862736321 0.47819636484375005 0.41214000156249997 0.4716998165269682 0.41255127075761794 0.47294896562499994 0.43228325546875
0 0.5558517203125 0.331698840625 0.5526748203125 0.31518340546874996 0.5467022529533911 0.3163322852326581 0.5498791529533911 0.33284772038890814
0 0.5800145406653585 0.4495435862761396 0.555815886621708 0.34594568719678226 0.546025495842221 0.34823255094141736 0.5702241498858716 0.45183045002077477
0 0.5542006282269957 0.377619864624442 0.55001786875 0.3775334632812501 0.5497620321166509 0.3899187233150759 0.5539447915936465 0.39000512465826775
0 0.5757626609375002 0.4912727585937501 0.5685284594547445 0.4911025012735041 0.567302697350692 0.5431849022993807 0.5745368988334477 0.5433551596196267
0 0.6323686327476713 0.3715255446283978 0.6277801061563256 0.3699504470703802 0.618334996875 0.3974656539062501 0.6229235234663457 0.3990407514642677
0 0.5973940758348549 0.3636767501270176 0.5906854360239923 0.36152252970593424 0.5710726699304904 0.4226003015663589 0.5777813097413531 0.42475452198744235
0 0.6276841234375 0.23160390781250012 0.6221500750522726 0.2296038520088716 0.6165352778565317 0.24513969820781156 0.6220693262417593 0.2471397540114401
0 0.5924126376535781 0.1431032459168391 0.5840042529973773 0.14212517225437657 0.566931222558064 0.2889000141607988 0.5753396072142649 0.2898780878232613
1 0.21105309464107375 0.24583606357209326 0.17320312931606346 0.20526510255840105 0.1186619797445159 0.2561483098694769 0.15651194506952618 0.2967192708831691