1 0.9093499178590989 0.23439056666189279 0.8961542343239876 0.17419247115019756 0.8012110377649506 0.1950044314781038 0.814406721300062 0.25520252698979906
1 0.7243739639603717 0.10642761566402723 0.6590490517641768 0.0707955080583341 0.634829968634852 0.11519674012698433 0.7001548808310467 0.15082884773267746
1 0.6280598720546501 0.13469121108074505 0.6073935698185907 0.13365526325767435 0.6055122564317077 0.1711859092884973 0.6261785586677672 0.172221857111568
1 0.7436422620220806 0.18793999459827168 0.7395329686073664 0.17031075897714903 0.7299631751032719 0.1725414336514062 0.7340724685179861 0.19017066927252885
1 0.4152560397060898 0.12630471884813518 0.39515094956947044 0.07593126227324112 0.3191907696872529 0.10624854377754338 0.3392958598238723 0.15662200035243745
1 0.5509150054290293 0.22626082090018795 0.5123782332025507 0.15872838343043258 0.46812572378186007 0.1839806761047344 0.5066624960083386 0.2515131135744898
1 0.49188491784935595 0.2549029213470896 0.47069357460870015 0.19470311328867854 0.424525665792992 0.21095499238881912 0.44571700903364775 0.2711548004472302
1 0.33930983819541083 0.27936862993479966 0.32468192996676704 0.2306440028780866 0.24119234836263867 0.2557089035561676 0.2558202565912824 0.3044335306128807
1 0.36584581880087935 0.23259144184538835 0.3237524521010849 0.20021606579869028 0.2864852159431685 0.24866966322471934 0.32857858264296297 0.28104503927141744
1 0.39229414603973456 0.20787523327679414 0.3267345319602082 0.18119704848359583 0.3101839416570671 0.2218688678548643 0.37574355573659346 0.24854705264806257
0 0.8464901656690028 0.3139175720045194 0.8381415149940992 0.3114223462067335 0.8020428008023902 0.4322032209745334 0.8103914514772939 0.43469844677231934
0 0.8046386076016037 0.4766997916243259 0.7950781169940054 0.4738041914516321 0.7729107032871612 0.5469950112815218 0.7824711938947594 0.5498906114542156
0 0.7775309767296753 0.5595637141385632 0.7717761933962624 0.5578098968060381 0.7583709246549566 0.6017964715203604 0.7641257079883695 0.6035502888528854
0 0.7424580335389517 0.6820483354282365 0.7344556518970567 0.6793069601430535 0.6919646542956052 0.8033429434648169 0.6999670359375001 0.8060843187500002
0 0.6777966981956283 0.8657661395424014 0.6714582365211212 0.8630229013811412 0.6642273484006942 0.8797304216654608 0.6705658100752012 0.882473659826721
0 0.7244493682268928 0.297409961107712 0.6922733765625 0.20358196874999995 0.6836721382542738 0.20653155090725045 0.7158481299186665 0.3003595432649625
0 0.7999550601977506 0.6298380178422069 0.7485686098310145 0.37804394697209853 0.7337351917430718 0.38107116957392984 0.785121642109808 0.6328652404440382
0 0.7986098998477414 0.743987602999981 0.793358875 0.65637105625 0.7858998321835087 0.656818090750019 0.7911508570312501 0.7444346375
0 0.7100468419646923 0.3135789688381907 0.7059925563416086 0.3134838802599383 0.7052299547822528 0.3459988741220682 0.7092842404053366 0.34609396270032067
0 0.712906589129606 0.4233714297651364 0.7107934110271019 0.3772647260976429 0.7050324272196834 0.3775287654642069 0.7071456053221874 0.4236354691317004
0 0.7129070734375001 0.43094793125000014 0.7042067181092584 0.4301999845186931 0.6981389295749914 0.50078243925114 0.7068392849032331 0.5015303859824469
0 0.710549812396641 0.5311967862514365 0.7029578139082779 0.5303419704049053 0.697479631199137 0.5789961396222189 0.7050716296875 0.5798509554687501
0 0.6949943656250002 0.6760026898437501 0.6866569795524382 0.6750606343807767 0.6800185897422677 0.7338117598961043 0.6883559758148298 0.7347538153590777
0 0.6721759210081147 0.8439251526869048 0.6623900105661994 0.8424978764995872 0.6542672019782776 0.8981907256373622 0.6640531124201929 0.89961800182468
0 0.6791724682171593 0.7865577085632844 0.6714784138170569 0.7861130029214486 0.6690759664951825 0.8276788357981685 0.6767700208952849 0.8281235414400043
0 0.73632225625 0.84734277421875 0.7070490700062012 0.8161352302814766 0.7001519894013836 0.8226048046090538 0.7294251756451823 0.8538123485463271
0 0.7014368578773461 0.8098087623775398 0.5255761946646593 0.5612850391647028 0.5120999721819929 0.570821100321222 0.6879606353946797 0.819344823534059
0 0.6449809643638248 0.22236416654620292 0.6449046853701401 0.20088790118876618 0.6403098343750001 0.20090422109375 0.6403861133686848 0.22238048645118674
0 0.6432165019818037 0.2486562341011446 0.6379484999816145 0.24850491615001472 0.63733038671875 0.27002398828125 0.642598388718939 0.27017530623237984
0 0.6472608570814687 0.3092227509307039 0.6390565448398318 0.3084758110350546 0.6325479572415322 0.3799654787038003 0.6407522694831691 0.3807124185994496
0 0.6369363353318004 0.4123307320489452 0.6316766252683992 0.41214629381227913 0.6312637844678488 0.42391946488833393 0.6365234945312501 0.4241039031250001
0 0.63693522265625 0.4457774187500001 0.6365536188765966 0.43690676809295326 0.6320874741542855 0.4370988957927584 0.632469077933939 0.44596954644980524
0 0.6391757432977166 0.5028305189320916 0.6320816759352021 0.5020111342111292 0.6242887398695747 0.5694808001531483 0.6313828072320892 0.5703001848741106
0 0.6315005817209749 0.6039703201357471 0.6238971574147397 0.6039677524564696 0.6238880062513033 0.6310662219224961 0.6314914305575384 0.6310687896017736
0 0.6224641010893275 0.7673720951260109 0.6133028127360697 0.7663961074324445 0.603988366630924 0.8538278723846204 0.6131496549841818 0.8548038600781869
0 0.6298798363727702 0.8934601403891873 0.5480067264543113 0.7188871104625482 0.532927768987791 0.7259589997608606 0.61480087890625 0.9005320296874999
0 0.5908942625000001 0.905342215625 0.5808188816773778 0.8752395581093861 0.56998355390625 0.8788661499999998 0.5800589347288723 0.9089688075156136
0 0.5692691515625 0.8458569062499999 0.5630952558097723 0.8219587577712237 0.5550871027297847 0.8240276001475124 0.5612609984825125 0.8479257486262884
0 0.5586539011178321 0.8022176506430899 0.54805556328125 0.7638235226562501 0.5404043981009179 0.7659355548256601 0.5510027359375 0.8043296828125
0 0.5518769039857023 0.8169087015389179 0.5395078766710474 0.8165763905635712 0.536182989374102 0.9403328260865352 0.548552016688757 0.9406651370618819
0 0.5558221149651978 0.5783997033340752 0.5517874721925309 0.568849861736119 0.5474538650398332 0.5706807357457938 0.5514885078125001 0.58023057734375
0 0.5911759206623567 0.6438913327259377 0.5579175540439092 0.5811295723806963 0.5532037643531478 0.583627477870205 0.5864621309715953 0.6463892382154462
0 0.6150107942029884 0.69460475138118 0.5900457194651081 0.6430810476345334 0.5848220873595468 0.6456120839621968 0.6097871620974271 0.6971357877088435
0 0.5331029425487614 0.5194799769909355 0.51943472265625 0.5014643593750001 0.5136490743842684 0.5058538571145738 0.5273172942767799 0.5238694747305092
0 0.47925737468790625 0.40986497412905465 0.4654130515624999 0.36581369765625 0.4594787652555599 0.36767871006293185 0.47332308838096626 0.41172998653573656
0 0.509324875 0.28530828046874995 0.5063515422402268 0.2489283086622331 0.5001227255057957 0.2494373894539832 0.5030960582655688 0.28581736126050006
0 0.41462783896425426 0.2473188284819548 0.3735961054687499 0.14767610000000006 0.3670796446451457 0.15035950387624422 0.40811137814065007 0.2500022323581989
0 0.45137991047092285 0.4206484464594273 0.4205543585456278 0.3702451476342009 0.4150304139592397 0.37362347097114357 0.44585596588453474 0.42402676979636994
0 0.3623447457361945 0.4024342221471171 0.3543369770988353 0.3819097303367326 0.34563767031250003 0.3853038234375 0.3536454389498592 0.4058283152478845
0 0.46030382879106335 0.5858798275579107 0.40285594682059117 0.4958487974376637 0.3951068628970694 0.500793408845788 0.45255474486754155 0.590824438966035
0 0.45973953878624296 0.44298811139751093 0.4546801215771986 0.3513329842836507 0.4478307373860913 0.3517110743407928 0.45289015459513565 0.44336620145465294
0 0.485229145628341 0.5413021402409414 0.4700299387946753 0.47519641783527977 0.46320095859375005 0.47676655546875 0.47840016542741576 0.5428722778744117
0 0.4977607934065064 0.612019294487103 0.48735554296874994 0.5789882078125002 0.4832482520026741 0.5802820614342041 0.49365350244043044 0.613313148108807
0 0.5114682171875 0.6711362984375 0.5004387809912799 0.6215951379489038 0.4957445054687499 0.6226402328124999 0.5067739416649699 0.672181393301096
0 0.5250096948163876 0.7166141598920464 0.5135799408328461 0.6756405686859966 0.5084486022650173 0.6770719769592329 0.5198783562485588 0.7180455681652826
0 0.31212603671875 0.30218582109375 0.3086880328125 0.293284621875 0.3048577177684364 0.29476404478870355 0.3082957216746864 0.30366524400745354
0 0.3630902226562499 0.26117445078125007 0.35614523402735143 0.2503103035068487 0.3483880367187499 0.25526915078125 0.35533302534764843 0.2661332980556514