1 0.3722836667138827 0.19255607952813814 0.37020658639589205 0.1258803225887697 0.2829025032255999 0.1286000156399956 0.28497958354359054 0.19527577257936404
1 0.21986699350107783 0.25687089350735326 0.17748201574739508 0.20063451608937868 0.11144507924845648 0.25040610901446364 0.15383005700213923 0.30664248643243824
1 0.0886147530180741 0.4738789218825207 0.07169594073217983 0.3889439361492456 0.0027442016793383316 0.40267893027150814 0.019663013965232602 0.4876139160047832
1 0.5438492256166627 0.21031656823572797 0.46097454568982715 0.20182643547001083 0.4539291290707059 0.27059881670044306 0.5368038089975414 0.2790889494661602
1 0.6035118092059717 0.2934187254217536 0.5968418824295939 0.2226128776567018 0.5209772304044764 0.22975934493157948 0.5276471571808543 0.3005651926966314
1 0.7519777579273403 0.3017814977841269 0.7039786327160176 0.24874664033011432 0.6571841685693254 0.29109790611265113 0.7051832937806483 0.34413276356666367
1 0.8512058180462082 0.3279227387360983 0.7783085380271803 0.28445762361162236 0.7442207100878091 0.3416278377343843 0.817117990106837 0.3850929528588603
1 0.9305952837906337 0.5013735845823767 0.9162883163177643 0.42419848329312976 0.8609786987373212 0.43445195735977815 0.8752856662101907 0.5116270586490251
1 0.9286183896451939 0.6540219915044938 0.9248269938973148 0.5676631479047134 0.8660054443781193 0.5702455791119245 0.8697968401259984 0.6566044227117049
1 0.8914732338439686 0.6365669915809584 0.8286597060741425 0.634510708954368 0.8260104023507537 0.7154393278357656 0.8888239301205798 0.717495610462356
0 0.308642959101125 0.579296094304375 0.0732084548919886 0.4423917644889707 0.06711782508116657 0.45286582627916927 0.30255232929030296 0.5897701560945736
0 0.39802211613593824 0.636558378999915 0.3362227120998178 0.5972295309267271 0.33274280922050636 0.6026976779633457 0.3945422132566268 0.6420265260365335
0 0.6536370765624999 0.7760001109375 0.40446280220980313 0.6380819063021624 0.39957482369908576 0.646912926845679 0.6487490980517826 0.7848311314810165
0 0.21539904999999995 0.33013089375 0.18067177968749995 0.27308546484375 0.17460939362696984 0.2767760343337043 0.20933666393946987 0.33382146323995426
0 0.25564810703125007 0.39212641718749996 0.23917354455560483 0.3559145777152063 0.23134096755364264 0.3594780056173668 0.24781553002928786 0.3956898450896605
0 0.346928683238809 0.5210632962577672 0.28561806178818044 0.43483187663900164 0.27860835413464896 0.4398157854546663 0.3399189755852775 0.5260472050734318
0 0.36165022734375 0.5480242898437501 0.34608617890625004 0.5319479484375 0.3428322346409548 0.5350982016498567 0.3583962830784548 0.5511745430561067
0 0.4193833546875 0.6315438648437499 0.38321716960651786 0.5661028420192599 0.3727031119244233 0.5719134687434566 0.4088692970054054 0.6373544915679468
0 0.47012107613827475 0.7208354400983388 0.4292147514557832 0.6568806627974657 0.4220646507683914 0.6614539621282565 0.46297097545088295 0.7254087394291295
0 0.5321963140625 0.84978922578125 0.4797056017536062 0.7273118261297437 0.46682683593749996 0.7328313390625 0.5193175482463938 0.8553087387140064
0 0.33596023906250005 0.19594938515625007 0.32666596640625 0.19552792812500006 0.32505344205993625 0.23108847126039528 0.3343477147161863 0.2315099282916453
0 0.3413442203424678 0.38987804036088514 0.33155890703124996 0.26304288359375 0.3211591614262392 0.26384522240655117 0.33094447473745703 0.39068037917368625
0 0.3400624507812501 0.4786177070312501 0.33834286171875005 0.42817699140625 0.3317299782964843 0.42840243313251447 0.33344956735898434 0.47884314875751455
0 0.3497010844437917 0.5617692835111541 0.3484334215613237 0.5359637416402763 0.3414507625 0.5363067554687501 0.3427184253824681 0.5621122973396278
0 0.3546791546875 0.63688412421875 0.35452946630619847 0.6336327265424764 0.35065828906249996 0.6338109484374999 0.3508079774438015 0.6370623461137735
0 0.3588574828125001 0.686474353125 0.35546549921875004 0.643711615625 0.35026978111207374 0.6441237452407804 0.3536617647058238 0.6868864827407805
0 0.36971939670800946 0.7800893957317137 0.3594252219399262 0.7032246793709362 0.3506011627319167 0.7044064492642226 0.3608953375 0.781271165625
0 0.3693769561650784 0.8584488927681733 0.3670453343749999 0.7853318218750001 0.3599725164321393 0.7855573661457345 0.36230413822221774 0.8586744370389076
0 0.5059631281250001 0.2628404765625001 0.49771868633147465 0.2617244185454892 0.49543227693036973 0.278614373132317 0.5036767187238952 0.2797304311493279
0 0.4903226462660825 0.3264995964483031 0.48077379975688483 0.32439813221663283 0.45934870234374997 0.4217516648437501 0.46889754885294765 0.4238531290754204
0 0.45679727336653614 0.45358024869314234 0.4457840413668623 0.45351026950943085 0.4455519366969923 0.4900385975337317 0.45656516869666613 0.4901085767174432
0 0.4333179648493074 0.5544572751424474 0.4253009854165274 0.5522141349158176 0.41724810564555453 0.5809951138007342 0.4252650850783345 0.583238254027364
0 0.4241703117187502 0.5911125382812501 0.419910102646441 0.5903344145024121 0.41335159795894094 0.6262420707524121 0.4176118070312501 0.6270201945312501
0 0.4147514885423703 0.6552484496876846 0.40876938675356983 0.6542788105342193 0.4031088820312501 0.68920078671875 0.4090909838200506 0.6901704258722152
0 0.4014366643099809 0.738656815704142 0.39548607869499414 0.7382482341951613 0.39365059687500015 0.76498021171875 0.39960118248998694 0.7653887932277307
0 0.40073436267178036 0.7722083610461977 0.39419971061114434 0.7708845823823335 0.36492897645155253 0.9153755524467314 0.3714636285121885 0.9166993311105959
0 0.5626247171875 0.29740983750000005 0.555752320653546 0.29704272561362316 0.5552001625 0.30737921953125 0.5620725590339541 0.3077463314176269
0 0.556480184375 0.3551346609375 0.5510961849954168 0.3546934103656753 0.5498161671875 0.3703117812500001 0.5552001665670833 0.3707530318218248
0 0.5565221792372357 0.4153558209001072 0.5499957747918848 0.41517888117877594 0.54794969772274 0.49064823525669504 0.554476102168091 0.49082517497802625
0 0.558454090164411 0.5324210996954564 0.5489990905360365 0.5307363676776763 0.5376527120903754 0.59441415313847 0.5471077117187501 0.59609888515625
0 0.546832834375 0.712889546875 0.54667895078125 0.69800154375 0.5377742915112709 0.6980935830220285 0.5379281751050209 0.7129815861470286
0 0.5435079900334704 0.7500258984759125 0.542963265625 0.7323038687500001 0.5349360121117163 0.7325506035196224 0.5354807365201866 0.7502726332455348
0 0.5469746843750001 0.9486812734375001 0.5432843572625413 0.840788863562372 0.5347385740641348 0.8410811615606353 0.5384289011765936 0.9489735714357632
0 0.69102332578125 0.31287422578125 0.6863360028070395 0.3095729376894519 0.6603881535769635 0.34641490556546267 0.6650754765511738 0.3497161936572608
0 0.6653568962094768 0.35702271326947427 0.6586259661372964 0.3499198154847654 0.6387160796940627 0.36878705213330065 0.6454470097662431 0.37588994991800956
0 0.6099880489698379 0.42914341416271506 0.5931011564506318 0.4188168034567482 0.46676147658770245 0.6254174641675699 0.48364836910690856 0.6357440748735368
0 0.4236933046875002 0.6959893375000001 0.41992925356629573 0.6931640707833993 0.4147149348162957 0.7001110121896492 0.41847898593750016 0.7029362789062501
0 0.39478666406249985 0.7357961625 0.38979524430040347 0.7321765235898582 0.3621605482066535 0.7702842939023581 0.36715196796874994 0.7739039328124999
0 0.3619911902667253 0.7766279588384087 0.35805508801425934 0.7745511901895733 0.35265901953125006 0.784778365625 0.35659512178371605 0.7868551342738355
0 0.3564567918959373 0.7935803208743147 0.3501581397525268 0.7886384494551091 0.3080170891404772 0.8423492396087366 0.31431574128388773 0.8472911110279423
0 0.7846960284675321 0.3591523897599903 0.7799640042291336 0.3550615559864515 0.7642645440337337 0.3732217233965638 0.7689965682721321 0.3773125571701026
0 0.7349963955192746 0.42689831435858155 0.725474808679886 0.42031468935772515 0.6648685837049971 0.5079666188085766 0.6743901705443858 0.514550243809433
0 0.6693267464686383 0.5125791344811672 0.6662006705474387 0.5088406249615249 0.6533235443913005 0.5196082514178577 0.6564496203125001 0.5233467609375001
0 0.6002501818351089 0.5805620721036397 0.5947298752353082 0.5756214674088411 0.567912313709839 0.6055856460923665 0.5734326203096398 0.6105262507871652
0 0.5500773196562905 0.6510455170141949 0.5433130667720941 0.6473641989744958 0.5328332627408037 0.666620357741551 0.539597515625 0.6703016757812501
0 0.5323292952247649 0.681243977916546 0.5272817283714127 0.6772342358680666 0.515608363933432 0.6919289685196592 0.5206559307867842 0.6959387105681386
0 0.514229268561684 0.7114227977378038 0.5081633355914379 0.7081788684881489 0.48765743890475377 0.7465235379378452 0.493723371875 0.7497674671875001
0 0.4583278601562501 0.8162121656250001 0.45229288988913163 0.8128524311943923 0.40128645551413167 0.9044734569756425 0.40732142578125 0.9078331914062503
0 0.8745959991340374 0.48274106826967883 0.8716950737806972 0.47866810904666873 0.8389224363654095 0.5020100993707398 0.84182336171875 0.50608305859375
0 0.8360018367187501 0.5095349406249999 0.8335761873604894 0.5058956689842985 0.8155132651966509 0.5179349779122184 0.8179389145549113 0.5215742495529201
0 0.8164525755335749 0.5236327148477262 0.8134342430300329 0.5186652483327198 0.7666429495277078 0.5470965787974937 0.76966128203125 0.5520640453125001
0 0.7533965563592824 0.5716813013091204 0.7483070187499999 0.5622952406249999 0.6672638575924037 0.606240430259727 0.6723533952016861 0.6156264909438474
0 0.57721601484375 0.67211766640625 0.5749427167184604 0.6668192944506278 0.5578003876802258 0.6741743130850526 0.5600736858055153 0.6794726850406748
0 0.54573739664618 0.6897064529066825 0.5430480329075533 0.6838994950642939 0.5098845566897292 0.6992584235786328 0.5125739204283558 0.7050653814210215
0 0.5114517236729903 0.7133058689812494 0.5063528258162137 0.7033039024976505 0.28252531382972734 0.8174088260671265 0.2876242116865038 0.8274107925507254
0 0.8726946967558661 0.6065552375138037 0.8598190390625001 0.6055656039062501 0.8593966602753842 0.6110609757674468 0.87227231796875 0.6120506093750003
0 0.7869429676130316 0.6098986233934407 0.7420857265625 0.6084198156250001 0.7419435808244683 0.6127315766065595 0.7868008218750001 0.6142103843750001
0 0.7314893820749055 0.6127118131783549 0.7308034926278998 0.605260728051055 0.6535190798532996 0.6123749352080662 0.6542049693003054 0.619826020335366
0 0.6658460352983148 0.620507092818295 0.6643756614876459 0.6169603804263533 0.6457469504080812 0.6246833547955583 0.64721732421875 0.6282300671875001
0 0.5650331210395703 0.6423476007631124 0.5647824546875001 0.62554858203125 0.1817561626857049 0.6312639041518755 0.182006829037775 0.648062922883738
0 0.70924178125 0.6547412687499999 0.6242571879594547 0.6528020216825159 0.6240519129652197 0.6617978903318963 0.709036506255765 0.6637371373993803
0 0.6079967125000001 0.654345003125 0.5823984093276883 0.6503283493547283 0.5816181161763784 0.6553011903793498 0.6072164193486902 0.6593178441496215
0 0.5469315842725927 0.6419552620269435 0.5386154291240076 0.6409210930688228 0.537813842507665 0.6473669630731294 0.54612999765625 0.64840113203125
0 0.5239089734375002 0.6377067125000001 0.5062375420246834 0.6364055806667533 0.5057966949893469 0.6423929817505105 0.5234681264021637 0.6436941135837573
0 0.4295790293245821 0.6332359642283044 0.38811645234375003 0.6289570640624998 0.38749715104160903 0.634958098655352 0.42895972802244103 0.6392369988211566
0 0.359145818862132 0.6245216916577091 0.15076527260226197 0.6140540490612241 0.15025640217763003 0.6241841902160149 0.35863694843750005 0.6346518328125