1 0.9893009600329247 0.3549261032900869 0.9020828671957302 0.32585939351326343 0.8813771562747291 0.38798932260513264 0.9685952491119236 0.41705603238195604
1 0.8554707261489561 0.21913800669737324 0.8082505460247701 0.16162934812232152 0.7691620082540289 0.1937248245263942 0.8163821883782149 0.2512334831014459
1 0.7555821269990333 0.2092636614826374 0.7368087382403139 0.20056141425628388 0.721005187334839 0.23465447058985028 0.7397785760935583 0.2433567178162038
1 0.8455948638690026 0.28404808715251423 0.8358862804687168 0.282531425538501 0.8330923240579322 0.3004163370970457 0.842800907458218 0.3019329987110589
1 0.5617734421794022 0.06791754923339938 0.4799049200330243 0.06714580683314655 0.4793938898810134 0.12135726820117299 0.5612624120273912 0.12212901060142578
1 0.6463665937581932 0.2675177461348251 0.6409332481286103 0.19054735806362197 0.589585903996571 0.19417197104559653 0.5950192496261538 0.2711423591167996
1 0.5871937819765065 0.20595527570404942 0.5382995807630625 0.20372895313679756 0.535396607847598 0.2674836596351944 0.584290809061042 0.26970998220244624
1 0.43811717797672217 0.1843717327783802 0.3513922699095758 0.17686756431443765 0.34699988264397896 0.2276299350733769 0.43372479071112524 0.23513410353731948
1 0.4746475275527146 0.19611482788058465 0.4408251697658144 0.15295726612207025 0.39420495039415454 0.18949329075930493 0.4280273081810548 0.2326508525178193
1 0.5097199245451894 0.18964679278017793 0.460060623254004 0.13944730792740273 0.42903370618544406 0.1701403524349912 0.47869300747662946 0.22033983728776638
0 0.8909677913830425 0.45726487722395115 0.8841617855974185 0.4518238848771527 0.8054463290735308 0.550287146424441 0.8122523348591548 0.5557281387712394
0 0.7911844100163647 0.5925160540794049 0.783404788955183 0.5862498780700769 0.735433757333418 0.6458071658602303 0.7432133783945998 0.6520733418695583
0 0.7350092799937713 0.6591914478562757 0.7303305295660638 0.6554095571891596 0.7014237207594837 0.6911714963809612 0.7061024711871912 0.6949533870480773
0 0.6566066670909637 0.7596186548230106 0.6502139256213793 0.7540791513172975 0.5643522616554154 0.8531659050880369 0.570745003125 0.8587054085937501
0 0.5278318204496961 0.9057362751043563 0.5229825357861528 0.9008183591421892 0.5100194266509466 0.9136005633939052 0.5148687113144899 0.9185184793560722
0 0.7893129195312499 0.2971928625000001 0.7802330566257611 0.29670558685094367 0.774917532205279 0.3957547248536667 0.7839973951107678 0.39624200050272307
0 0.77615434307658 0.4800397572539599 0.7612670193971176 0.4772898529188893 0.7145879879972596 0.7299989528794963 0.7294753116767221 0.7327488572145671
0 0.7134199843750004 0.7548788875000003 0.706336618939781 0.7524991641740545 0.678383546875 0.8357028804687502 0.6854669123102195 0.838082603794696
0 0.7645865880874446 0.40583836219288394 0.7608631403201616 0.40423143529840794 0.7479757375362104 0.4340931367155271 0.7516991853034934 0.4357000636100031
0 0.7414216899791505 0.4651664369550959 0.735981288112995 0.4632531475507185 0.7206687176635411 0.5067941490626942 0.7261091195296966 0.5087074384670716
0 0.7232713609375001 0.5157324296875002 0.7154847181894405 0.5117797354113467 0.6834181101352496 0.5749496148949222 0.6912047528833092 0.5789023091710758
0 0.6835318645562987 0.6077985048046781 0.6768129059201365 0.6041619207262341 0.6535074507388378 0.6472211174840561 0.660226409375 0.6508577015625001
0 0.6148638593750002 0.7362330273437501 0.607486470145485 0.7322363291816443 0.5793229037829765 0.7842226395609183 0.5867002930124917 0.7882193377230241
0 0.5308021048563824 0.8833800837447112 0.5222634340745478 0.8783908698054285 0.4938691880375778 0.9269855225821242 0.5024078588194124 0.931974736521407
0 0.5587794127253287 0.832810868949131 0.5518121992411571 0.8295163014692871 0.5340138540304656 0.8671554973596498 0.5409810675146371 0.8704500648394939
0 0.5889972875 0.9105784875000001 0.5735462133191035 0.8706774284769825 0.564727805984705 0.8740922216984494 0.5801788801656016 0.913993280721467
0 0.5707125975820551 0.8627092571301453 0.5007560547225838 0.5664035098083424 0.4846888468594862 0.5701969101242874 0.5546453897189576 0.8665026574460903
0 0.7464026492217979 0.2769503417194895 0.7421362640625 0.2752442117187501 0.7341618376517418 0.2951852329058967 0.7384282228110397 0.29689136290663615
0 0.7269430602130533 0.32060796415271975 0.7221153376567673 0.3184942360224484 0.7134810468749999 0.3382148234375001 0.718308769431286 0.3403285515677714
0 0.7080043043232302 0.37827930259007725 0.7006772067675027 0.3745133624536331 0.6678620493485721 0.43835926839043954 0.6751891469042997 0.44212520852688375
0 0.6598066456771529 0.47001172549419773 0.6549990201584993 0.46787039501079974 0.6502059322938465 0.4786316351416021 0.6550135578125 0.4807729656250001
0 0.6502454514097257 0.49265486003936976 0.6460325417502882 0.49115995041619714 0.6430633544030626 0.4995276255330775 0.6472762640625 0.5010225351562501
0 0.6279811706413394 0.5547605624753306 0.6217106132947997 0.5513433581316698 0.5892105476325593 0.6109808585578402 0.595481104979099 0.6143980629015011
0 0.5842362653845584 0.6470630989723425 0.5773968835617367 0.6431080276151059 0.5637259992864406 0.6667486623771772 0.5705653811092624 0.6707037337344138
0 0.5133873880098558 0.793778949800562 0.5052588000739799 0.7894421503121584 0.46387007999369256 0.8670182180149817 0.4719986679295684 0.8713550175033852
0 0.47302972497965223 0.9134637328542181 0.4625145065363772 0.7209322316288839 0.44588436358797495 0.7218404964309159 0.45639958203125 0.9143719976562501
0 0.4343667499909178 0.8781913458278175 0.42296186406250014 0.8774948781250004 0.4210269406340825 0.9091798807346827 0.4324318265625002 0.9098763484375001
0 0.43789302947847314 0.8221508606242593 0.42969299709399866 0.8210691508405731 0.42646492933427566 0.845539910528814 0.43466496171875 0.8466216203125002
0 0.4457263117187501 0.76261484140625 0.43784109464202237 0.7617069065126736 0.4332850078125 0.8012755296874999 0.44117022488922775 0.8021834645810764
0 0.429383340840367 0.81326606246547 0.41803946251805424 0.8083244287247892 0.36859670041356785 0.9218238717561725 0.3799405787358806 0.9267655054968532
0 0.5223858124842271 0.5936202152604556 0.522261847936363 0.5832527856698203 0.517560445608386 0.5833090008781147 0.5176844101562501 0.5936764304687501
0 0.5306341995500288 0.6675688218433046 0.523308548729404 0.5969183276839641 0.5180022671197368 0.5974685285946705 0.5253279179403616 0.6681190227540109
0 0.5337359287231088 0.7235181855237226 0.5298898336801964 0.6663941576194722 0.5240984230291927 0.6667840866320696 0.5279445180721052 0.72390811453632
0 0.521550303641572 0.5088650116731144 0.5145698413672257 0.5084767318958334 0.5133093394330539 0.5311379332075363 0.5202898017074001 0.5315262129848173
0 0.51819861328125 0.36262812812500006 0.5119977922948722 0.3621343147472439 0.5083321270021426 0.40816412135045715 0.5145329479885206 0.4086579347282133
0 0.5999421585285075 0.2695897107700703 0.5939761951017294 0.2677283663564035 0.5831048436044719 0.3025731188675832 0.58907080703125 0.30443446328125007
0 0.515500343635569 0.23373712327797697 0.51478320546875 0.1259792359375 0.5077360276982699 0.12602613552204364 0.5084531658650888 0.23378402286252062
0 0.4846458533003955 0.4082131146788795 0.4749463079100245 0.34993253478085096 0.4685590527389283 0.35099555562862433 0.4782585981292993 0.40927613552665293
0 0.40918098960852933 0.33594227948132716 0.39984368359375005 0.3358304109375 0.39957974933669105 0.35786015085930145 0.4089170553514704 0.35797201940312856
0 0.43102320134411676 0.5647559417471022 0.41148466990515614 0.4597602688813189 0.40244756058206976 0.4614419748012587 0.4219860920210302 0.566437647667042
0 0.5136717846879153 0.3451812183427633 0.5071795114221066 0.34296595288856757 0.4775359061127406 0.4298423973741151 0.48402817937854925 0.4320576628283108
0 0.4784672986441286 0.46498263318734 0.47132920655374394 0.4644137887751955 0.46593425073229494 0.532111898583262 0.4730723428226796 0.5326807429954065
0 0.4586867601562502 0.56849989453125 0.45439386012490746 0.5681609163611011 0.4516677769049086 0.6026846815210596 0.45596067693625136 0.6030236596912085
0 0.45485649035138537 0.61290541930538 0.4501125343750002 0.6121159078125001 0.441780404179865 0.6621813713196202 0.4465243601562502 0.6629708828125002
0 0.4456630506724806 0.6677554990224506 0.4399715993043573 0.6673737008193331 0.43713503749999993 0.7096582203125 0.4428264888681232 0.7100400185156175
0 0.4000555765625001 0.23667011484375 0.39594996892173023 0.23660695039246868 0.3958031822029802 0.24614789726746866 0.39990878984375 0.24621106171874999
0 0.46252508984374996 0.22727750156249998 0.4601555902223149 0.21460280156729664 0.45110562499999995 0.21629466718749998 0.45347512462143513 0.22896936718270328