1 0.32576124136122186 0.21632046086265228 0.3132793472187539 0.1507905197302926 0.2274755755706014 0.16713409605937102 0.2399574697130694 0.23266403719173073
1 0.18528212361914467 0.3036866734729772 0.13462166803814138 0.25477313055434936 0.07718374825578427 0.31426240510230236 0.12784420383678757 0.3631759480209302
1 0.08959335105232492 0.5385553467853852 0.059596078451606846 0.4573127369582556 -0.006358123537621374 0.4816650587318113 0.0236391490630967 0.5629076685589409
1 0.5027766028802804 0.2744724645676823 0.49754289256419854 0.20595843141399883 0.41391993933015137 0.21234629522608167 0.4191536496462332 0.28086032837976516
1 0.5699209754752514 0.27976926968492094 0.5522566922139065 0.21087856535760227 0.47844401388190716 0.22980489324271186 0.49610829714325205 0.29869559757003056
1 0.7178672883051509 0.26480389099395374 0.6621626328265027 0.21993069782868072 0.6225694832490293 0.2690808162168363 0.6782741387276775 0.3139540093821094
1 0.816547351107004 0.2702827841744448 0.7351149770686853 0.24755747381169865 0.7168185475346032 0.31311968922713973 0.798250921572922 0.3358449995898859
1 0.9255088174452972 0.43399673079422774 0.8993051463041078 0.36000988598037054 0.8462804791142812 0.3787894534144043 0.8724841502554705 0.45277629822826154
1 0.947435733012783 0.585075037303064 0.9301815178059709 0.5003725186945239 0.8724881394411985 0.5121248724930502 0.8897423546480105 0.5968273911015902
1 0.918529578292808 0.652934012683979 0.906583321714734 0.5727234311798256 0.8443658856018503 0.58198985764746 0.8563121421799245 0.6622004391516134
0 0.323403524049667 0.6082546641692892 0.06945105404463543 0.509865923755643 0.06507391403509062 0.521163817318549 0.31902638404012224 0.6195525577321952
0 0.4206400701153263 0.6508299745648253 0.35344913168911524 0.6216528862275235 0.3508674789037502 0.6275980878643006 0.41805841732996124 0.6567751762016024
0 0.6949214789062501 0.7485679578125002 0.4272397927685748 0.6513271990260426 0.42379346920731625 0.6608141437328353 0.6914751553449915 0.7580549025192929
0 0.19232957734375003 0.37674366171874996 0.14910598593750005 0.3258330984375001 0.14369557003049374 0.33042659714248185 0.18691916143674372 0.3813371604237318
0 0.24178133828125 0.43167957734374995 0.21984482508081488 0.3984907549909903 0.21266612291764891 0.4032355962839561 0.23460263611808405 0.4364244186367158
0 0.3521082704779569 0.5447496015790033 0.278062918863607 0.46917092822400813 0.2719191671230103 0.4751900370237485 0.3459645187373602 0.5507687103787438
0 0.37086619687500005 0.56907570390625 0.3529788734375 0.5556320421875 0.35025779878242436 0.5592525395989334 0.36814512221992446 0.5726962013176834
0 0.4409538734374999 0.6425355632812499 0.394995723322714 0.5835578656857953 0.38552009304216983 0.5909417151173646 0.4314782431569558 0.6499194127128193
0 0.50503520961002 0.7227906826220626 0.45462777766200346 0.6660224538941195 0.4482811280116077 0.671657970758375 0.4986885599596242 0.728426199486318
0 0.5865190140625 0.8404461265625001 0.5155148635084611 0.7276879834585259 0.5036580984375 0.7351542250000002 0.5746622489915388 0.8479123681039743
0 0.29428556328124994 0.26074049296874996 0.2904158453125 0.22535422500000002 0.28116719676911633 0.22636562471829164 0.2850369147378663 0.2617518926870416
0 0.32607066654899075 0.4160530564155239 0.29656443671875005 0.2923102109375 0.2864182424134661 0.2947295503337898 0.3159244722437068 0.4184723958118138
0 0.33868661953124996 0.5039007039062501 0.32909753515624995 0.4543500000000001 0.32260133439810423 0.45560714898631227 0.33219041877310423 0.5051578528925622
0 0.3612143583720114 0.584520731266341 0.355925425837387 0.5592312048563792 0.34908239453124995 0.5606623242187501 0.35437132706587426 0.5859518506287118
0 0.3778816898437499 0.6579320421875 0.37722521384442964 0.654744090881046 0.37342957734375004 0.65552570390625 0.3740860533430704 0.658713655212704
0 0.38976619687499997 0.7062580984374999 0.37972640859374995 0.66455246484375 0.3746591297727374 0.6657723097937294 0.3846989180539874 0.7074779433874794
0 0.4151390017864737 0.7970214066696114 0.39294727456633566 0.7227133867314405 0.3844167235611118 0.7252609941243291 0.40660845078124996 0.7995690140625
0 0.4270589036989435 0.8744697381036783 0.4133179578125 0.80261760546875 0.40636750073334704 0.8039468054675301 0.4201084466197906 0.8757989381024582
0 0.4687897890625001 0.2648274648437501 0.4608000055030925 0.2641329508993056 0.4592639975539556 0.2818033967662344 0.46725378111336313 0.28249791071067887
0 0.46330034801172043 0.33014954598213697 0.45354032224677043 0.32956772292768177 0.44760845078125 0.4290742960937501 0.45736847654619994 0.4296561191482053
0 0.4536423427818235 0.49775635102682847 0.45289887139798557 0.46140228212770945 0.44380864111616203 0.46158818500713095 0.4445521125 0.4979422539062499
0 0.44265792657788694 0.5642181840724243 0.43438874516372417 0.5632567923880155 0.43093734617125073 0.5929431781392848 0.43920652758541345 0.5939045698236936
0 0.4393570421875001 0.6018531687500002 0.4350275575037818 0.6017510685206237 0.4341669942225318 0.6382426177393735 0.4384964789062501 0.63834471796875
0 0.44008724704337443 0.6666728893009345 0.43402710972356806 0.6666509949450437 0.4338992960937502 0.7020285210937501 0.4399594334135566 0.702050415449641
0 0.4423532126272076 0.7778272517710507 0.43998429387818627 0.7511372573178832 0.4340430531259786 0.7516645828905822 0.43641197187499997 0.7783545773437499
0 0.4445392575082396 0.784385591618751 0.43787797268801176 0.7841003555272613 0.4315709749079681 0.9313913535002218 0.4382322597281959 0.9316765895917113
0 0.53016161953125 0.2901073945312501 0.5237328322855895 0.28978595502980736 0.5231694017120697 0.3010545616217247 0.5295981889577301 0.3013760011231675
0 0.5343018808564668 0.3637090677665236 0.5331228874999999 0.34808274609375 0.5277361472685331 0.3484891712959764 0.528915140625 0.36411549296875
0 0.5523701518976718 0.48241619275709446 0.5425850307580398 0.40755591467922175 0.5361112973348532 0.4084021079795682 0.5458964184744852 0.4832623860574408
0 0.5628062010949045 0.5228777076151565 0.5532040578063088 0.5226928052383446 0.5519587723364043 0.5873615765294382 0.5615609156250001 0.5875464789062501
0 0.57955950703125 0.70294225390625 0.57707852109375 0.6882616195312499 0.5682978907696936 0.6897455213709052 0.5707788767071936 0.7044261557459053
0 0.5820850024734832 0.7401415157504815 0.5787746476562501 0.7227228875 0.5708848208059261 0.7242223239622474 0.574195175623159 0.7416409522127289
0 0.6165855632812499 0.935808803125 0.5960625782366252 0.8298220217849666 0.5876677335232183 0.8314475761260542 0.608190718567843 0.9374343574660877
0 0.65939859140625 0.2852954226562501 0.6542525415831656 0.2827680376450819 0.6343875070789864 0.32321555824209247 0.6395335569020709 0.32574294325326064
0 0.6409545032636317 0.3329154834418281 0.6331953037906938 0.32695298337859574 0.6164820273401641 0.3487025254248415 0.624241226813102 0.35466502548807377
0 0.5975495018803606 0.4128098546643744 0.5792550778662549 0.40525207385457296 0.486790311925488 0.6290730177342455 0.5050847359395938 0.6366307985440469
0 0.4552922539062501 0.7055133804687502 0.45113257514577426 0.7033117249072884 0.4470691946770242 0.7109888374072885 0.45122887343750007 0.71319049296875
0 0.4329686617187501 0.7493521125000001 0.42747245806715045 0.7465578673101831 0.4061393596296504 0.7885194868414332 0.41163556328124995 0.7913137320312501
0 0.4069644543276569 0.7948115437701555 0.40275193448507274 0.7933760857064869 0.3990221828125001 0.8043214789062502 0.4032347026550843 0.8057569369699188
0 0.40415012734619554 0.8124209654932324 0.3971559427978339 0.8085252627859505 0.36393593681600983 0.8681670963633049 0.3709301213643715 0.8720627990705868
0 0.7591575275236038 0.31635018676874005 0.753843814774576 0.3130499694672437 0.7411785167801509 0.3334424919210526 0.7464922295291786 0.3367427092225489
0 0.7182002392994048 0.38954349544676176 0.7053140932709526 0.38430448361882 0.665206060713508 0.482956286940325 0.6780922067419601 0.48819529876826673
0 0.6692098635436341 0.4859357252289424 0.6655374431455607 0.48273226906783445 0.6545032835081768 0.495381754776392 0.65817570390625 0.4985852109375001
0 0.6116186198716271 0.5638876356135769 0.6053933969649336 0.5598714245714363 0.5835934351812799 0.5936618852909303 0.5898186580879736 0.5976780963330708
0 0.5730895097796433 0.6413520774262331 0.5658326505259458 0.63877424453092 0.5584941969963024 0.659432730385937 0.5657510562500001 0.66201056328125
0 0.5602840726716756 0.673955147925979 0.5546713877133996 0.6707843856423877 0.5454405041846078 0.6871243179677364 0.5510531891428837 0.6902950802513276
0 0.5471278948912157 0.7065938842561736 0.5406291812681305 0.7043388141001892 0.5263741738769149 0.7454192259377656 0.5328728875000002 0.7476742960937501
0 0.50830739453125 0.818838028125 0.5018211461566514 0.8164637347679605 0.46577537115665135 0.9149359175804606 0.4722616195312499 0.9173102109375
0 0.8672842093101887 0.4243538296206486 0.8637818475860428 0.4207848195575705 0.8350641874946041 0.44896620087442185 0.83856654921875 0.45253521093750015
0 0.83335668984375 0.45685528203125025 0.8303915968458249 0.45364027114335703 0.8144344222416299 0.46835701965072396 0.817399515239555 0.47157203053861707
0 0.8162534894833652 0.47383766689107204 0.8124952351227106 0.4694035300659344 0.7707276612643456 0.5048045952061123 0.7744859156249999 0.50923873203125
0 0.7614902507632568 0.531158830801898 0.7549950703124999 0.52268450703125 0.6818242267008013 0.5787666022939101 0.6883194071515583 0.5872409260645581
0 0.60319049296875 0.65791936640625 0.6001163349015071 0.6530418481468657 0.5843356345606017 0.6629879651432297 0.5874097926278447 0.667865483402614
0 0.574850920986264 0.680215947089932 0.5712862594079872 0.674901191519504 0.5409337462689485 0.6952589362844546 0.5444984078472255 0.7005736918548827
0 0.544679125622431 0.7088882784674786 0.5380783494879257 0.6998070929011704 0.33485646316490836 0.8475215259402757 0.3414572392994137 0.856602711506584
0 0.8852176054687503 0.552434859375 0.8848307938916383 0.5469429986865814 0.8718944585286958 0.5478541514939241 0.8722812701058078 0.5533460121823428
0 0.8011362679687499 0.5679387320312501 0.8006323904436125 0.5636618271349996 0.7560307451589374 0.5689165071403466 0.7565346226840748 0.5731934120365972
0 0.7462713760662388 0.5751112258249429 0.7444283246660529 0.5678591731465441 0.6692083185673698 0.5869757383054154 0.6710513699675559 0.5942277909838142
0 0.6826556579285171 0.593079414929778 0.6806485587211153 0.5898063854223304 0.6634573375113482 0.6003484493988023 0.6654644367187501 0.60362147890625
0 0.5866357934554957 0.6349048169413076 0.583625 0.61386866171875 0.2048793471695043 0.6680765205586923 0.207890140625 0.6891126757812499
0 0.7320122585499771 0.6290380634334918 0.73087253515625 0.62010352109375 0.6465951244946443 0.6308542605095248 0.6477348478883714 0.6397888028492665
0 0.6308119718750003 0.6355503523437501 0.6049108909306125 0.6355131126918564 0.6049036442508817 0.640553354174785 0.6308047251952694 0.6405905938266787
0 0.5687771125 0.6393577460937501 0.5686860641732252 0.6328801778077164 0.5602934811862621 0.6329981434708387 0.5603845295130369 0.6394757117568723
0 0.5454072873163509 0.6384282407986657 0.5451566898437501 0.6322711265625001 0.5277001064336493 0.6329816177950846 0.5279507039062501 0.63913873203125
0 0.45152888707601324 0.6490863401006229 0.45132590275227746 0.6426605165246994 0.4096389985179315 0.6439773575435457 0.4098419828416673 0.6504031811194693
0 0.38144154921874995 0.6551080984375 0.3806120937942393 0.6457707765000238 0.1727421071185217 0.6642363375244452 0.17357156254303235 0.6735736594619214