1 0.8489809817591931 0.2518129925732624 0.7731946863364929 0.2101232383040986 0.7406987776600591 0.26919637457352696 0.8164850730827593 0.31088612884269073
1 0.9565933031547583 0.42937137027524697 0.9158064031736153 0.3576343071349193 0.8544295613519395 0.39253078879938574 0.8952164613330826 0.4642678519397134
1 0.9933982119062152 0.6187987803564955 0.9381304573499933 0.5725157596067517 0.8837387313349847 0.6374663292668665 0.9390064858912066 0.6837493500166103
1 0.6569296406653253 0.2434779757549169 0.5777666050681577 0.21752593047100072 0.5562306670803258 0.2832182567172759 0.6353937026774934 0.3091703020011921
1 0.5909114450734252 0.24609178282752686 0.5251120599833039 0.20681704780545088 0.4885323444210842 0.2681013006314136 0.5543317295112054 0.30737603565348953
1 0.4414518185632182 0.24511482287033917 0.4152056984194778 0.18725734624552004 0.3503837322514691 0.21666279583039202 0.3766298523952095 0.27452027245521116
1 0.34192401418727963 0.25455073541102086 0.3327879144175329 0.1889802788286794 0.2484159801668242 0.20073603666930087 0.257552079936571 0.26630649325164224
1 0.19688821525151962 0.2943799277879398 0.1519957952127416 0.26142776508080856 0.10537760013370694 0.3249381213975676 0.15027002017248497 0.3578902841046988
1 0.13707327149986018 0.4155762700824733 0.08458753980766624 0.3889950493058694 0.04554476679021722 0.4660866368719569 0.09803049848241115 0.4926678576485607
1 0.14504398438543054 0.4892037018264087 0.08682460549295454 0.46553364621019017 0.05632823057338647 0.5405431871709979 0.11454760946586247 0.5642132427872164
0 0.9143348562087757 0.6301752387888152 0.9126967938403292 0.6171095207051343 0.6425647132055272 0.6509762544708602 0.6442027755739738 0.6640419725545411
0 0.6109896033558208 0.6619277861546567 0.6101602886123121 0.6558037550249158 0.5375465913080043 0.6656370835105738 0.538375906051513 0.6717611146403147
0 0.5319912053753828 0.6751861656465084 0.5311520510900626 0.6651949385924094 0.2473344266326425 0.6890325287625939 0.24817358091796277 0.6990237558166928
0 0.887995458104878 0.42888482226196817 0.8840153015625001 0.4225857453125002 0.8276057810018684 0.4582288600280249 0.8315859375442465 0.46452793697749273
0 0.8027299802139225 0.48184293915480725 0.7976783609822834 0.47449506443299005 0.7646173263702799 0.49722432487723794 0.7696689456019191 0.5045721995990551
0 0.727511254883069 0.5367112975777321 0.7227465485726335 0.5279770844134242 0.6298938462793856 0.578630285593073 0.6346585525898212 0.587364498757381
0 0.6292953129651979 0.5959395365491912 0.6275931505508315 0.5917396354497191 0.60685556796875 0.6001442937500001 0.6085577303831163 0.6043441948494722
0 0.5866753371729171 0.6177549008282 0.5809188349149427 0.6090043937140626 0.5183178932829562 0.6501862883351921 0.5240743955409306 0.6589367954493295
0 0.5050356210937501 0.67844749765625 0.5003250857235788 0.6715211644250626 0.43754648603223006 0.7142163112603861 0.4422570214024014 0.7211426444915736
0 0.43560415625000004 0.7261947539062501 0.42801641746879193 0.7173086503919222 0.3263346077166672 0.8041335461356637 0.3339223464978754 0.8130196496499916
0 0.7821884671875 0.2923522250000001 0.7735263046875 0.2889569234375001 0.760535641391696 0.3220989682248814 0.769197803891696 0.32549426978738133
0 0.7599717023045012 0.35755703897324986 0.7502577375000001 0.35204006718750014 0.6874826672878541 0.4625707797454218 0.6971966320923553 0.46808775153117155
0 0.6808144074018089 0.5017913170598844 0.6743881392190773 0.4990815818459401 0.65480718359375 0.545518765625 0.6612334517764816 0.5482285008389443
0 0.63007464765625 0.5976556562500001 0.6242793934831266 0.5943818679263619 0.6115579387956266 0.616901364020112 0.61735319296875 0.6201751523437501
0 0.5820046257812501 0.6829851296875 0.5790109246070385 0.6810973294274904 0.5770814093750001 0.6841571828124999 0.5800751105492117 0.6860449830725097
0 0.577622621242327 0.692162259652692 0.5727963903304173 0.6896661612853261 0.5530941531250001 0.7277606320312501 0.5579203840369098 0.7302567303986158
0 0.5503309733770151 0.7456201948199184 0.5436449948170737 0.7419129966751241 0.5059891644088087 0.809825761230206 0.5126751429687502 0.8135329593750003
0 0.5102428525254812 0.8168508597609445 0.5028225417640012 0.813614792451337 0.47350466649544193 0.8808407567299982 0.48092497725692185 0.8840768240396057
0 0.5989484559730209 0.2838515687741986 0.5910138796875 0.28091857187500013 0.5852949026207291 0.2963900031008016 0.5932294789062501 0.2993230000000001
0 0.5833264507812501 0.34623880625000014 0.5756477470817918 0.3451226421254324 0.5612845697380419 0.4439347975941823 0.5689632734375001 0.44505096171875
0 0.5622262789062501 0.47686273828125003 0.554232173460332 0.4750308471865529 0.5460970250228321 0.5105314479678029 0.55409113046875 0.5123633390625
0 0.5442813571743287 0.6069840490353896 0.543520303125 0.57757041171875 0.5350010038172491 0.5777908416902563 0.5357620578665777 0.607204479006896
0 0.5363087039055616 0.615055564744029 0.5320784664582706 0.6140455454159572 0.5236015914062501 0.64954901875 0.5278318288535411 0.6505590380780719
0 0.5194451687500001 0.6777445609375001 0.5137068952330719 0.6764332800679979 0.5058212749205718 0.7109414066304979 0.5115595484375001 0.7122526875000001
0 0.49837394426410586 0.7600628501366969 0.492778682139153 0.7580705344695441 0.4837825902187972 0.7833353523015975 0.4893778523437501 0.7853276679687502
0 0.4864979301659423 0.7905400619511408 0.4802088134857588 0.7890881731890029 0.4470445657427945 0.9327450628248833 0.453333682422978 0.9341969515870213
0 0.5314173428768307 0.29164643791660644 0.52519031640625 0.28945291015625 0.5216910454044192 0.29938670427089364 0.5279180718750001 0.30158023203125006
0 0.5124000509531265 0.34645518956319743 0.5073072306610813 0.3446802349192354 0.5021467968954548 0.3594869016060381 0.5072396171875 0.36126185625000007
0 0.4888605780758131 0.4022010125433691 0.4828663879339744 0.39964517023187207 0.4532566012644114 0.46908869206350323 0.45925079140625014 0.4716445343750001
0 0.4432260867840639 0.5085866408946348 0.4335482974970991 0.5057330468484634 0.4152324303894141 0.5678501874116242 0.4249102196763789 0.5707037814577955
0 0.38490853770004063 0.6657900036356248 0.3768221734375 0.6618973710937501 0.37036547915469625 0.6753101916826341 0.37845184341723687 0.6792028242245086
0 0.37329036953478534 0.6979095802725027 0.3659100062596375 0.6945857090052758 0.35857530787385905 0.7108717604942221 0.36595567114900696 0.714195631761449
0 0.3289135409248951 0.7971590456128699 0.320727019515613 0.7932852637358709 0.2745913750000001 0.8907844140625002 0.2827778964092822 0.894658195939499
0 0.4159199577370085 0.2944634725116065 0.40722990210279375 0.2502498471944784 0.4016024171875001 0.25135591249999995 0.4102924728217149 0.295569537817128
0 0.4217961205060856 0.32609741756604504 0.417158723068745 0.29941913520833724 0.4086653850905456 0.30089550401073845 0.4133027825278863 0.3275737863684462
0 0.47944076049121964 0.6278166690105694 0.43697018230890433 0.389040553644907 0.4218138411777299 0.39173637843451636 0.46428441936004533 0.6305124938001787
0 0.4965072957898041 0.717418332411891 0.4944237647433818 0.7089871090845247 0.4898480002035776 0.7101178758913835 0.49193153125 0.71854909921875
0 0.5156079509387367 0.8031125889589831 0.5062598425927399 0.7569787956823997 0.500210225 0.7582046320312499 0.5095583333459967 0.8043384253078335
0 0.51877288671875 0.8200869578125001 0.51679958125 0.8086294867187499 0.5130052764840833 0.8092829749347292 0.5149785819528334 0.8207404460284792
0 0.5333464169220166 0.8916955458080121 0.5200371971727626 0.8247815719234433 0.5130998350133912 0.8261614164028417 0.5264090547626452 0.8930753902874106
0 0.30886550781250005 0.27708438359375 0.3033751202352305 0.25369995881924173 0.2971572837123494 0.25515983361761324 0.30264767128961895 0.2785442583921215
0 0.3448802603708851 0.44052783586109284 0.32658909468715996 0.335525419833662 0.3156551901942355 0.33743007942356956 0.3339463558779606 0.4424324954510004
0 0.3514076830544125 0.45617557942999254 0.34519907067159705 0.44053093883080996 0.3401707835270155 0.4425264263993663 0.346379395909831 0.45817106699854887
0 0.39332900859375 0.5693765921875 0.3837346648809363 0.5307048527169999 0.37634352854063635 0.5325385716923565 0.38593787225345 0.5712103111628567
0 0.40226093024628184 0.6386521126797198 0.3999522097699169 0.6169761081546239 0.3922492170236351 0.6177965571936541 0.3945579375 0.63947256171875
0 0.4055567953125001 0.669534090625 0.4032503155629657 0.6509901732036075 0.39682005289574207 0.6517899648705521 0.3991265326452765 0.6703338822919446
0 0.4093674610070884 0.7305590162008068 0.40796432600384136 0.6868979567342338 0.4010029856515576 0.6871216732550224 0.4024061206548046 0.7307827327215953
0 0.4252894622046782 0.9097130993702989 0.41634470544465607 0.8052338690978429 0.4094543187500001 0.8058237742187503 0.4183990755100223 0.9103030044912062
0 0.18916744221681558 0.3642937578202465 0.16922354129763423 0.3293200636924759 0.1648523414230242 0.3318127593991023 0.18479624234220557 0.3667864535268729
0 0.20402254062499997 0.38833632421875003 0.1930395743836975 0.369758067051685 0.18916883828125 0.37204634218750005 0.2001518045225525 0.39062459935456506
0 0.23817955254148665 0.43349415983403644 0.20486665277280736 0.3901882791909204 0.19916290570007072 0.394575867013134 0.23247580546875 0.4378817476562501
0 0.2990926890625 0.53278138828125 0.24782249374999993 0.4559139703125 0.24086727819898476 0.4605530653824822 0.2921374735114848 0.5374204833512322
0 0.3760268712680947 0.6359646476095677 0.3643580071379763 0.6217922624471254 0.35945309843749995 0.6258307296875001 0.3711219625676184 0.6400031148499423
0 0.41013171443931506 0.6777886129896141 0.38516050831020116 0.6509309205392515 0.38035376613908306 0.655400036781696 0.40532497226819697 0.6822577292320586
0 0.5671506186299455 0.8804389131273792 0.4115875462801542 0.6831669965564233 0.403745756272918 0.6893508110975508 0.5593088286227093 0.8866227276685068
0 0.12835155156250005 0.4500873898437501 0.11618653246985493 0.4457544634309789 0.11433722578125005 0.45094653203125007 0.1265022448738952 0.45527945844402123
0 0.23474537265625006 0.50058129453125 0.19316475849500123 0.4836871690599823 0.19154086406250004 0.48768397421875004 0.23312147822374887 0.5045780996900178
0 0.31338934229862153 0.5416421223227834 0.2465006925801024 0.502157436495637 0.2426013677691426 0.508763049936778 0.3094900174876617 0.5482477357639244
0 0.3161848481157457 0.5544799678128187 0.3020651254632324 0.5401316900782277 0.29923469219123683 0.5429170371091592 0.3133544148437501 0.5572653148437502
0 0.7362363584597188 0.751860732159872 0.38975307421875016 0.58834493828125 0.38303808141314927 0.602573733590565 0.729521365654118 0.766089527469187
0 0.3243352289454242 0.5890516413581016 0.24590917734375012 0.5562568835937501 0.24243775567022094 0.5645585120813161 0.32086380727189506 0.5973532698456677
0 0.363581259018556 0.6038173283422772 0.33856232500000016 0.5970749562500002 0.3372525216748713 0.601935246148005 0.36227145569342717 0.608677618240282
0 0.4072296616126333 0.6126181833773 0.3990793040110576 0.6105566270441004 0.397497971875 0.6168084195312501 0.4056483294765757 0.6188699758644496
0 0.438820574425959 0.6220756616894928 0.4221477000000001 0.6160766859375001 0.4201151385218764 0.6217257573271524 0.4367880129478353 0.627724733079145
0 0.5497591437500001 0.6633152781250001 0.5101408091984571 0.6503598991463809 0.5082657282762402 0.6560940103144299 0.5478840628277832 0.6690493892930491
0 0.7728969054510363 0.7455237213848667 0.577918321138948 0.6712083160869524 0.5743737398437501 0.6805081031250001 0.7693523241558383 0.7548235084229142