1 0.14546462926081885 0.3190214655797455 0.14396540723680398 0.25605414389751974 0.048286916878243144 0.25833220331211504 0.049786138902258005 0.3212995249943408
1 0.2938453945448331 0.1472374381225619 0.2609483974640105 0.10878640245044133 0.2044984282621999 0.15708248705736277 0.23739542534302246 0.19553352272948332
1 0.32991922032304266 0.2009217070993729 0.32706918039354455 0.16387116904530719 0.30528583312078295 0.16554681028525087 0.30813587305028106 0.20259734833931659
1 0.21142243851083986 0.24044809966639202 0.21073798968143356 0.2219679721606921 0.200866293977816 0.2223335903398152 0.2015507428072223 0.2408137178455151
1 0.6023183501526833 0.07893287901113359 0.5218067277447194 0.06406919373270484 0.5119643355917176 0.1173821471335422 0.5924759579996816 0.13224583241197094
1 0.4722421423335958 0.18648641520708226 0.4305641744846308 0.1625215833278885 0.39153573385105267 0.2303971312191191 0.4332137017000178 0.2543619630983128
1 0.5269558040127039 0.2348863200670494 0.5056735306169504 0.19080160824002695 0.44817729925300637 0.218558407919568 0.46945957264875987 0.26264311974659044
1 0.7077342605525659 0.2119562813985043 0.6215943943262137 0.20161949531076645 0.615502954793859 0.2523814809017616 0.7016428210202112 0.2627182669894995
1 0.6615357559261511 0.21239928707827366 0.6153096036502912 0.17225552276256856 0.580578893764805 0.21224846092325592 0.6268050460406647 0.252392225238961
1 0.6326027605161212 0.18974210634973013 0.6080122565747578 0.15369466326932316 0.5496791781333392 0.19348777126108596 0.5742696820747027 0.2295352143414929
0 0.19054957657111019 0.4910940749178788 0.1320912595986988 0.3794063188363852 0.12437769319167971 0.38344366478933145 0.18283601016409107 0.49513142087082507
0 0.2375294591231653 0.6002808207286933 0.20554934691091722 0.5308420688761567 0.19719618295265537 0.5346891299708005 0.22917629516490345 0.6041278818233371
0 0.26565105624999996 0.6493045773437501 0.24430766963743764 0.608575679235571 0.23905570281891303 0.6113278960519059 0.26039908943147544 0.652056794160085
0 0.3704401958261473 0.8335059743413049 0.3019597808311021 0.7218833023990102 0.2936301482862048 0.7269935249327055 0.36211056328125 0.8386161968750002
0 0.4117195581211228 0.9035782783106061 0.4006217787526811 0.8891637494655221 0.3947585022855284 0.8936778996890883 0.4058562816539701 0.9080924285341723
0 0.26456333946410604 0.24742785388838523 0.25470000000000004 0.24571549296875 0.23777130661382267 0.34322615654264294 0.2476346460779287 0.34493851746227816
0 0.2454741743647589 0.6847413109904472 0.24366971796875006 0.4278158453125 0.2306214954977616 0.4279074864755595 0.23242595189377044 0.6848329521535067
0 0.26083873203124996 0.7954978875000001 0.2491516212865174 0.708495173859415 0.24178542314376408 0.7094846783226625 0.2534725338884966 0.7964873919632475
0 0.26908028203125 0.38800457734375 0.26226013265760406 0.35620474177982514 0.25824095960735743 0.35706673870764294 0.2650611089810033 0.3888665742715678
0 0.28215692569043715 0.46455123087805167 0.27530555892970826 0.41890609430914794 0.26953919292917405 0.41977162985829936 0.27639055968990295 0.46541676642720314
0 0.30688784307374006 0.5379779094221834 0.28349889206245915 0.4708651814186583 0.27439673621452415 0.47403730515073506 0.297785687225805 0.5411500331542601
0 0.3211679222498991 0.6152531179922344 0.3065681343673196 0.5685164354129448 0.2992848150663335 0.5707916272110596 0.3138846029489129 0.6175283097903492
0 0.3678681756944278 0.763877698717602 0.3501845675983023 0.7074637956178284 0.3421711265625 0.70997570390625 0.35985473465862555 0.7663896070060237
0 0.42449628663303673 0.9197866410068494 0.40224225390625 0.86848732421875 0.3931916993361232 0.8724135234395142 0.41544573206291 0.9237128402276136
0 0.39660390240565346 0.853865671420099 0.38504048611634994 0.8138706797939099 0.37782395803035723 0.8159571339980193 0.38938737431966075 0.8559521256242084
0 0.36637606130000644 0.8561143898681838 0.35752857134457927 0.8494297919716495 0.33147068317863587 0.8839190622877219 0.34031817313406304 0.8906036601842564
0 0.49525325951147714 0.5688054038489689 0.47673912720354805 0.5612161779749556 0.36131298162276465 0.8428015420888867 0.3798271139306937 0.8503907679629
0 0.30875985937500006 0.2543559859375 0.30519788750000004 0.23317183125000002 0.3007002772751015 0.23392807389277365 0.3042622491501015 0.2551122285802736
0 0.32131126796875004 0.30045316874999994 0.3158838031250001 0.27960774609374994 0.31095697541352807 0.280890530551335 0.316384440257278 0.301735953207585
0 0.3450059052756849 0.4080463587045696 0.32712848328730715 0.33862717170074197 0.31941912336013245 0.3406125519194817 0.33729654534851017 0.4100317389233094
0 0.35659154921875 0.4501926054687499 0.3535309859375 0.438989084375 0.3484513511260884 0.4403767323881446 0.35151191440733837 0.45158025348189457
0 0.3596617974854911 0.47176489573779 0.3575580984375001 0.46357499999999996 0.35313080798325897 0.46471221676221 0.35523450703125004 0.4729021125
0 0.390897300774402 0.5920828361047826 0.3709773784957003 0.5271609429335775 0.36414627261381793 0.5292569246062905 0.3840661948925197 0.5941788177774956
0 0.40338556328125 0.65229929609375 0.398224354927114 0.6256992216910888 0.39076190463198224 0.6271471597766194 0.39592311298611815 0.6537472341792806
0 0.46481505016898605 0.8674331699988308 0.439796655130154 0.783067967700149 0.4311814747380323 0.7856227886513015 0.4561998697768643 0.8699879909499835
0 0.5061376757812501 0.7269190140625 0.49180547691679877 0.7236890580903748 0.44940125191679875 0.911848212777875 0.46373345078125017 0.9150781687500003
0 0.5035933101562501 0.885258803125 0.4922898551772598 0.8837048006227688 0.48795765204077596 0.9152162448082002 0.4992611070197663 0.9167702473104316
0 0.5083877874593697 0.828736175388444 0.5000777463867421 0.8274499851811653 0.4962094140222707 0.8524431787612565 0.5045194550948984 0.853729368968535
0 0.5099489899125497 0.7684757227613178 0.5021286162164499 0.7680952427793043 0.5001827950539003 0.8080895903304863 0.5080031687500001 0.8084700703125
0 0.5483123242187501 0.9391887320312501 0.5216344077876117 0.8183038489314705 0.5096432215784976 0.8209501671095085 0.536321138009636 0.9418350502092881
0 0.4666232390625001 0.5783774648437502 0.4620160373883295 0.5775389535301904 0.4601589952008295 0.5877424746239404 0.46476619687500004 0.5885809859375002
0 0.4633907238326003 0.5921387233912241 0.458303357922578 0.5906210397696809 0.43800439698928717 0.6586643660565539 0.4430917628993095 0.660182049678097
0 0.44444579688714725 0.6591000639647584 0.43880738818672327 0.6576199380566653 0.42427294434997076 0.7129876159933015 0.42991135305039474 0.7144677419013946
0 0.4841941984540724 0.5059020738680358 0.47858796648099833 0.5044851731402178 0.4729683452518767 0.5267202525587926 0.4785745772249507 0.5281371532866106
0 0.5137936364049741 0.3621414997614493 0.5071328719300778 0.36157655315295756 0.5032260522165727 0.407638261580614 0.5098868166914691 0.4082032081891057
0 0.45611720984897586 0.2900413870359911 0.4504027015406883 0.25407030282075665 0.4441668299729624 0.25506095797226563 0.44988133828125 0.2910320421875
0 0.5636591997322975 0.13139229415669423 0.5567810570301464 0.13001549492633033 0.5356291598649642 0.23568505364978729 0.5425073025671152 0.23706185288015122
0 0.5592436617187501 0.3597133804687502 0.5531740342686362 0.3574570777713788 0.5325886402415747 0.41283336784257596 0.5386582676916886 0.41508967053994733
0 0.629641196875 0.3579573945312501 0.621353862863859 0.3556201942952488 0.6153468206763589 0.37692019429524876 0.6236341546874999 0.37925739453125007
0 0.6032233119030279 0.480865427164049 0.5946120809801027 0.47736421449829614 0.5543956314428549 0.576276553429566 0.5630068623657801 0.579777766095319
0 0.5362058070950642 0.4351814043419697 0.5207005503488717 0.34470728796811284 0.5132505027471852 0.34598406087803746 0.5287557594933777 0.43645817725189434
0 0.532565436716551 0.47023924320188 0.5263926054082255 0.46976402625223723 0.5211786394215439 0.5374908455656704 0.5273514707298692 0.5379660625153131
0 0.531765268845708 0.5756207051892213 0.527483803125 0.5751242960937499 0.5234963514667921 0.6095155627795288 0.5277778171875 0.610011971875
0 0.5275781687500001 0.619575 0.5227713707261751 0.6194414385505168 0.5213615709818754 0.6701793022912035 0.5261683690057003 0.6703128637406867
0 0.5258987735866246 0.6755268326056109 0.5206635518428964 0.6750075167364464 0.5164700602875218 0.7172820927245857 0.5217052820312502 0.7178014085937501
0 0.6523885690729803 0.2615479626961118 0.6483538734375001 0.2605785210937501 0.6461284930871921 0.2698402779286103 0.6501631887226724 0.270809719530972
0 0.60212957734375 0.23083661953125006 0.5952794817618161 0.22620445260857153 0.5871128182743159 0.23828139767740705 0.5939629138562499 0.2429135646000856