1 0.3086885289647381 0.12405134396607106 0.2523993867124772 0.1061411624048618 0.23217239633778525 0.16971170381143766 0.2884615385900462 0.18762188537264693
1 0.3725885943862711 0.15055971367522877 0.3158838948388955 0.11705239095547057 0.2887415612955134 0.16298557044177364 0.34544626084288904 0.19649289316153185
1 0.2862946914997724 0.2314734566667616 0.22527085682464726 0.19079089905944197 0.19450162508392127 0.2369447453576611 0.2555254597590464 0.2776273029649807
1 0.5954233953644321 0.13599572399850499 0.590412726696841 0.07887409985387543 0.5094321884327612 0.08597765567604713 0.5144428571003523 0.1430992798206767
1 0.7080645012483646 0.2382826804701203 0.6939078905313837 0.18915091364675757 0.5960576457375166 0.2173450518524568 0.6102142564544976 0.2664768186758195
1 0.7558523554103189 0.25473530963557167 0.6700097149849511 0.22039825117986417 0.648421563970255 0.2743686251242012 0.7342642043956228 0.30870568357990874
1 0.8245380738095586 0.3054025781407848 0.7566440624122992 0.2923002264087051 0.7453565015055132 0.350790320746216 0.8132505129027725 0.3638926724782957
1 0.3619810303659363 0.251819844999665 0.33658190101784435 0.2436921234279418 0.32012612680002445 0.2951164167176533 0.3455252561481164 0.3032441382893765
0 0.26144294280141184 0.31077907699144525 0.25578798712997586 0.2867649193769759 0.25074081932856407 0.2879534478542807 0.256395775 0.31196760546875
0 0.31938204218750005 0.509614084375 0.30679894375 0.48539612656250003 0.3003240866009832 0.4887603146375481 0.31290718503848325 0.512978272450048
0 0.35199929609375 0.6112489437499999 0.33466346376870104 0.5672669467204621 0.3286490977581054 0.5696375539630376 0.3459849300831544 0.6136195509925755
0 0.3671298565205331 0.6415382768005059 0.3550488252271466 0.6217535547562889 0.34816122261286364 0.6259592920182832 0.3602422539062501 0.6457440140625001
0 0.4093140787592933 0.7542675349777893 0.36686890825569735 0.647862365863943 0.3591532471867842 0.6509401538355741 0.4015984176903801 0.7573453229494205
0 0.47946105457909544 0.9032389989656953 0.4434333204852816 0.8364874250304444 0.4356391004234833 0.8406941885762377 0.47166683451729713 0.9074457625114885
0 0.29629612656250004 0.2044978875 0.288036971875 0.17741338046874996 0.2832602247744871 0.17887000263140126 0.29151937946198714 0.2059545096626513
0 0.4041903726532811 0.6560365290857145 0.34523841763463536 0.4163464551567909 0.33449581387093735 0.41898860667971316 0.3934477688895831 0.6586786806086369
0 0.43511831015625013 0.76709260546875 0.40699325578692686 0.6728080757992148 0.399736396366226 0.674972795361089 0.4278614507355492 0.7692573250306243
0 0.326006029819702 0.18804676747523125 0.32029676938216844 0.18779155182450485 0.3168370929217479 0.26518568453513075 0.32254635335928145 0.26544090018585714
0 0.3184814052748936 0.2965862823695033 0.31136602219481757 0.29640925411297314 0.3085452268170218 0.4097868588916035 0.31566060989709777 0.40996388714813364
0 0.3120417558128564 0.4159088238040602 0.30410233849104296 0.41517575232792225 0.28884848672923114 0.5803802362619334 0.2967879040510446 0.5811133077380712
0 0.2927653130244283 0.6376412205474835 0.28162454682536425 0.6371689017337775 0.2718152197384361 0.868545286655044 0.28295598593750015 0.8690176054687502
0 0.3292479365403343 0.35341496644439585 0.32787394374999995 0.34684049296875 0.3228610041503642 0.34788814231949966 0.32423499694069846 0.3544626157951455
0 0.4669079779867876 0.3335391246161492 0.4560881018826196 0.26400410876272284 0.4498791763116882 0.2649702379077724 0.46069905241585624 0.3345052537611988
0 0.478451456422714 0.4294626508277818 0.47007918021618006 0.3548135647412586 0.4635566717198266 0.35554509737687107 0.47192894792636053 0.4301941834633943
0 0.49677605625 0.556388028125 0.495012316571243 0.5164428947925614 0.48631056328124994 0.5168271124999999 0.48807430296000687 0.5567722458324385
0 0.518768658926482 0.7326795249135863 0.5075862679687501 0.73235035234375 0.5053551440428563 0.8081443348949089 0.5165375350005883 0.8084735074647451
0 0.5745158753962913 0.293202818001138 0.5675351432575997 0.1388346938107117 0.5603867167705194 0.13915795517558957 0.5673674489092111 0.2935260793660158
0 0.5722083690436293 0.33108618709678794 0.5676890812440157 0.3304185721736378 0.5657679578125 0.34342323906250005 0.5702872456121135 0.3440908539856502
0 0.57932852109375 0.40344718281249997 0.5732259452206232 0.3771319583908297 0.5689801198673625 0.37811657744431504 0.5750826957404893 0.40443180186598526
0 0.5831083425374862 0.45463499915895217 0.5782470671783666 0.45449734931671326 0.5771232316721304 0.49418699781401126 0.58198450703125 0.49432464765625017
0 0.5868154684984515 0.5041313844837326 0.5768777626852403 0.5036741644792094 0.570139895819821 0.6501221283799816 0.5800776016330322 0.6505793483845048
0 0.4476704301356417 0.5067136905712741 0.39068907474553055 0.4097025053817377 0.38377035337440374 0.4137663473039149 0.44075170876451486 0.5107775324934514
0 0.4568735914062499 0.5289753523437499 0.44899049296875004 0.51742957734375 0.44535752462116374 0.5199100558828125 0.4532406230586636 0.5314558308828123
0 0.535779225 0.6741077460937499 0.5140896567049407 0.6313896773950345 0.5070711009839066 0.6349532618051281 0.5287606692789657 0.6776713305038436
0 0.5655617083410627 0.728888328018183 0.5451250000000001 0.6950443664062501 0.5384310488389976 0.6990865151681283 0.5588677571800602 0.7329304767800612
0 0.6680774648437499 0.8958669015625 0.6367545647208346 0.8543091794563281 0.6301334507812498 0.8592996476562502 0.6614563509041651 0.9008573697624221
0 0.6042382368269056 0.9318001452610124 0.5989441171228388 0.89270066366084 0.5919784154521832 0.8936438285560776 0.5972725351562499 0.93274331015625
0 0.6494099874237604 0.42715035628597764 0.6468271125 0.354516196875 0.6407375477324896 0.3547327421515224 0.64332042265625 0.4273669015625
0 0.576274827910472 0.7552166987902547 0.5697915826640153 0.7544275706018764 0.5623709427075648 0.8153933673277424 0.5688541879540215 0.8161824955161207
0 0.56223274609375 0.8427387320312502 0.5581925343217206 0.8406250260157655 0.5543002811967206 0.8480648150782653 0.55834049296875 0.8501785210937498
0 0.5369481798812636 0.8889731817711624 0.5325944966682694 0.8864878858402122 0.5195220206932557 0.90938794313155 0.52387570390625 0.9118732390625002
0 0.5147376757812501 0.9291200703125 0.5082217286675339 0.9267193288606027 0.49608893186109776 0.9596494314627471 0.5026048789748139 0.9620501729146446
0 0.7025715460070299 0.2889951908552322 0.6745027520155851 0.2814267967395567 0.5275712164674249 0.826349661367605 0.5556400104588698 0.8339180554832806
0 0.5207119718750002 0.8457940140625 0.5140285532931832 0.8422436582352327 0.48280854762590125 0.9010142086117977 0.4894919662077181 0.904564564439065
0 0.4863013905283319 0.9130210069829824 0.47960065837513444 0.9087364342300284 0.45636002581344437 0.945082941302268 0.4630607579666418 0.949367514055222
0 0.6322920864592532 0.5877725248665591 0.6207816694112966 0.5867428106513083 0.6107640021106653 0.698722937535216 0.6222744191586218 0.6997526517504667
0 0.778885915625 0.34884084531250015 0.7741920393728596 0.3478583312982385 0.7697800674978597 0.3689361477044885 0.77447394375 0.3699186617187501
0 0.7678319820766217 0.4094668503817863 0.7603916705126993 0.4064494384508263 0.7295380983224024 0.48252794387475983 0.7369784098863248 0.4855453558057198
0 0.7195883804687501 0.5285239437500001 0.7165348092765191 0.5273014944116164 0.713814161533567 0.5340974337697835 0.7168677327257981 0.5353198831081671
0 0.707104397137466 0.5592827152956945 0.7010817247976797 0.5564480986720405 0.6847023276602135 0.5912491865013461 0.6907249999999999 0.5940838031250001
0 0.65177253515625 0.6616809859375001 0.6481798938070156 0.6602248549340143 0.6383658014788948 0.6844386885923912 0.6419584428281291 0.6858948195958771
0 0.6567377144585225 0.27597898687785377 0.6521404929687502 0.27420457734375014 0.6510382633009725 0.27706028444968156 0.6556354847907448 0.2788346939837852
1 0.48637555966997104 0.24003389978982362 0.4737842530480939 0.17550345058810835 0.40606864714343693 0.1887162511741775 0.418659953765314 0.2532467003758928