1 0.24046907368919146 0.16746252887597454 0.18179669823901617 0.16062188316088702 0.1740711664980099 0.22688394638407608 0.2327435419481852 0.2337245920991636
1 0.3082531509741127 0.18129115759240313 0.2461967777962426 0.1592192259548207 0.22831758939214214 0.2094874854773857 0.29037396257001225 0.2315594171149681
1 0.23898377981552743 0.27718394131233104 0.17131852762538366 0.24889273243476834 0.14992118162200468 0.30006964819628157 0.21758643381214848 0.3283608570738443
1 0.5242149079570334 0.12447586564245332 0.5083969805395462 0.0693598074832797 0.4302597050927015 0.09178466500935574 0.44607763251018867 0.14690072316852937
1 0.6543037515244157 0.20339058617852976 0.6310324542380916 0.1578627168637418 0.5403596894512732 0.2042095566540592 0.5636309867375972 0.24973742596884724
1 0.7043529177148626 0.21042258202243724 0.6135356292224767 0.1930959395772574 0.6026421458579997 0.2501939390615105 0.6934594343503856 0.26752058150669034
1 0.7815247166167787 0.3066223313575548 0.7814444565350236 0.24705309695865463 0.7122978024945975 0.24714626109216042 0.7123780625763526 0.3067154954910606
1 0.3171618219647351 0.28271487464971473 0.2906785040342476 0.2795828641434609 0.2843372855323253 0.3332022582412051 0.31082060346281276 0.3363342687474589
0 0.2297208536139254 0.3597744311050137 0.21958767803971613 0.3372804973365968 0.21486002286329065 0.33941023420033306 0.22499319843749993 0.36190416796874997
0 0.32453495625000006 0.5439009773437501 0.30756204062500003 0.5225289406250001 0.30184806214818843 0.5270667802257014 0.3188209777731884 0.5484388169444514
0 0.37594578515624993 0.6374448531249999 0.35053630004575087 0.597578761909756 0.34508476826701984 0.6010534094445038 0.3704942533775189 0.6409195006597477
0 0.396577831723838 0.6642906379748729 0.380943659227852 0.6471745876796303 0.37498509391026413 0.6526172707985076 0.3906192664062501 0.6697333210937501
0 0.4594967671260218 0.7668996137320652 0.39752837096554533 0.6705483277087432 0.3905417384023269 0.6750417852677882 0.4525101345628033 0.7713930712911102
0 0.5567800408302966 0.8997493780823455 0.5086774371154632 0.8410986348054511 0.501829107116971 0.8467153156115348 0.5499317108318045 0.9053660588884291
0 0.24365427890625 0.24879562500000008 0.23037890078125 0.2237846578125001 0.22596785246580856 0.2261259640833106 0.23924323059080854 0.2511369312708106
0 0.4357238389529721 0.6714510370242451 0.33211997469569754 0.44741330809778274 0.3220788893310055 0.45205670119993624 0.42568275358828006 0.6760944301263987
0 0.4872740414062499 0.774565371875 0.4416753869310375 0.6873796279216893 0.43496490447292596 0.6908892495306218 0.4805635589481385 0.7780749934839325
0 0.2810506903711624 0.30361016362242527 0.26967930623197045 0.22697784177887703 0.26402624322323187 0.22781669344732394 0.27539762736242385 0.3044490152908722
0 0.30186774333099076 0.44679171761838693 0.28300324577811853 0.3349589460347381 0.2759848139270461 0.3361428493629367 0.29484931147991833 0.44797562094658555
0 0.3159986317138023 0.6183977232801567 0.29944972517607876 0.4533179391373691 0.2915163008149163 0.454113248502224 0.30806520735263987 0.6191930326450116
0 0.3573555742187501 0.90365166328125 0.32283598089618654 0.674654606341061 0.31180977959055595 0.6763167237064491 0.3463293729131195 0.9053137806466383
0 0.30441538954722425 0.3886891771037317 0.30181217265625 0.38249766406250013 0.2970912355453912 0.38448257843583244 0.29969445243636544 0.390674091477064
0 0.43575373886246266 0.3429117349328304 0.41186474831984 0.2767188029797557 0.4059542446910873 0.2788519002927665 0.42984323523370993 0.34504483224584115
0 0.4653882030367883 0.43487027644661225 0.4429260318279001 0.3631902100911111 0.436662943181517 0.3651528557278182 0.4591251143904051 0.43683292208331936
0 0.5075946320312499 0.55596717890625 0.4982414065961856 0.5170924874814563 0.48977284140625 0.5191300187500001 0.49912606684131433 0.5580047101747938
0 0.5750932155248766 0.7996504693144588 0.5628211710575022 0.7248233174976079 0.55178142421875 0.7266338937499999 0.5640534686861243 0.8014610455668508
0 0.5336880462919436 0.2827839653195469 0.4973807434261771 0.13258400497540873 0.49042533456302156 0.13426531125252908 0.526732637428788 0.28446527159666724
0 0.5392937493773562 0.33341143318895716 0.5383376603625629 0.3204256690241094 0.5337272719227067 0.32076511317890233 0.5346833609375 0.33375087734375003
0 0.55944788671875 0.390084534375 0.5484362505154522 0.3654172213128887 0.5444563072421774 0.3671938918130243 0.5554679434454752 0.39186120487513565
0 0.5793953125 0.47878553828125003 0.5729253585988936 0.4396106627807093 0.5681271336426972 0.4404031169717456 0.5745970875438037 0.47957799247228633
0 0.6073382445509317 0.6325332552865728 0.5860087300591402 0.48749030678195043 0.5761663653690883 0.488937690901305 0.5974958798608798 0.6339806394059273
0 0.44991290482239654 0.5165752939904718 0.3754678502012071 0.432219032400027 0.36945166257792456 0.43752836460349825 0.44389671719911405 0.5218846261939429
0 0.463194703125 0.5366719 0.4532534015625 0.52684241953125 0.45016047856034247 0.5299705279162041 0.4601017801228425 0.5398000083849541
0 0.56834318359375 0.6640818984375001 0.5389011226216124 0.6262872454453375 0.5326914809165947 0.6311245606531838 0.5621335418887323 0.6689192136453463
0 0.6080311070250376 0.7121732409269228 0.58151214609375 0.68285059609375 0.5757124600361961 0.6880957453239452 0.6022314209674837 0.7174183901571181
0 0.74052437421875 0.8565230195312499 0.7018473765183031 0.8217055208115907 0.6963001375 0.8278676679687498 0.7349771352004468 0.8626851666884091
0 0.6847144385470914 0.9039771672419494 0.6720570542319328 0.8666062190413953 0.6653992969348416 0.8688611736744459 0.67805668125 0.9062321218750002
0 0.6327645376882236 0.3999800395390648 0.6163698664062499 0.3291732101562499 0.6104335029367763 0.3305477206171852 0.62682817421875 0.4013545500000001
0 0.6279196066773538 0.7972353341781442 0.62357108634131 0.735973725886038 0.6170563840166458 0.7364361576819354 0.6214049043526897 0.7976977659740415
0 0.6264869882812503 0.8245670882812501 0.62211769256718 0.8232631260175036 0.61971653006718 0.8313089025800036 0.6240858257812503 0.83261286484375
0 0.6104889199860672 0.8747766038527203 0.6057410100029129 0.8731676918462166 0.5972782486105958 0.8981413567434963 0.6020261585937501 0.8997502687500001
0 0.5963468726562502 0.9184238445312498 0.5894925590124688 0.9173105128308542 0.5838660356202535 0.9519506439262058 0.590720349264035 0.9530639756266014
0 0.6585881202465091 0.2542194702069767 0.6295909118868004 0.25214590722701236 0.5893351068238696 0.8150928629629339 0.6183323151835782 0.8171664259428983
0 0.5863120429687502 0.8354887734375002 0.5790739775460734 0.8332789040358115 0.5596415216550258 0.8969267318012054 0.5668795870777027 0.8991366012028938
0 0.565361195968439 0.9080464654643574 0.5579660398324314 0.9051191723016195 0.5420876437693507 0.9452324139716218 0.5494827999053582 0.9481597071343597
0 0.6581424967102689 0.6727515737146273 0.6466092958411732 0.560917376602615 0.6351138786127853 0.5621028722684557 0.646647079481881 0.6739370693804679
0 0.7449194695312501 0.29840412343750006 0.7401243600882296 0.2983352946797416 0.7398152850882296 0.3198676962422417 0.7446103945312501 0.31993652500000014
0 0.7456366148893319 0.3600254481274289 0.7377572536714044 0.3584831529600462 0.7219870116695578 0.4390510208069947 0.7298663728874852 0.44059331597437745
0 0.7209965484375002 0.4861004406250002 0.7177658257738819 0.4854830997058901 0.7163918897253214 0.4926733023848985 0.7196226123889397 0.49329064330400846
0 0.7146109814053904 0.5186761431418672 0.7081580922046724 0.5170427864384097 0.6987199912680321 0.5543298159527926 0.70517288046875 0.5559631726562501
0 0.6798342328125002 0.6297508859375003 0.676029755406015 0.6290070163915231 0.6710161926799867 0.6546485905362422 0.674820670086472 0.6553924600822194
0 0.611112776341229 0.2501879177112502 0.60626144609375 0.2493233007812501 0.6057243623904799 0.2523368554835645 0.6105756926379589 0.2532014724135646
1 0.43702200843859795 0.24740987518678903 0.4123490489897833 0.18646756628840258 0.3483986907596635 0.21235835749521054 0.3730716502084782 0.273300666393597