1 0.08075231330228612 0.399388310084822 0.009495667338422054 0.38131479059263756 -0.01008957428149263 0.45853155121474487 0.061167071682371434 0.47660507070692937
1 0.07415147375978175 0.6928992311794027 0.0629253493633278 0.5991773947434625 -0.002347755654043848 0.6069958928068104 0.00887836874241008 0.7007177292427507
1 0.24528660442418473 0.290030332762391 0.20817830294537196 0.22972214532226437 0.14193233416253728 0.27048402999654675 0.17904063564135003 0.3307922174366734
1 0.3056476217800883 0.2662408090027246 0.26972507177617516 0.21731470128282498 0.20072753423987583 0.26797410600155513 0.236650084243789 0.3169002137214548
1 0.4540807282454802 0.2367029698982117 0.44177604119163416 0.17658175648443056 0.3756235962837823 0.19012082341635858 0.38792828333762835 0.25024203683013974
1 0.5507104558660425 0.29829264860074783 0.542767032165338 0.22936489012573952 0.46604271150215987 0.23820681101015828 0.4739861352028645 0.3071345694851666
1 0.6841733505463644 0.22430756413981312 0.5958901441533608 0.20548401318870835 0.5813584341636158 0.2736383139155133 0.6696416405566195 0.29246186486661807
1 0.8513426085349076 0.3386542929454409 0.8029349295599882 0.27592104582229515 0.75696337559197 0.3113946794777248 0.8053710545668894 0.3741279266008705
1 0.9016002995181915 0.46338893418241406 0.8623984887744737 0.38711413562803054 0.8104262805674735 0.4138255096162721 0.8496280913111913 0.49010030817065564
1 0.8920608977259221 0.5411445772341799 0.8581461204733415 0.46335793599339326 0.8019028464889881 0.48787986005013007 0.8358176237415688 0.5656665012909166
0 0.30290552472347027 0.6667111414423141 0.06055603229565032 0.6452764022694284 0.05957272271912253 0.6563940825383058 0.30192221514694245 0.6778288217111915
0 0.38019096122403445 0.6736463639649128 0.3322036197615909 0.6700692155499077 0.3317799710375566 0.6757524508037449 0.3797673125000001 0.67932959921875
0 0.4277315234375 0.6797168226562501 0.4094699843750001 0.6784639421875001 0.4091716721542472 0.6828120347693369 0.4274332112167471 0.684064915238087
0 0.4538656835937501 0.6800073960937499 0.4318967401126942 0.6795052248210472 0.4317375725356404 0.6864684736056568 0.45370651601669626 0.6869706448783595
0 0.7231827339493794 0.6927914017062611 0.48985098519331255 0.6838270535407881 0.48952265032255016 0.6923732353889753 0.7228543990786169 0.7013375835544483
0 0.82879805859375 0.44989282812500003 0.8253540552225284 0.4443460056043513 0.8121943101562499 0.45251684687499993 0.8156383135274716 0.4580636693956487
0 0.770495615625 0.48293465468750013 0.7675609989971771 0.477210848129506 0.73326016171875 0.4947970132812502 0.736194778346573 0.5005208198392443
0 0.723753640625 0.5055212351562501 0.7217350060864168 0.5006257280928275 0.713967757625204 0.503828508889675 0.7159863921637871 0.5087240159530976
0 0.7076077467907516 0.5131680924989744 0.7037686552868259 0.5070262115982392 0.6401378030273245 0.5467998034742647 0.64397689453125 0.5529416843749999
0 0.5497478778953615 0.6271884944579841 0.5426286586987142 0.6128259797555071 0.22126552626804638 0.7721194342019321 0.22838474546469376 0.786481948904409
0 0.0730538522749948 0.4559831224762143 0.05572367961341618 0.4430845098419639 0.052737820307171376 0.4470962170532496 0.07006799296874999 0.45999482968750005
0 0.144289010946737 0.5038425015860714 0.0942630936377361 0.47315479955852746 0.09150650222224917 0.4776484893787062 0.14153241953125004 0.5083361914062501
0 0.29535195390624996 0.60747765625 0.2565377937499999 0.5835148374999999 0.2527427016986117 0.5896619987428857 0.29155686185486174 0.6136248174928858
0 0.4863221938678598 0.7497629618588799 0.4251390367299126 0.7036329707183396 0.4205784455350945 0.7096817767296913 0.4817616026730417 0.7558117678702315
0 0.5910507623995123 0.8463687717675535 0.4938826313247369 0.7501482553759405 0.48552315105082566 0.7585900628556104 0.582691282125601 0.8548105792472231
0 0.7061605210937499 0.57097051796875 0.7027013873365219 0.5632329652427024 0.634466443554856 0.5937379331330199 0.6379255773120841 0.6014754858590675
0 0.5312100071370798 0.6352717343025968 0.52990008203125 0.63014740390625 0.5129724678629202 0.6344745852286531 0.51428239296875 0.6395989156249999
0 0.44020938984375 0.6713886023437501 0.4381193219878736 0.666066492062073 0.4116151139606744 0.6764750687940935 0.4137051818165508 0.6817971790757704
0 0.38802311192105654 0.6930234877034434 0.384931418992046 0.6852617123251792 0.18139507428188048 0.766334900747926 0.1844867672108909 0.7740966761261902
0 0.7900701696510188 0.351783129624621 0.7854157959923572 0.34856476500398026 0.7501659922772441 0.39954275451840393 0.7548203659359057 0.40276111913904467
0 0.7513771601562499 0.40447661953124997 0.7469189508239387 0.40145887502083377 0.7140834359801886 0.4499678187708338 0.7185416453124999 0.45298556328124995
0 0.7103742246753466 0.4733041783888711 0.7034480789062499 0.46780057187499996 0.6478242371469991 0.5378017311676836 0.6547503829160958 0.5433053376815548
0 0.5304155332635155 0.673481974215964 0.5235441294198415 0.6723382031604161 0.52138164296875 0.6853297171875001 0.5282530468124241 0.6864734882430479
0 0.5587527359374999 0.66625330078125 0.5533794147276231 0.6615938519248784 0.5331339712031501 0.6849410920055707 0.538507292413027 0.6896005408619422
0 0.538979272199703 0.6960996084483628 0.5322432874876617 0.6902849454220552 0.3702469678459031 0.8779492567633709 0.37698295255794445 0.8837639197896785
0 0.526656625 0.6930866164062499 0.521386802730141 0.692813159496343 0.5208528002349018 0.7031039882873619 0.5261226225047607 0.7033774451972687
0 0.5253647304687501 0.7096558804687499 0.5187717766488651 0.7093098834361505 0.5152146828988651 0.7770901029674006 0.5218076367187501 0.7774361000000001
0 0.51334358515625 0.7716522632812499 0.512963590625 0.7250543921874999 0.504951126577773 0.7251197319218765 0.505331121109023 0.7717176030156265
0 0.5168315228209135 0.8010493085012153 0.5124956244904683 0.8006280224644666 0.5109853109375001 0.8161722499999999 0.5153212092679453 0.8165935360367487
0 0.5161955835937502 0.818060578125 0.508683836417551 0.8174290794090597 0.499101905167551 0.9314072130028098 0.5066136523437501 0.9320387117187501
0 0.530581901572258 0.9532711635916542 0.5203984164816491 0.8606274849775215 0.5125709762003253 0.8614878849810068 0.5227544612909342 0.9541315635951395
0 0.4410013101562501 0.8923519078125001 0.43867496517482873 0.8199590639268941 0.4332245491842599 0.8201342131157607 0.43555089416568127 0.8925270570013668
0 0.4805522136609074 0.9123494360758461 0.43777493271541185 0.8135937607141941 0.4320738237057825 0.8160632688301854 0.474851104651278 0.9148189441918374
0 0.49746206467636755 0.9149407430743735 0.45508826989077306 0.7958403075232423 0.448476234598866 0.7981927508646781 0.4908500293844605 0.9172931864158095
0 0.4291707572774904 0.802735239700221 0.4281134923319717 0.796152916793785 0.4223894588863389 0.7970723216900606 0.4234467238318575 0.8036546445964964
0 0.44533137625102776 0.7709506615076485 0.42152462968750004 0.72782436640625 0.4166889642189583 0.7304937694237108 0.44049571078248595 0.7736200645251092
0 0.24984283537189905 0.5787603520918132 0.20011327109375004 0.5473644671875 0.1980620985026196 0.5506134254355979 0.24779166278076864 0.5820093103399111
0 0.22425339296875002 0.34485320234375 0.21212292825441842 0.3094141896099428 0.20575567812499998 0.31159364375 0.21788614283933158 0.34703265648380716
0 0.3088063166180586 0.5479400813265738 0.23267687500000003 0.37079404375 0.22264430936682036 0.37510559161242585 0.298773750984879 0.5522516291889996
0 0.34049220312500006 0.6179121624999999 0.33657865468750003 0.61498921640625 0.3343344622349013 0.6179939778984639 0.3382480106724014 0.6209169239922139
0 0.3923186888351961 0.6549088098405919 0.37989817265625003 0.6306527734375 0.3743742376749307 0.633481352792624 0.38679475385387685 0.6577373891957159
0 0.3793688776272443 0.6286486308539042 0.36484807044606227 0.5906139291904957 0.3586926042314985 0.5929639499374166 0.3732134114126806 0.6309986516008252
0 0.36239562554573523 0.5813555695960921 0.3521794771469473 0.5458124944503331 0.3473179083387216 0.5472098554887934 0.35753405673750954 0.5827529306345525
0 0.32570866047489694 0.45914817552232695 0.3087292353199945 0.3892783448578089 0.3004760247300464 0.39128399980454165 0.31745544988494884 0.46115383046905967
0 0.29651401796875004 0.35990811953125007 0.2935387528160631 0.3495568509767625 0.289674334375 0.35066760078125003 0.2926495995276869 0.3610188693357377
0 0.2881309504736955 0.32423695377633727 0.271622755674411 0.2878791581775867 0.2660946025368599 0.2903892066382284 0.2826027973361444 0.326747002236979
0 0.43059737416716065 0.28097480278134035 0.428242603125 0.24015058125 0.42271176946796196 0.24046960379215926 0.4250665405101226 0.2812938253234996
0 0.4327085322170297 0.30109300596673255 0.4267405585822286 0.3009321253567372 0.4263234849589489 0.31640374985875463 0.43229145859375 0.31656463046875
0 0.4466502130140901 0.6127471115992559 0.438749266049523 0.38649417834812644 0.4274681069416829 0.3868881261238707 0.43536905390624997 0.613141059375
0 0.38166637265625003 0.7027272234374999 0.377979208161315 0.6969397071181604 0.37493846484375004 0.69887693203125 0.37862562933868504 0.7046644483505895
0 0.51017725703125 0.30239838906250005 0.5044610617708463 0.3018782836768318 0.5030894805208462 0.3169525868018318 0.50880567578125 0.31747269218750007
0 0.50398168984375 0.3605059945312501 0.49896919350714164 0.3603296579894334 0.4984673105747787 0.37459605072889446 0.5034798069113872 0.3747723872707111
0 0.511857922693058 0.5405422355455378 0.5074147569822843 0.4275601084265275 0.4987175810283553 0.42790213592206544 0.5031607467391289 0.5408842630410758
0 0.6311467892003126 0.2765275956040197 0.6254394522139345 0.27511574367889624 0.6112213966073717 0.3325914840123767 0.61692873359375 0.3340033359375001
0 0.6161436960937501 0.34015631328125007 0.605689637222431 0.3381667137145811 0.5817065750901189 0.4641821932341381 0.5921606339614381 0.46617179280080706
0 0.5873995610599855 0.47230936092082876 0.5779780485362055 0.4679886049248917 0.55136093435122 0.526027863535313 0.560782446875 0.5303486195312501
0 0.552299690108268 0.5559029979338934 0.5450809935170469 0.5537218815770524 0.5345473088775288 0.5885845211431591 0.5417660054687499 0.5907656375000001