1 0.10165308429652767 0.3350422201854316 0.031978192478633184 0.3051329436653046 0.0005547145667783804 0.3783352300053682 0.07022960638467286 0.40824450652549527
1 0.05130909296875007 0.5283436 6.527701390113211e-17 0.5283436 7.111202755971614e-17 0.6236366046875 0.05130909296875007 0.6236366046875
1 0.2812690416157089 0.2527694542035547 0.25405188495667463 0.18739874370701465 0.1822449494335952 0.2172956286955948 0.20946210609262944 0.2826663391921348
1 0.34460841652984736 0.23871536260774748 0.31678186203996084 0.1847720908785045 0.24070892112569336 0.22401420148280488 0.2685354756155799 0.2779574732120479
1 0.49626095588955116 0.23233070377299153 0.4915194035282563 0.17067265462979106 0.42476194149911795 0.1758063558434504 0.4295034938604128 0.23746440498665086
1 0.5845771574910092 0.23938709525347165 0.5074142596788637 0.23611782924360042 0.5044772095145869 0.3054395978029477 0.5816401073267325 0.308708863812819
1 0.7250336711445515 0.25651285821381803 0.640782031252142 0.22411051491163905 0.6157675444567972 0.28915246307941544 0.7000191843492067 0.32155480638159445
1 0.8707708796261567 0.3984702554192147 0.8427659954697495 0.3272674799601706 0.7876307906051376 0.3489528007249683 0.8156356747615451 0.42015557618401245
1 0.9023831644866839 0.5266638064284251 0.875596003389741 0.44519556187495724 0.8200850786107446 0.4634478280535827 0.8468722397076875 0.5449160726070506
1 0.881255656087961 0.6014353236750014 0.8591398227023366 0.5196414226328773 0.7998650250100379 0.5356684311631875 0.8219808583956626 0.6174623322053117
0 0.2792527161178803 0.6338262825035745 0.043240080544747636 0.5747436265291223 0.04052968890030158 0.5855706055281319 0.27654232447343413 0.6446532615025842
0 0.3545017328214334 0.6527662257354595 0.30766478502463435 0.641726244961378 0.3063572982969511 0.6472732371946688 0.35319424609375016 0.6583132179687502
0 0.40050736328125 0.6661989304687502 0.3826666476562501 0.6621047406250001 0.3816918167988625 0.6663526335593437 0.3995325324238624 0.6704468234030937
0 0.4262743125000002 0.6705742085937502 0.40421318793623884 0.6675951334052227 0.40330907238539193 0.6742904346396725 0.4253701969491533 0.6772695098282
0 0.6902757644214774 0.7253312911495833 0.4612190498086681 0.6799761813387808 0.45955783984256476 0.6883657828347309 0.6886145544553741 0.7337208926455334
0 0.8325884976562499 0.5019450789062502 0.8300546100451489 0.4959277866266447 0.8157786820312498 0.5019393937500002 0.818312569642351 0.5079566860296056
0 0.7698349734375 0.5254595937500002 0.767831887267844 0.519347181512033 0.7312022687499999 0.53135099921875 0.7332053549196558 0.5374634114567172
0 0.72013515078125 0.5404560406249999 0.7189071948675282 0.5353050213276427 0.7107345488569748 0.5372533054283378 0.7119625047706968 0.542404324725695
0 0.702991807405596 0.5454829782349748 0.7001607837013175 0.5388161486276448 0.6310913716082215 0.5681460032051701 0.6339223953124999 0.5748128328125001
0 0.5292387348734438 0.6334048768947487 0.5244539572426953 0.6181054965478217 0.1821283519315084 0.7251655121552126 0.18691312956225686 0.7404648925021395
0 0.0851960243852727 0.38973595091569097 0.0700970022888967 0.374285105408749 0.06652033493487401 0.3777803302743081 0.08161935703125 0.39323117578125005
0 0.14806730392061296 0.44814973595731755 0.10345790275455438 0.41001407242605514 0.10003228164644151 0.4140212114687377 0.1446416828125001 0.452156875
0 0.2810583015625 0.5741404203125 0.24647061875 0.54440075078125 0.24176062231885176 0.5498785474473287 0.2763483051313518 0.5796182169785787
0 0.44741905494844214 0.7445482853332202 0.3942054849388321 0.6894150763816109 0.3887548004350562 0.6946759778774145 0.4419683704446663 0.7498091868290238
0 0.5357457629889535 0.8563478746476072 0.45482613790875676 0.7461115479233064 0.44524898699187154 0.7531417119768403 0.5261686120720682 0.8633780387011413
0 0.6925201078125 0.6023473640625001 0.6903139818118889 0.5941639462176526 0.6181470946718655 0.6136190503222313 0.6203532206724767 0.6218024681670788
0 0.5096645991307007 0.6384886362988056 0.5091724234375001 0.6332224765625001 0.49177629618179947 0.6348483199511945 0.4922684718750001 0.6401144796875
0 0.41413442734375006 0.6599252125 0.41290265342651944 0.65434166752162 0.3850964959666745 0.6604759244551753 0.3863282698839051 0.6660594694335553
0 0.35920620744221116 0.6731300036795886 0.35736678754607154 0.6649801413428118 0.14365367204097707 0.713215085748206 0.14549309193711665 0.7213649480849829
0 0.8096851511692849 0.3989848967862777 0.8055915443607018 0.3950780517008072 0.762801009270542 0.43991413348952124 0.766894616079125 0.4438209785749917
0 0.7632254390625 0.44497672265625 0.7592941971956838 0.44129871422639033 0.7192744714144338 0.4840738259451404 0.7232057132812499 0.48775183437500014
0 0.7110822877540985 0.5051395574613424 0.7059803953125 0.5000232921875 0.6426064218670542 0.5632192327436789 0.6477083143086528 0.5683354980175214
0 0.502902507929541 0.6761041619059975 0.49629462861686147 0.6738995478815909 0.49212644453125004 0.6863928265625001 0.4987343238439297 0.6885974405869065
0 0.53202164609375 0.6733974000000001 0.5274433775995732 0.6679547437777319 0.5037948760111913 0.6878474552287333 0.5083731445053681 0.6932901114510015
0 0.5078226357504037 0.6997829987038559 0.5020791966417801 0.692986184482262 0.31272015318467017 0.8529982284054057 0.3184635922932937 0.8597950426269996
0 0.4961230359375001 0.69487941484375 0.49096087225134466 0.6937849428705747 0.4888236039630943 0.7038655379114587 0.49398576764924973 0.704960009884634
0 0.4922550429687501 0.7110425875 0.4857973851989497 0.7096694850326392 0.4716809226989497 0.776058764720139 0.4781385804687501 0.7774318671875
0 0.47759772421875013 0.7243115515625002 0.4696736848698463 0.7231226612455137 0.4627594879948463 0.7692062799955137 0.4706835273437501 0.7703951703125002
0 0.4695298110571858 0.7999759225979427 0.46531319848385244 0.7988815393242767 0.4613898265625 0.8139981257812501 0.4656064391358333 0.815092509054916
0 0.4662405523437501 0.81667827265625 0.4589200748522386 0.8148794524705621 0.4316260053209886 0.9259553805955619 0.4389464828125001 0.9277542007812499
0 0.46373271040053937 0.8593785777849486 0.45586704263942385 0.8590039033797643 0.4514324875865044 0.9521000322639267 0.4592981553476199 0.952474706669111
0 0.38937735311372657 0.8064264883939117 0.38396664193748287 0.8057468483568997 0.3749396099175064 0.8776123365254879 0.3803503210937501 0.8782919765625001
0 0.4162859844798307 0.9042304266349864 0.3894841543636375 0.7999987561452742 0.3834669196754149 0.8015460104598725 0.4102687497916081 0.9057776809495849
0 0.4325822778151151 0.9094351139363324 0.4093615883761279 0.7851722801158798 0.4024629549462853 0.7864614107392749 0.4256836443852725 0.9107242445597274
0 0.3826845589133415 0.7879279306167661 0.3826700099450687 0.7812612546107597 0.3768726230773439 0.7812739064926763 0.3768871720456167 0.7879405824986827
0 0.4036184154749928 0.7590627524411787 0.38685120859375005 0.7127432179687501 0.38165749177147845 0.7146232913639923 0.39842469865272123 0.7609428258364209
0 0.2406018517474437 0.5386574796694993 0.19639593906250005 0.4998687117187501 0.19386177041696465 0.5027567961770061 0.23806768310190832 0.5415455641277553
0 0.25191859765625 0.30362704453125 0.24548136187188555 0.26672672112511064 0.23885156171874997 0.26788328515624993 0.24528879750311444 0.3047836085623893
0 0.3036607473516474 0.5174405777815696 0.25618033046874994 0.33056623359375 0.24559680830804237 0.333255259989876 0.29307722519093976 0.5201296041776956
0 0.3240104828125 0.59150795078125 0.320602365625 0.5880087773437499 0.31791575472046996 0.5906254766767203 0.32132387190796996 0.5941246501142203
0 0.3694113482159779 0.6361565575367487 0.36093822890624994 0.6102561554687499 0.3550398152936114 0.6121857765667853 0.36351293460333933 0.6380861786347841
0 0.36072896726235293 0.6081938884772892 0.3523368744615724 0.5683559010705774 0.3458895672293557 0.5697140620653969 0.3542816600301362 0.6095520494721086
0 0.3513629489150947 0.5588278806289013 0.34683273988148267 0.522124242808454 0.3418124297126719 0.5227438831446392 0.3463426387462839 0.5594475209650864
0 0.3342451088157012 0.43238595666910606 0.328404779652293 0.3607201723581518 0.3199394261763133 0.3614100476069847 0.32577975533972153 0.43307583191793897
0 0.32093446640625 0.32980066249999995 0.3196151273661549 0.31911140131704857 0.31562452578125 0.31960394765624994 0.31694386482134507 0.3302932088392014
0 0.31823480690350875 0.29325726745420544 0.30761746887987673 0.2547646452072918 0.3017647192943348 0.256378996661936 0.31238205731796687 0.2948716189088495
0 0.4697754601562501 0.23212442890625007 0.46426281455768076 0.23157431089520938 0.460202279995172 0.2722642856544571 0.4657149255937413 0.27281440366549775
0 0.4646529105189964 0.29301517603336646 0.45878358033064137 0.2919226798415616 0.455951347155395 0.3071385788081952 0.46182067734375 0.308231075
0 0.4566699684253487 0.37822257547091687 0.4451120841229292 0.3768524807620326 0.4184630757491245 0.6016589511187191 0.430020960051544 0.6030290458276034
0 0.35140973125 0.6817198578124999 0.34867332840320514 0.6754267946672783 0.34536697265625005 0.6768644921875 0.34810337550304493 0.6831575553327217
0 0.5409636601562501 0.30642326640625006 0.5353992030771725 0.30501535455658374 0.5316863679209225 0.31968950611908376 0.5372508250000001 0.32109741796875013
0 0.5257543390625 0.36284627109375006 0.5208311404005974 0.36188797818136703 0.5181036802665044 0.37590021588973926 0.5230268789284069 0.3768585088021223
0 0.5186555647601487 0.4296118869957513 0.5100119613441711 0.4285891655577359 0.4967261253177712 0.5408753594256807 0.5053697287337489 0.5418980808636961
0 0.6644909409546527 0.29979478990944386 0.659074733170516 0.29750749603286264 0.6360405383096133 0.3520514209671689 0.6414567460937499 0.3543387148437501
0 0.6397188359375001 0.36029313125000006 0.6297047258546007 0.35669265177350656 0.5863037699340391 0.47740489388711527 0.5963178800169385 0.4810053733636089
0 0.5906552969703838 0.48632258141139023 0.5820256946926119 0.4805811723750474 0.5466569414722281 0.5337420378386573 0.5552865437500001 0.539483446875
0 0.5429106382274214 0.5633962131995002 0.536122017250872 0.5601126970059307 0.5202643016797006 0.5928982884939306 0.52705292265625 0.5961818046875