1 0.0845190046522533 0.3848180662206552 0.011718434257661415 0.3636229639392941 -0.010549701464805428 0.44010917102145547 0.062250868929786464 0.46130427330281654
1 0.06725352109375007 0.58661971796875 7.309071565603183e-17 0.58661971796875 7.871805394960528e-17 0.6785211265625 0.06725352109375009 0.6785211265625
1 0.2527696045132469 0.28126887193202765 0.21778863480717922 0.21970236152387476 0.15016045105155462 0.258127463605324 0.1851414207576223 0.3196939740134769
1 0.31392409433443075 0.2596004094105119 0.27973092407238365 0.2094504264438052 0.20900742960639196 0.2576709909334885 0.24320059986843906 0.3078209739001952
1 0.4632976349238425 0.235260803979571 0.4530986438716531 0.17474678708432528 0.38651398999336195 0.18596891914495822 0.39671298104555136 0.24648293604020394
1 0.557719049307283 0.3001852924638534 0.5521860087213942 0.2310223015088167 0.47519984780820546 0.23718119583947633 0.48073288839409417 0.30634418679451303
1 0.6936826853166449 0.230903067863322 0.6061101922307527 0.20900994054390143 0.589208780619233 0.27661557448997975 0.6767812737051251 0.29850870180940026
1 0.8552112668011361 0.3547887332329545 0.8212676078181815 0.28690140842045475 0.7671830985624999 0.31394366032102305 0.8011267575454546 0.38183098513352276
1 0.9026333631125831 0.47742688477450146 0.8661173853743174 0.39983042743892694 0.813244623821125 0.4247117255049903 0.8497606015593908 0.5023081828405649
1 0.8903861395765343 0.5548022416275051 0.8592067372617842 0.4758793767484203 0.8021419221152083 0.4984235004595636 0.8333213244299585 0.5773463653386484
0 0.2972074544200779 0.6597310879079963 0.05575365608688744 0.6298515306232355 0.054382944081292364 0.6409281211167847 0.2958367424144828 0.6708076784015454
0 0.3742037748009376 0.6693593077445283 0.32637050663263667 0.6641096053631241 0.3257487740191991 0.6697745937123458 0.3735820421875001 0.67502429609375
0 0.42150352109375006 0.6770852109375002 0.40329683125000015 0.6751957750000002 0.40284695453110864 0.6795308073375448 0.4210536443748586 0.6814202432750448
0 0.44761161953125006 0.67828767578125 0.42535187687745424 0.678019380925404 0.42527045243225475 0.6847749603052351 0.4475301950860506 0.6850432551610812
0 0.7163184545716628 0.7004629233003732 0.48344169584144386 0.6833608753872464 0.482815303528682 0.6918903925673235 0.7156920622589009 0.7089924404804503
0 0.8303464789062499 0.4613982390625001 0.8270981553635102 0.45573460190233367 0.8136612679687498 0.463441196875 0.8169095915114898 0.46910483403516634
0 0.77092640859375 0.4923852109375 0.7681933374969878 0.4865624745609757 0.7332996476562499 0.5029408453124999 0.7360327187530121 0.5087635816890244
0 0.72342464765625 0.5133267609375001 0.7215780934330741 0.508363787289563 0.7137038016877444 0.5112935442676 0.7155503559109203 0.5162565179155372
0 0.707021717651221 0.5204054766915907 0.7033993137646964 0.5141333555499277 0.6384191453322254 0.5516620335458371 0.64204154921875 0.5579341546875002
0 0.5452787578677537 0.6288471904816892 0.5386651201706311 0.6142449682441427 0.21193849298396233 0.7622259743583566 0.218552130681085 0.7768281965959033
0 0.07485010335988114 0.4411097302346974 0.05798064261468698 0.4276141614327463 0.05485659550480586 0.43151922026054884 0.07172605625000002 0.44501478906249997
0 0.14437159901533117 0.4914260263750071 0.09544714166516262 0.45901113897097384 0.0925354020248315 0.4634058875959667 0.14145985937500005 0.495820775
0 0.29172570390625 0.6002700703124999 0.25377147890625007 0.57496725390625 0.2497641657938134 0.58097822363677 0.28771839079381334 0.60628104004302
0 0.47761392424045235 0.7491334645306974 0.41807795173418183 0.7008963132000212 0.4133090386741259 0.7067822718231153 0.4728450111803964 0.7550194231537914
0 0.580552405102363 0.8472663006827286 0.48357009818170804 0.7511261479265703 0.4758169891730949 0.7589471714625917 0.57279929609375 0.8550873242187501
0 0.7035580984374998 0.5781221828125 0.7003711084984856 0.5702686214533979 0.6311131233349949 0.5983736418154821 0.6343001132740091 0.6062272031745842
0 0.5264700796614323 0.6362785441255646 0.5253397890624999 0.6311116195312498 0.5082714703385676 0.6348453996244353 0.5094017609375 0.64001232421875
0 0.43426443671875 0.6691975351562501 0.43236138122400136 0.663805724631342 0.4055100646477097 0.6732829763477525 0.40741312014245834 0.6786747868726606
0 0.3813549026672728 0.6889979659828748 0.37853597511941184 0.6811330202204812 0.17229420604341378 0.7550535051077134 0.17511313359127473 0.7629184508701069
0 0.7950661608427696 0.36199672222282053 0.7905269421831476 0.35861788310974896 0.7535195052280939 0.4083346179851355 0.7580587238877159 0.41171345709820706
0 0.7545577460937499 0.4133077460937501 0.7502075701968426 0.41013625056676234 0.7156991201968426 0.45746970134801224 0.7200492960937499 0.460641196875
0 0.7111777407372094 0.48066239528669474 0.7044478875 0.4749204226562501 0.6464149255125151 0.5429376951569171 0.6531447787497245 0.5486796677873618
0 0.5243425714556693 0.6744377809293626 0.5175152706809796 0.6730548979323536 0.5149007039062502 0.6859630281250002 0.5217280046809399 0.6873459111220092
0 0.5529147890625 0.6682024648437502 0.5477073532065624 0.6633583278127577 0.5266594357565993 0.6859847893105439 0.531866871612537 0.6908289263415364
0 0.5321117493125942 0.6973405064297269 0.52558279670474 0.6912943030056512 0.3571357710672912 0.8731907047941909 0.36366472367514546 0.8792369082182667
0 0.5199017609375 0.6938992960937502 0.5146446925521435 0.6934420914364811 0.5137518701805037 0.7037080154358599 0.5190089385658603 0.704165220093129
0 0.5180323945312502 0.71041338046875 0.5114555319123076 0.7098375033944292 0.5055351092560577 0.7774522916756792 0.5121119718750002 0.7780281687500001
0 0.5051014085937502 0.7253697179687502 0.4970915451171368 0.7251553869871029 0.4958450662108868 0.7717381338621029 0.5038549296875001 0.7719524648437501
0 0.5063148000886107 0.8014533293737142 0.501996245369625 0.8008809793128415 0.49994436640625006 0.8163630281250001 0.504262921125236 0.8169353781858726
0 0.5050855632812501 0.8184320421875 0.4976004309010766 0.8175387719632227 0.48404655746357667 0.9311130680569727 0.4915316898437501 0.9320063382812501
0 0.5147443363726509 0.9540623359504716 0.5078002723197937 0.8611196952139926 0.4999475729655266 0.8617063973656828 0.5068916370183838 0.9546490381021618
0 0.4275459125149359 0.8176239408664859 0.4220927044782055 0.8176087665756832 0.42189115836951974 0.8900386991466973 0.4273443664062501 0.8900538734375001
0 0.46617327269343456 0.9114195264869943 0.4268685740556452 0.8112311044402757 0.42108475386706223 0.8135001421678227 0.4603894525048515 0.9136885642145414
0 0.4829823876971206 0.9145994000734502 0.4447909514368815 0.7940926926381661 0.4381008449380814 0.7962129462021459 0.47629228119832057 0.91671965363743
0 0.4186485978227461 0.8000789157439673 0.41782169491703425 0.7934637049368294 0.41206906260562404 0.7941827853278374 0.4128959655113359 0.8007979961349754
0 0.43590863692709936 0.7688776981750028 0.41362147890624995 0.72494683125 0.4086955984783745 0.727445845796544 0.4309827564992239 0.7713767127215468
0 0.24724652779993464 0.5699820145346071 0.1986429578125001 0.5368697179687502 0.19647964755949868 0.540045112374788 0.2450832175469332 0.5731574089406448
0 0.22983591562499997 0.33532429609375 0.21894964380995052 0.2994835241429682 0.21251021093749997 0.30143943671875 0.22339648275254942 0.3372802086695318
0 0.30724970206646685 0.5412383140832313 0.23734894374999999 0.36154331015625 0.22717201936079726 0.3655020998643027 0.2970727776772641 0.5451971037912839
0 0.33647429609375 0.61227359140625 0.332665140625 0.6092158453125002 0.3303174508852659 0.6121404554458645 0.3341266063540159 0.6151982015396144
0 0.3869780462589447 0.651056420055375 0.37541161953125 0.62638168984375 0.36979233342194695 0.6290157636710125 0.38135876014964165 0.6536904938826377
0 0.3749525907668882 0.624360296367866 0.3617680209071318 0.5858419951281846 0.35553428998581366 0.587975761628104 0.36871885984557007 0.6264940628677855
0 0.359640182701401 0.5765036863025286 0.3506706919455126 0.5406257252298672 0.34576331806798966 0.5418525687659586 0.3547328088238781 0.5777305298386199
0 0.32724054202350294 0.4530903815001156 0.3127098828140097 0.3826705402966322 0.304391703358593 0.384386940516292 0.31892236256808626 0.45480678171977534
0 0.3015271125000001 0.3528919015625 0.2989149136861287 0.3424431031254131 0.29501408437500004 0.34341831015625 0.29762628318887135 0.3538671085933369
0 0.29384807035444604 0.31719388905827256 0.27992858682959304 0.27978347225570743 0.274385812627557 0.281845800365934 0.2883052961524101 0.31925621716849906
0 0.4382835221652733 0.278686109927358 0.4373549296874999 0.23780457734375 0.4318163313244874 0.23793038233324698 0.43274492380226076 0.278811914916855
0 0.4396912780335428 0.2988657360481878 0.43373255478875583 0.298496674367579 0.4327757837864631 0.3139443187881412 0.43873450703125005 0.31431338046875
0 0.44274788750000005 0.3844257039062501 0.43145985937500003 0.3844257039062501 0.43145985937500003 0.6108165492187501 0.44274788750000005 0.6108165492187501
0 0.37466338046875003 0.69847394375 0.37118044295430747 0.6925612723223423 0.36807394374999997 0.6943911968750001 0.37155688126444253 0.7003038683026578
0 0.5170672539062501 0.3028739437500001 0.5113726924510513 0.3021546629312407 0.5094758612010513 0.31717191605624073 0.5151704226562501 0.3178911968750001
0 0.50884753515625 0.36072992968750006 0.5038442465027886 0.3603787667230965 0.5028447786514707 0.3746189533797139 0.5078480673049323 0.3749701163441175
0 0.510435795145306 0.540931373944108 0.5099383559771141 0.4278630080615219 0.5012345418946007 0.42790130009841043 0.5017319810627927 0.5409696659809964
0 0.6388659729399228 0.2812406858823848 0.6332113852937928 0.27963051071861383 0.61699611626012 0.33657503577372905 0.6226507039062499 0.33818521093750004
0 0.62165140859375 0.3443070421875001 0.6112731539683924 0.3419538131759155 0.5829068244306146 0.4670555305525964 0.5932850790559722 0.46940875956418093
0 0.5883127086746415 0.4753764296576623 0.5790477282920243 0.4707295000133914 0.550421287586133 0.5278044789494792 0.55968626796875 0.5324514085937502
0 0.550316843678085 0.5576941764118419 0.54317866470563 0.5552624599700176 0.531434708527545 0.5897362413706757 0.5385728875000001 0.5921679578125001