1 0.737951796469453 0.147825012772052 0.7125345757649919 0.08618134925937597 0.6578473916373897 0.1087302399233927 0.6832646123418507 0.17037390343606873
1 0.6809360119573513 0.1464477650798003 0.650380849121197 0.10249377091072338 0.5963356702196787 0.1400639456596378 0.6268908330558332 0.18401793982871473
1 0.7805160195106268 0.20568110196991865 0.7390202871350839 0.16619792270830697 0.6894950203493767 0.2182476120899614 0.7309907527249195 0.25773079135157306
1 0.45452093613165545 0.1456859170324783 0.45450781448964817 0.08835090450527414 0.3732162964222049 0.08836950881268238 0.37322941806421217 0.1457045213398865
1 0.37877508926146797 0.22481438276466958 0.2772706800634309 0.21117602153760026 0.2704995842186719 0.26157035205154877 0.3720039934167089 0.27520871327861807
1 0.3324831006472571 0.28936189834299403 0.30967690740359843 0.23674796867774148 0.22334919710086415 0.2741678393464587 0.24615539034452275 0.32678176901171135
1 0.2433697024975096 0.37056817020853405 0.2194427405685436 0.3133433692356733 0.1575434775218281 0.33922482771470264 0.18147043945079414 0.39644962868756345
1 0.661360245965657 0.28019212960910833 0.6401161758135819 0.23041755993273813 0.6157797678631912 0.2408044776119694 0.6370238380152663 0.2905790472883396
0 0.7293677539062502 0.26696900859375017 0.7243036725682914 0.2663322145545168 0.7212250530370414 0.29081482392951674 0.7262891343750002 0.29145161796875013
0 0.6949576271439414 0.4695676281769058 0.6874071532479882 0.4676531974192047 0.6807685750000001 0.49383560781250013 0.6883190488959533 0.4957500385702012
0 0.6769213282981877 0.5545587400455068 0.6708376751347337 0.5525753908369724 0.6561564737620736 0.5976079734955213 0.6622401269255278 0.5995913227040556
0 0.6594444121329588 0.610269592803312 0.6528594207844531 0.6080930284201772 0.6453433617764945 0.6308321598356154 0.6519283531250002 0.6330087242187502
0 0.6533821600810913 0.6380637834555045 0.6454094938120044 0.635673248813685 0.6125075739889201 0.7454043615835201 0.620480240258007 0.7477948962253397
0 0.5928338132812501 0.8333669992187502 0.5850290179828896 0.8301267058392428 0.5559706470255741 0.900118712877861 0.5637754423239345 0.9033590062573683
0 0.6879120822513076 0.16135464175085285 0.68304116875 0.1601671250000001 0.6763373923233076 0.18766443405528416 0.6812083058246152 0.1888519508061369
0 0.6590715784875425 0.4051768750481223 0.6469117864292964 0.4031538352499272 0.6064066713635355 0.6466160631974052 0.6185664634217817 0.6486391029956002
0 0.6144516473175826 0.6654141597176246 0.6067747603227198 0.6639138000637012 0.5879134500000001 0.7604214257812499 0.5955903369948629 0.7619217854351734
0 0.662349107885007 0.25005529647007496 0.6513196808747101 0.17334954986100035 0.6453595553093192 0.17420654914464864 0.6563889823196161 0.2509122957537232
0 0.6829932835610476 0.3934151685585311 0.669902333628047 0.2807670103026842 0.6628595650740542 0.2815854571548789 0.6759505150070548 0.3942336154107259
0 0.7163169492218363 0.5619223796149451 0.6882202486508415 0.3983717088907809 0.6799166403917274 0.3997982025510157 0.7080133409627221 0.5633488732751798
0 0.7600240946501067 0.8469952987592393 0.7265555611643789 0.6179511500549143 0.7149115657330223 0.6196526012956753 0.74838009921875 0.8486967500000002
0 0.6632000429333462 0.3333020150503246 0.658122334375 0.33242153671875013 0.6570198531604037 0.3387795333871756 0.66209756171875 0.3396600117187501
0 0.5282976954237192 0.2613968330879236 0.521550554747091 0.2611096273436556 0.5185571294300048 0.3314322518818181 0.525304270106633 0.33171945762608607
0 0.5237558991711482 0.35292244934465195 0.5171778070104498 0.35275302297329664 0.5152437929955518 0.4278424103473948 0.5218218851562502 0.4280118367187501
0 0.5164606974617747 0.5556100523647558 0.5151039234375001 0.5155699671875 0.5064094156109558 0.5158645840026412 0.5077661896352303 0.555904669179897
0 0.5201897988768455 0.8077470967847431 0.51269326796875 0.7321273757812501 0.5019437701151291 0.733193022967418 0.5094403010232246 0.808812743970911
0 0.4143089906556118 0.3002452420047103 0.40870643329455625 0.14578865251826947 0.40125299307557444 0.14605900891098078 0.40685555043662996 0.3005155983974216
0 0.4208357453125 0.34975111640625 0.41615222694726073 0.33702912611618796 0.41211791424851985 0.3385143322187607 0.416801432613759 0.35123632250882275
0 0.4206192820312501 0.3845866976562501 0.4162986806132575 0.38398245726049857 0.4125582156250001 0.4107285312500001 0.41687881704299273 0.41133277164575166
0 0.4226902563349545 0.5008808561391648 0.4177377819965818 0.4614965374308932 0.4128803545678772 0.4621073461354784 0.41783282890624995 0.50149166484375
0 0.43995228124999997 0.6561007531249999 0.42446081375968286 0.5103113188914925 0.4161373375989954 0.5111957647433311 0.43162880508931256 0.6569851989768385
0 0.6076023831862553 0.40361107397543583 0.5996541502205452 0.3999789645349519 0.5529215196702675 0.5022451106411046 0.5608697526359775 0.5058772200815884
0 0.5557149800784278 0.5146027164940344 0.551717406777331 0.5126098551526036 0.5454876679687499 0.525106378125 0.5494852412698468 0.5270992394664308
0 0.5046524710937133 0.635472488772473 0.49836920623617864 0.6322263972865976 0.47632050747869636 0.6749047428169285 0.482603772336231 0.678150834302804
0 0.4785270050150231 0.7011719658020107 0.4710761188598921 0.6977955856240985 0.45472767926635294 0.7338727913316659 0.46217856542148394 0.7372491715095781
0 0.40167677421875003 0.8692742812500001 0.39481467642602436 0.8649240924251524 0.36692354816857314 0.9089202630186858 0.3737856459612988 0.9132704518435336
0 0.44112947812500014 0.9000889265625002 0.4341198583588703 0.900032864967945 0.4338040607026203 0.939518389967945 0.44081368046875014 0.9395744515625003
0 0.35089456328125 0.44013449062499993 0.34564493031643906 0.36753451243006846 0.33971653800204604 0.367963188643144 0.34496617096685706 0.4405631668380755
0 0.4646390091061077 0.8198444193124926 0.45376479446381124 0.7593654613997222 0.44693262882494694 0.7605938958535018 0.4578068434672435 0.8210728537662723
0 0.4758218360288165 0.8507450638607195 0.47019223707906227 0.8447008394115285 0.4667719807377459 0.8478864708633089 0.47240157968750013 0.8539306953125001
0 0.516202153377491 0.909267376900973 0.5002785188099852 0.8883901307834876 0.49618863418249426 0.8915095952887645 0.51211226875 0.9123868414062499
0 0.5439927357303812 0.9574468830496125 0.5282706372889548 0.9259962067714529 0.5220355062687398 0.9291131300079523 0.5377576047101662 0.9605638062861118
0 0.5009819029350188 0.8273442232769324 0.2909118329619015 0.3032571205098586 0.2705339655156694 0.31142519031682625 0.4806040354887866 0.8355122930839001
0 0.5509249545710053 0.8990352711437961 0.5171615446657752 0.8417690048399278 0.5095047773437499 0.84628333046875 0.54326818724898 0.9035495967726183
0 0.582174633258915 0.9392631976686715 0.5539657867187501 0.9069274484375001 0.5481067153257039 0.9120387462958774 0.5763155618658689 0.9443744955270489
0 0.40700195848174375 0.7073704167419161 0.3819485056113973 0.5977797043032693 0.3723344805210343 0.5999775595697965 0.3973879333913807 0.7095682720084433
0 0.2188071816457085 0.3934734476726848 0.21376521288226832 0.3725732281318924 0.20900094140625 0.3737225609375 0.21404291016969013 0.39462278047829236
0 0.26858931628258687 0.5032550062867178 0.2339757739536025 0.42902130716996406 0.22588417722237394 0.4327942408819827 0.2604977195513583 0.5070279399987364
0 0.28959052968750004 0.55279528125 0.28686607691089694 0.546249798640109 0.28373324531250005 0.54755378984375 0.28645769808910315 0.554099272453641
0 0.32428135726862617 0.6061765161516306 0.3026994870186546 0.5747215292376365 0.29661883990627846 0.5788935779297562 0.31820071015625 0.6103485648437501
0 0.3780587063626586 0.6958961138101032 0.3664058639839797 0.672542475750586 0.36289643125 0.6742935890625 0.3745492736286789 0.6976472271220172
0 0.33009067911074946 0.29108374203575477 0.32875907968750007 0.28832371484374997 0.32433761542050055 0.2904568892142452 0.32566921484375 0.29321691640624997
1 0.5658990716357746 0.1811315403359745 0.49689125537478995 0.17509413513899297 0.4911365101520948 0.24087113502547974 0.5601443264130794 0.24690854022246128