0 0.9534144219143996 0.4422677072351494 0.9513801993069555 0.43327736487018864 0.9395607277364209 0.43595172756971534 0.941594950343865 0.4449420699346761
1 0.9951165802428592 0.4413241150592292 0.935399064159558 0.3920563106802639 0.888754937802221 0.4485936660799508 0.9484724538855224 0.49786147045891604
1 0.9293866381890158 0.38557757551008986 0.8639973756369936 0.3296532733080631 0.8231061295864948 0.3774651961893915 0.8884953921385168 0.43338949839141827
1 0.8829555595109622 0.33036551377831064 0.8365246647688298 0.27520464302927805 0.7868616979111032 0.31700775373875767 0.8332925926532353 0.37216862448779026
1 0.8100305308428487 0.27612119669561047 0.7479574964356467 0.26848959328666827 0.7381239322432341 0.34847267623170564 0.8001969666504362 0.35610427964064784
1 0.6715780289064799 0.21498016274172932 0.6093688058515737 0.189990469140628 0.586540490504486 0.24681916756581126 0.6487497135593921 0.2718088611669126
1 0.5765687328490631 0.2881053055446751 0.5685402077510371 0.230015997481649 0.5027803031940339 0.23910467596283985 0.51080882829206 0.297193984025866
1 0.5587289672474652 0.2092766067626802 0.5132340637048044 0.1565073127581465 0.4629531095631451 0.19985690084456678 0.508448013105806 0.2526261948491005
1 0.48915412720328755 0.22163641132748474 0.43739606125650726 0.20636358660723575 0.41878333948630103 0.2694402275349727 0.4705414054330813 0.2847130522552217
1 0.44801175626590883 0.2160605923755261 0.39820853779284593 0.17775532157363663 0.3483828850750616 0.24253695125328809 0.39818610354812445 0.28084222205517756
1 0.33528735661885 0.3674931800686114 0.32880054869680064 0.29775084542956537 0.2529194440904763 0.30480862680499105 0.25940625201252565 0.3745509614440371
0 0.9187694053520623 0.46221401235597687 0.9149733109374998 0.45671064531249994 0.8644685758979372 0.4915476353002732 0.8682646703124999 0.4970510023437501
0 0.8312042173572195 0.5178321178638082 0.8260604558591943 0.5117766648271018 0.77665272421875 0.5537457109374999 0.7817964857167753 0.5598011639742065
0 0.6710999515625 0.62259130703125 0.6679466983042759 0.6179175377478303 0.6460705129838014 0.6326767499502838 0.6492237662420254 0.6373505192337034
0 0.6341598031250001 0.6573220929687501 0.6294993219657035 0.6540825048431397 0.5819428922782034 0.7224973267181397 0.5866033734375 0.7257369148437501
0 0.5571072843117815 0.7702565563214249 0.5506657762033351 0.7659059591620567 0.47274970595405374 0.8812687426843819 0.47919121406250015 0.8856193398437501
0 0.4735977257977213 0.8974434602608341 0.4688696445312501 0.8936147468750002 0.442784496077279 0.9258273178641666 0.4475125773437503 0.9296560312500002
0 0.8595918109375 0.40549749765625015 0.8551190763963549 0.3995287965276267 0.7811284855493417 0.4549747410086008 0.7856012200904869 0.4609434421372242
0 0.761193309574721 0.484620906675943 0.754126738251107 0.4765092295648407 0.5942037310201359 0.6158278096076479 0.6012703023437501 0.6239394867187502
0 0.5727820699376607 0.6471425589491049 0.5693451615790572 0.6434027784832386 0.54634258828125 0.6645424515625 0.5497794966398535 0.6682822320283663
0 0.5206317893338295 0.6970374963971676 0.5156867221667438 0.6917470649679651 0.4618240476766646 0.7420935341957977 0.4667691148437501 0.7473839656250002
0 0.8189873640625001 0.3553255390625002 0.8126386786553328 0.3514430253122918 0.7928417630303326 0.38381493624979185 0.7991904484375 0.3876974500000002
0 0.7818702191075901 0.42104049491803003 0.7768958921875 0.4189030507812501 0.7645713972986597 0.4475850011757202 0.7695457242187499 0.44972244531250005
0 0.7132651905240769 0.5349066025995094 0.7079207378355772 0.5320643502432756 0.6841451783012962 0.5767709199448998 0.6894896309897958 0.5796131723011335
0 0.5384828953124999 0.7116074687500001 0.5342377458299019 0.7056985761636849 0.46556534426740204 0.7550351660074349 0.46981049375 0.76094405859375
0 0.4553861606034899 0.7723010904340367 0.4504231027505813 0.7663916076898005 0.3676259077720915 0.8359285344432641 0.3725889656250001 0.8418380171875002
0 0.4603888381566053 0.7564040055195427 0.45522568616681636 0.7506967292002931 0.34349463472896113 0.8517754869620002 0.3486577867187501 0.8574827632812501
0 0.7623423779088665 0.3297357864965264 0.75695742734375 0.3258778570312501 0.7353797772698794 0.3559962352973637 0.7407647278349958 0.35985416476264
0 0.7092782566672582 0.4221154691944129 0.702555093611944 0.41953746357009347 0.6762532080431506 0.48812996921596297 0.6829763710984647 0.4907079748402824
0 0.5212614567642596 0.7700035947300394 0.5175954392350174 0.7680791918669477 0.5098572207520078 0.7828206190119084 0.5135232382812501 0.7847450218750001
0 0.5021410127483277 0.8020256290449241 0.4972978039033519 0.7995304732869404 0.4715556497487743 0.8494971450232663 0.47639885859375 0.8519923007812501
0 0.47278617923730143 0.8615326571827993 0.4670836984375001 0.8583643515625002 0.43773759732519874 0.9111829865672011 0.44344007812499997 0.9143512921875001
0 0.6170507881134498 0.2564430795843835 0.61238429296875 0.2554347359375001 0.604369118144373 0.2925280170996095 0.6090356132890729 0.29353636074649303
0 0.6067668201212275 0.3035445565170486 0.6008148671875 0.3023891664062501 0.5957497316993772 0.3284820399270595 0.6017016846331047 0.329637430037858
0 0.5877186103528751 0.39986220579030657 0.5797200053324116 0.39791912554752884 0.5650744668545367 0.45820684553847235 0.5730730718750001 0.46014992578125014
0 0.5629828562500002 0.5092804578125001 0.5546758113928963 0.5081173350309663 0.5388886404117954 0.6208696081262015 0.5471956852688994 0.6220327309077351
0 0.5258460832183222 0.7691831160605049 0.5195843095856428 0.7679095153785738 0.5122022185548208 0.804204237599319 0.5184639921875001 0.8054778382812502
0 0.5147092773437502 0.8325410249999999 0.5083109030542031 0.8312667758220401 0.4955707053979532 0.8952389992595402 0.5019690796875002 0.8965132484374999
0 0.5201483301002603 0.36220756882583716 0.5157441132759368 0.36168122199224256 0.5144727597381766 0.37231929613515546 0.5188769765625001 0.37284564296875006
0 0.5090328292041603 0.4283443998534783 0.5041299287644054 0.42760611394919323 0.501943946875 0.4421230531250001 0.5068468473147548 0.44286133902928515
0 0.5062622524811575 0.44917482465992126 0.5007316122137643 0.44809977697326164 0.4929109284826067 0.48833370231334045 0.49844156875 0.4894087500000001
0 0.5040184548704708 0.2959462074090415 0.4954895671369514 0.29391679929947234 0.487948600251798 0.32560882795669216 0.4964774879853174 0.32763823606626136
0 0.4941422390625001 0.35797571796875005 0.48846048099510125 0.3573727560829941 0.4856731585937501 0.38363791796875 0.49135491666114894 0.3842408798545059
0 0.489947941835438 0.38779077130607564 0.4838925280596821 0.38703317848087543 0.47391664638049413 0.4667700626435497 0.47997206015625 0.46752765546874997
0 0.4731721532137472 0.5975794204800262 0.46837041611560215 0.5970855630707697 0.46708053946435496 0.6096269332157435 0.4718822765625001 0.610120790625
0 0.4746316097798699 0.6260600960719687 0.46724723828125 0.6260272210937501 0.46697270619517317 0.687692567254726 0.4743570776937931 0.6877254422329446
0 0.47234176788041793 0.5337255846672214 0.4647877119506395 0.5333725072128673 0.4613087147539379 0.6078052954845163 0.46886277068371635 0.6081583729388704
0 0.4826046254023109 0.9724598511301551 0.46566375792831416 0.6214626610489853 0.4534166035018128 0.6220537695419763 0.47035747097580954 0.973050959623146
0 0.46997446867897497 0.3042784436334537 0.4674593843750001 0.27259062421875 0.4618727515120919 0.27303403916130836 0.46438783581606674 0.30472185857601203
0 0.4783864929500295 0.3976582758685743 0.4705303994619813 0.3975349578368346 0.4695764044252237 0.4583101266436477 0.4774324979132719 0.4584334446753873
0 0.44934250757109656 0.6730199159827814 0.4491171450135643 0.647760174304443 0.4432748468174676 0.6478122981654114 0.4435002093749999 0.6730720398437499
0 0.4454185632934712 0.7305898982644898 0.44086570859375007 0.7305543390625001 0.44075991603267595 0.7440995856352556 0.44531277073239706 0.7441351448372454
0 0.4409446710937502 0.81868330078125 0.43437663196165344 0.8183109926129246 0.42835873593750007 0.9244751328125 0.43492677506959676 0.9248474409808253
0 0.43316908100535984 0.8519752500006929 0.42233303134892913 0.8493459228383686 0.39905771718750016 0.9452687367187501 0.40989376684393086 0.9478980638810744
0 0.42680073344993896 0.5115326049599818 0.39234793592623574 0.45626636977011953 0.38679895560129673 0.45972558668513763 0.42125175312499996 0.5149918218749999
0 0.5443605868335306 0.6620439032069245 0.4822875448766202 0.5665630354231634 0.4687171166959395 0.5753853029348115 0.53079015865285 0.6708661707185726
0 0.7162300071110964 0.9138831758197246 0.5611048832149022 0.6817597165176317 0.552915984375 0.6872322523437501 0.7080411082711942 0.9193557116458428