0 0.10172705164241067 0.30337110648826016 0.09138457892444936 0.29704713854305664 0.08656559359763513 0.30492830187321446 0.09690806631559645 0.311252269818418
1 0.14618902061592035 0.33088312165719136 0.11919706441057425 0.26274555989180204 0.047218927612144156 0.2912589182490496 0.07421088381749028 0.35939648001443886
1 0.23057291235317048 0.2836278530283855 0.20649092933976956 0.22552179006138653 0.1269990151574511 0.25846711158710317 0.15108099817085202 0.31657317455410217
1 0.2827305373671801 0.2398581069143635 0.25259170120652435 0.1838196158304654 0.18791432990066292 0.2186046476788579 0.21805316606131867 0.27464313876275603
1 0.33369271292891267 0.2018053183346198 0.2697363983525644 0.19395246359674173 0.2601670716376875 0.2718883085969639 0.32412338621403575 0.27974116333484195
1 0.49688147170450003 0.23140091041620864 0.48803584366831076 0.1693226580544153 0.4230734403189159 0.1785792533112641 0.43191906835510513 0.24065750567305746
1 0.5780575206574262 0.25121947536734335 0.5184704592180536 0.22192611809094737 0.4925772236798679 0.2745968243647298 0.5521642851192404 0.3038901816411258
1 0.6276884743825372 0.22435772063142584 0.5912184155190039 0.1684146994233003 0.533280398172576 0.20618532491740088 0.5697504570361093 0.26212834612552643
1 0.6496815629171349 0.3035918275678438 0.6440610873531308 0.23621213031764854 0.5916029680741259 0.24058792287199107 0.59722344363813 0.3079676201221863
1 0.7278012531073985 0.28059459645751383 0.6729379841367507 0.2184166750035244 0.6256881154244635 0.26010803739344046 0.6805513843951113 0.32228595884742994
1 0.7954163563720562 0.3913764372695504 0.7254946301875687 0.36035121450850693 0.6971483997108563 0.4242352800967083 0.7670701258953438 0.45526050285775177
0 0.15562016200614784 0.37967340123327425 0.11871407421875002 0.3305955718750001 0.11337847665631429 0.33460789341839936 0.1502845644437121 0.38368572277667357
0 0.22027928515625 0.465624815625 0.18469639609374996 0.41140533515625 0.17873855870736577 0.4153153148340212 0.21432144776986578 0.4695347953027712
0 0.3200526634614525 0.5809560783596713 0.3030563010344066 0.5606508516367239 0.29886910469427036 0.5641557180202017 0.31586546712131625 0.5844609447431492
0 0.35325999666244934 0.6863075973171378 0.3292545759622487 0.6065207928486711 0.32379124453124997 0.60816454296875 0.3477966652314506 0.6879513474372166
0 0.4094577512489989 0.8704291008192525 0.3681269606022486 0.7375672388281799 0.35929661169699967 0.7403141919151772 0.40062740234375005 0.8731760539062501
0 0.42125914652584395 0.9234634762813284 0.40797308125000004 0.8839696789062501 0.4024641574922027 0.8858229299357884 0.41575022276804663 0.9253167273108668
0 0.24580699609375004 0.37082430234375 0.19335374299532557 0.2947662919654441 0.18721074453125 0.29900279843750005 0.23966399762967447 0.37506080881580595
0 0.3754476451007277 0.5803981188655608 0.2644598560526088 0.3997456410144541 0.2543990218893812 0.4059267338676434 0.3653868109375001 0.58657921171875
0 0.40507916562499996 0.6421685234375 0.389271665625 0.6152165296875001 0.38490287068927 0.6177788531499917 0.40071037068926996 0.6447308468999916
0 0.4593526598669044 0.7434708639890995 0.42660187128921995 0.6772475898447075 0.41941587000319275 0.6808014341974421 0.4521666585808773 0.747024708341834
0 0.2544866181340867 0.30008223822600877 0.2488167597910811 0.26269868040860606 0.24133185625000003 0.26383389453124995 0.24700171459300568 0.3012174523486527
0 0.2641098274190508 0.3685111771887596 0.26171669296875 0.33730668203125 0.256397033810155 0.3377146572134163 0.2587901682604558 0.3689191523709259
0 0.3012378841989328 0.515985774325552 0.29108909453125004 0.4664659109375001 0.28581340592260573 0.46754713068202464 0.2959621955902886 0.5170669940700766
0 0.4541564350650115 0.7529434972142065 0.40344107150898606 0.6852878241904584 0.3973604145689745 0.689845944945002 0.44807577812499993 0.75750161796875
0 0.5225601771077673 0.8599922664420057 0.46436540546875005 0.7689641664062499 0.45734656664223294 0.7734513491829945 0.5155413382812501 0.8644794492187502
0 0.5393069145064712 0.8834826527369103 0.46565813401215256 0.751986354836424 0.45845830658253456 0.7560188524688835 0.5321070870768532 0.8875151503693699
0 0.3177251132812501 0.29123368828125 0.309425665625 0.25499578984375004 0.3034009991778199 0.25637559954521427 0.31170044683406994 0.29261349798271424
0 0.3361023882926798 0.4341863285736263 0.33081118642276286 0.360917435928817 0.32392740875235776 0.3614145562750779 0.3292186106222747 0.4346834489198872
0 0.4032548320681042 0.7659029454332836 0.4003581859375 0.7495325406249999 0.3962509390256458 0.7502592936292163 0.39914758515625 0.7666296984375001
0 0.419090289523402 0.8411440762825719 0.40974516328125005 0.7857485867187499 0.4043292901640981 0.7866622354361776 0.4136744164062501 0.8420577249999998
0 0.4297213346116294 0.9109428706528119 0.42056458828125 0.8509964484375002 0.41449756580804387 0.8519231790698694 0.4236543121384232 0.911869601285181
0 0.46869100859375 0.23267595546875003 0.46397121929413004 0.23215307910715954 0.45979243804413006 0.2698732142634095 0.46451222734375 0.27039609062500003
0 0.4651844687500001 0.2809074218750001 0.4594672133293546 0.2798808549108926 0.4547625742668546 0.3060823830358926 0.46047982968750006 0.30710895000000005
0 0.45493234658268616 0.37815666383744456 0.4461673944032638 0.3776818775541157 0.44281772890625 0.4395195062500001 0.45158268108567234 0.43999429253332895
0 0.4460103178157426 0.4910949461422519 0.4372319250000002 0.48936346640625006 0.415208877051204 0.601017655522474 0.42398726986694635 0.602749135258476
0 0.3990376047453017 0.7489396461816982 0.392331464387623 0.7479469575090597 0.38689817704463614 0.7846517054627388 0.39360431740231483 0.7856443941353772
0 0.3901982714536748 0.8127858465529663 0.38324981796875013 0.8117198921875002 0.3733648324803393 0.8761554478647252 0.380313285965264 0.8772214022301913
0 0.5270153687500001 0.36343674765625006 0.5223841539982507 0.36296579057995254 0.5213397859375 0.37323571328125005 0.5259710006892494 0.37370667035754757
0 0.5179955078125 0.4297987046875001 0.5132083771641757 0.42915433451636453 0.5112490263829257 0.4437106696726144 0.51603615703125 0.44435503984375
0 0.5150035921875 0.4503722921875 0.508978797638168 0.449746470209614 0.50475503203125 0.49040870468750014 0.5107798265805821 0.4910345266653861
0 0.5679322051866804 0.30538272137688327 0.559203849520972 0.30469820504949563 0.5566567057250131 0.33717716295496775 0.5653850613907216 0.3378616792823554
0 0.5540607991512756 0.367522290717524 0.5488415179560138 0.36663166366812316 0.5443642156797381 0.3928696940443491 0.549583496875 0.39376032109375003
0 0.548735366877495 0.3970802751992657 0.5411484123898961 0.3959270003557912 0.5290822093750001 0.4753059390625 0.5366691638625989 0.47645921390597445
0 0.49945959999999995 0.6019745265625 0.49466169502075186 0.6012086167256074 0.49271234843749995 0.61341994921875 0.49751025341674815 0.6141858590556426
0 0.49220517421875004 0.6299801703125001 0.485429005973179 0.6277450592730147 0.466111504410679 0.6863097741167647 0.47288767265625004 0.6885448851562501
0 0.5239344846454239 0.5429072946757336 0.5160517238977309 0.5405141479276216 0.4943905724458192 0.611863585461978 0.5022733331935122 0.6142567322100899
0 0.5092905099203372 0.6317528382284918 0.4952088274265896 0.6260577175429628 0.36345898409307004 0.9518206934071426 0.3775406665868176 0.9575158140926717
0 0.6064088937285318 0.2960671576606598 0.60122132578125 0.2937764343750001 0.5884290453339682 0.32274581030809035 0.5936166132812499 0.32503653359375007
0 0.5597055589658312 0.4117583825918162 0.5528791843207577 0.40942128462160116 0.5331662142469702 0.4670004365466752 0.5399925888920437 0.4693375345168903
0 0.5078448578125002 0.6579637679687501 0.502388855888477 0.6562446663239279 0.494796290263477 0.680341585073928 0.5002522921875002 0.6820606867187501
0 0.4849948445312502 0.73754370703125 0.4806812998738466 0.7361048095443552 0.4763944498738466 0.7489559814193554 0.4807079945312502 0.7503948789062502
0 0.4618490760183005 0.8223357262112628 0.4554868533435637 0.8208061115335198 0.43060263826276335 0.9243085946972572 0.4369648609375002 0.925838209375
0 0.4626826070312501 0.8560018640625001 0.451565409148623 0.8555200243447703 0.447289011492373 0.9541867743447702 0.4584062093750001 0.9546686140625
0 0.6197612601562501 0.49626775859375016 0.6155362348997288 0.49132648839083926 0.5660362802122287 0.5336513462033393 0.5702613054687501 0.5385926164062502
0 0.5061840604729192 0.5818435251258707 0.4993764816881569 0.5715599343068428 0.4041262710627846 0.6346141071642111 0.4109338498475469 0.6448976979832389
0 0.39181596093750004 0.66171651484375 0.38584131317053305 0.6541126101034432 0.16631037685967712 0.8266055677620487 0.17228502462664408 0.8342094725023556