0 0.08073268378455448 0.35337401092012755 0.0696966041079032 0.3483576118765687 0.06587401160505905 0.3567673167398463 0.07691009128171034 0.36178371578340507
1 0.12821611165100985 0.3752624040298288 0.09312146829817987 0.31092222184595153 0.025154750374381307 0.34799497551925124 0.060249393727211296 0.41233515770312856
1 0.20621204969528534 0.3180755605128301 0.1752282224113484 0.2633374664847627 0.10034385350007757 0.30572484576442355 0.1313276807840145 0.3604629397924909
1 0.2526467090326837 0.2682756520572506 0.21590314949856854 0.2163278635121626 0.15594710235927065 0.2587358013511511 0.19269066189338585 0.3106835898962391
1 0.30025289755813195 0.22512450374615364 0.23730643346522728 0.22181153388617308 0.23309567416387805 0.3018160073249371 0.2960421382567827 0.3051289771849176
1 0.4641707222134756 0.2337830600708406 0.4478255919065156 0.17324554071391673 0.38447550356889987 0.1903500646494077 0.40082063387585987 0.2508875840063316
1 0.547156972764861 0.2435610295651211 0.4844441022328638 0.22174785562797097 0.46516281443356433 0.27718155404029937 0.5278756849655615 0.2989947279774495
1 0.5931443604996597 0.21085100559829995 0.5501284037241232 0.15976955705162355 0.49722532895374744 0.20431951486137567 0.5402412857292839 0.25540096340805213
1 0.6237941176106119 0.288929991040757 0.6170180179547459 0.22342771274284395 0.5634148699900963 0.22897286753615703 0.5701909696459623 0.2944751458340701
1 0.6997291440202548 0.26966413958576335 0.6540628400960472 0.20116468077669847 0.6014084511788091 0.23626760522374268 0.6470747551030168 0.30476706403280757
1 0.7799764861275813 0.3561839052023831 0.7067949223862253 0.33391125199171007 0.6864454874089814 0.4007736710668713 0.7596270511503374 0.4230463242775443
0 0.14352299371403937 0.4225396418720999 0.10091091562500007 0.3783253523437501 0.09610406779709084 0.38295801244504296 0.13871614588613013 0.4271723019733928
0 0.21817500000000006 0.4999704226562501 0.17624964765624998 0.4504915492187501 0.17081272594515728 0.45509846208007215 0.21273807828890737 0.5045773355175721
0 0.3312600278218724 0.6022827074841575 0.31191576905203205 0.5842001690134413 0.3081869192762648 0.5881892015872205 0.32753117804610515 0.6062717400579367
0 0.37705895893320135 0.7028019968750318 0.3435089055037011 0.6265354355763185 0.3382866195312499 0.6288327460937501 0.3718366729607502 0.7050993073924633
0 0.4552765911784455 0.8787023029164835 0.3980620858604996 0.7518677295286389 0.3896323259320541 0.7556703562996552 0.44684683124999997 0.8825049296874999
0 0.47345328433395995 0.9299031401435766 0.45545316874999997 0.8923228875 0.4502111624567052 0.8948336933763217 0.4682112780406652 0.9324139460198984
0 0.23195915468750003 0.4027654929687502 0.1706277405676915 0.33366685118653516 0.16504683124999997 0.33862042265625014 0.2263782453698085 0.4077190644384651
0 0.38617410677940933 0.594977956068756 0.25399760204802735 0.4291980460698895 0.24476504448736805 0.43655917437613356 0.37694154921874995 0.602339084375
0 0.42311267578125006 0.6526767609374999 0.4041383804687501 0.6278521125000001 0.40011441874060827 0.630927758801626 0.4190887140531082 0.6557524072391259
0 0.4893272735266658 0.7466097338218629 0.4487500168179374 0.6848713950776883 0.4420506842446542 0.6892745025006088 0.4826279409533826 0.7510128412447834
0 0.2319527915035226 0.3314929496333917 0.2217692852462144 0.2950790250884133 0.21447852109375 0.29711795781250006 0.22466202735105822 0.3335318823574784
0 0.2498436604646491 0.39823905537575166 0.24366549296875 0.3675588031250001 0.23843520508999436 0.3686120407027952 0.24461337258589344 0.39929229295354673
0 0.30466760247155406 0.5400896275298448 0.28855950703125 0.4921757039062501 0.28345491010559287 0.4938918091267016 0.29956300554589693 0.5418057327502963
0 0.4853242042440088 0.7566450196239021 0.4267417122247538 0.695674289924446 0.421261874386995 0.7009394812380443 0.47984436640625 0.7619102109375001
0 0.5662640371768615 0.8545595451571042 0.4974095070312502 0.7713021125000001 0.49098983626063875 0.776611229061646 0.55984436640625 0.8598686617187502
0 0.5857487056158708 0.8758339237960289 0.4966235244993037 0.7542933077682689 0.4899688015040945 0.7591731858831958 0.5790939826206616 0.8807138019109558
0 0.29364154921874996 0.31500352109374996 0.28098767578125 0.2800471828125001 0.27517607291435847 0.2821509296796627 0.28782994635185843 0.3171072679609126
0 0.32930338690984856 0.45465098786472946 0.3151223933034934 0.38257306622418574 0.3083505100744529 0.38390540254282884 0.3225315036808081 0.45598332418337256
0 0.4363813734894406 0.7757112149794364 0.43151126796875 0.7598158453125001 0.4275232046355594 0.7610377287705636 0.43239331015625 0.7769330984374999
0 0.46126838277831883 0.848461653808916 0.4452419015625001 0.7946179578125002 0.43997774378418136 0.7961848250973341 0.45600422500000004 0.85002852109375
0 0.4803265191982282 0.9164445794594853 0.4639323945312501 0.8580609156250002 0.45802353479280783 0.8597201226159547 0.47441765945978603 0.9181037864504397
0 0.43679507031249987 0.27643239453125 0.43634577499999994 0.2384841546875 0.4315974436786239 0.23854037344793988 0.43204673899112384 0.27648861329168983
0 0.43874331015625 0.28678345078125006 0.4329435631895711 0.28646129380514623 0.4314671545958211 0.3130408711488962 0.43726690156250003 0.31336302812500005
0 0.44463071958126604 0.44634215296499724 0.44041930733973816 0.38455723087235233 0.4316618268209721 0.3851541622823551 0.4358732390625 0.446939084375
0 0.44532749515445713 0.4977410103991753 0.4364035210937501 0.4970922539062502 0.4281518532277852 0.6105981236686067 0.4370758272884923 0.6112468801615317
0 0.4299019011170208 0.7593179287957035 0.42330951963819585 0.7592607735842857 0.422988072387691 0.796337058459778 0.429580453866516 0.7963942136711959
0 0.42876801893547556 0.8236552376461264 0.4221091546875001 0.8236246476562498 0.42180951889710705 0.8888497118069282 0.42846838314508257 0.8888803017968048
0 0.5103861312975708 0.3714829734619246 0.5101711265625 0.36116232421875 0.5055170374524292 0.3612592804443255 0.5057320421875 0.3715799296875001
0 0.5093059859375001 0.4281288734375 0.5044760091568639 0.42807271080028064 0.5043052341568639 0.4427593303315306 0.5091352109375001 0.44281549296874995
0 0.509184859375 0.44891373203124996 0.50355070390625 0.44891373203124996 0.50355070390625 0.48990070390625 0.509184859375 0.48990070390625
0 0.5451380006913688 0.3311017993790032 0.5437079684710223 0.29855451567216107 0.5349612509515522 0.29893882079537115 0.5363912831718987 0.3314861045022133
0 0.537512866738936 0.36192140562882014 0.5322239490456867 0.3616734875588479 0.5309776315255008 0.3882615889612778 0.53626654921875 0.3885095070312501
0 0.5358293419768719 0.391908076039443 0.5281583915879348 0.391688014584597 0.5258559859374999 0.4719457750000001 0.5335269363264371 0.4721658364548461
0 0.5118911968750001 0.6012802820312501 0.5070357142924772 0.6011047985126801 0.506589084375 0.61346267578125 0.5114445669575229 0.6136381592998199
0 0.5081038734375001 0.62996126796875 0.5011058221206399 0.6285686243300581 0.4890695541518899 0.6890510180800581 0.4960676054687501 0.6904436617187499
0 0.5289851649375279 0.539670590459159 0.5208695095297198 0.5382559486135005 0.5080651255051326 0.6117133885808684 0.5161807809129407 0.613128030426527
0 0.525277892189046 0.6296385442378127 0.5106071110510502 0.6257019993036138 0.41953983084908514 0.9650930538979023 0.43421061198708094 0.9690295988321014
0 0.5807625763135364 0.28461926014735417 0.5753345070312499 0.28297781718750004 0.5661680572802135 0.31329024688389595 0.5715961265625 0.3149316898437501
0 0.5485065747006709 0.40513984449828166 0.5414462620755317 0.4036520928103745 0.5288973639225423 0.46320446622140565 0.5359576765476814 0.4646922179093128
0 0.52703732421875 0.65583028203125 0.5214124843435048 0.6547889136410172 0.516813188249755 0.6796315191097672 0.5224380281250001 0.6806728875000001
0 0.5140559859375 0.7376017609375001 0.5095992366961087 0.7366992778729701 0.5069105046648587 0.74997709427922 0.5113672539062499 0.7508795773437499
0 0.5014162903299481 0.8245825130549509 0.49491507760825826 0.8238396598051951 0.4828301255595603 0.9296032733127444 0.4893313382812501 0.9303461265625002
0 0.5141264085937501 0.9563485914062501 0.5063464789062501 0.8578961265625 0.49525342533817324 0.8587727239835627 0.5030333550256734 0.9572251888273128
0 0.6184137320312499 0.4817003523437501 0.6136180099424403 0.4773108145176613 0.5696451232236904 0.5253527160801611 0.5744408453125 0.52974225390625
0 0.5161121824755248 0.5804798283612793 0.5081020918594433 0.5711025248947037 0.42124623172354037 0.6452947820511565 0.42925632233962185 0.6546720855177321
0 0.4123306335937501 0.67369542265625 0.40547383692656336 0.6668763225085277 0.20860085445185894 0.8648376342429721 0.21545765111904563 0.8716567343906944