1 0.6626044542852919 0.09119219602741122 0.6000390727663742 0.052317637252846216 0.5654232669437043 0.10802890874120923 0.627988648462622 0.14690346751577424
1 0.5366482822246699 0.14706821851512422 0.5239924002198546 0.08889092825157015 0.4410324956315456 0.10693801774033793 0.45368837763636105 0.165115308003892
1 0.4363367373045869 0.19440447264166008 0.4346314839822288 0.1308798725090752 0.3577007574618151 0.13294499966794843 0.35940601078417334 0.1964695998005333
1 0.39283963923916765 0.24571800292116527 0.38265469361123283 0.18426153408136187 0.3348266156979346 0.19218789858345114 0.3450115613258694 0.2536443674232545
1 0.3245642550070956 0.18623254332209754 0.25103733873089656 0.1645871094694154 0.23002200373073722 0.23597365628522443 0.30354892000693623 0.25761909013790657
1 0.24989757244299754 0.23400596851053718 0.20827032445812693 0.20221812695537827 0.1759201671199902 0.2445817463765796 0.21754741510486078 0.2763695879317385
1 0.2292929512295788 0.2753144150536241 0.17598739341105238 0.24482943087225362 0.13336273757954764 0.3193622251949607 0.18666829539807406 0.34984720937633124
0 0.6085394424032635 0.12592212061385266 0.6031678601562499 0.12442799765625005 0.5927447287084805 0.16190062168510833 0.5981163109554941 0.16339474464271092
0 0.5842979937482766 0.2352440471805118 0.5785722132812501 0.23351737500000005 0.5723274540708981 0.2542254866563303 0.5780532345379247 0.2559521588368421
0 0.5744334624999999 0.2762673273437501 0.5636462063431464 0.2745372167298513 0.5455795792829525 0.38718280853364356 0.5563668354398061 0.38891291914754234
0 0.5496980797049157 0.41400713983126114 0.5417788599019455 0.4118162701364277 0.5193327216032799 0.4929511287426666 0.5272519414062501 0.49514199843750006
0 0.5199153289062501 0.5184843515625001 0.5153964404731163 0.5173035786109914 0.5134915350043663 0.5245937653297414 0.5180104234375001 0.52577453828125
0 0.50161231484375 0.16511041250000003 0.49909250047955317 0.1518132545024396 0.49231275390625007 0.15309801796875006 0.49483256827044686 0.16639517596631048
0 0.5113460344741529 0.2132298528388083 0.5081639474239286 0.19869926683680206 0.5034064414062499 0.19974112421875004 0.5065885284564743 0.21427171022075625
0 0.5326761313497098 0.29194831143563704 0.5142404575515658 0.22086953057150094 0.5075932332940598 0.2225936183595109 0.526028907092204 0.29367239922364685
1 0.5122396234050053 0.27118100411019774 0.4863585807193934 0.2147958244906297 0.4419513657903346 0.2351789292866504 0.4678324084759463 0.29156410890621853
0 0.5378378132620887 0.3073711316888692 0.5340628225033083 0.2961440254475582 0.5281659600224694 0.298126780477439 0.53194095078125 0.30935388671875
0 0.558083567401684 0.4126881934578468 0.54593406953125 0.351154571875 0.5389453490045659 0.3525344588859033 0.551094846875 0.41406808046875004
0 0.5638325359375 0.4543129578125 0.560266391279621 0.4405785426164891 0.5554298543795865 0.4418343507439223 0.5589959990374654 0.45556876593993323
0 0.594082237189874 0.6042236592160923 0.5698895525596465 0.4817822771656111 0.5624080091763632 0.48326052427935656 0.5866006938065909 0.6057019063298379
0 0.6286698166322374 0.7382820586571925 0.5956066328125 0.6227442421874999 0.5881713856257436 0.6248719692987821 0.6212345694454809 0.7404097857684747
0 0.4113051940172169 0.2169707944800343 0.4076023067897677 0.18858435610752222 0.40279195078125 0.18921184609375002 0.40649483800869923 0.21759828446626212
0 0.46166447890624995 0.4159003 0.4581966223765206 0.3943626579121585 0.4522518173292095 0.3953198532688835 0.45571967385893897 0.41685749535672495
0 0.48143485160880284 0.476396318296347 0.4754007132210682 0.4569068780134377 0.4700860128503441 0.45855236588075304 0.4761201512380787 0.4780418061636623
0 0.4927595232539296 0.6117239116757958 0.48639392648457874 0.6102546053067606 0.48182292744939914 0.6300579201934647 0.48818852421875 0.6315272265625
0 0.48637983739980906 0.6370082175580947 0.48043632812500014 0.6355920867187501 0.47264072744394126 0.6683102675981555 0.47858423671875006 0.6697263984375
0 0.4717372363652313 0.7028635201717416 0.46495430721792436 0.701760523613497 0.461624190625 0.7222392320312501 0.4684071197723069 0.7233422285894946
0 0.44930740079654025 0.8175366059650349 0.444324786895991 0.8169408891655848 0.4428281781250001 0.8294586218750002 0.4478107920255493 0.8300543386744502
0 0.564545982183548 0.7994807766580042 0.55204575234375 0.7427151585937499 0.5419039166177321 0.7449484695642956 0.5544041464575301 0.8017140876285499
0 0.5839610743545738 0.9505645751365629 0.5792911172135986 0.8356679534623283 0.57228658828125 0.8359526515624998 0.5769565454222252 0.9508492732367344
0 0.5746453549200812 0.7971492973281589 0.5692299493155175 0.7473705615153273 0.56368837734375 0.7479734265625001 0.5691037829483137 0.7977521623753316
0 0.53211792421875 0.5292822312500001 0.5265291653500173 0.5111460787041969 0.521799884250487 0.5126034336542603 0.5273886431192197 0.5307395862000635
0 0.31221867890624994 0.26112412187500006 0.2940894245445032 0.2340255634389925 0.2890354882812499 0.23740670625000004 0.30716474264299665 0.2645052646860076
0 0.35121238103717195 0.31733935684455233 0.3373705791564702 0.2972799271693519 0.3312596485745378 0.3014967115840357 0.34510145045523954 0.3215561412592361
0 0.3925638421875 0.37749307890624995 0.38066905168122966 0.35722552038461813 0.37652590852267426 0.3596570821267936 0.3884206990289446 0.37992464064842546
0 0.469498609153011 0.47461048913715065 0.40715654407710045 0.403321611601067 0.39200482008033954 0.4165717818389164 0.4543468851562501 0.48786065937500006
0 0.4955474924006584 0.5403373524030636 0.4795117772788823 0.5158703871543825 0.4731464726562499 0.5200422249999999 0.489182187778026 0.544509190248681
0 0.6550682471572121 0.7726183057299627 0.5897689173763668 0.6852838248720832 0.5824403085678191 0.6907633701641989 0.6477396383486645 0.7780978510220784
0 0.6706110399995672 0.8016696317084401 0.6571717187500001 0.7799723914062501 0.6510017704582551 0.7837940717688724 0.6644410917078222 0.8054913120710625
0 0.5983247039062499 0.7275066695312501 0.5743958739604039 0.6849143212888699 0.5696276033054768 0.687593185975743 0.5935564332513228 0.7301855342181233
0 0.41629285316637105 0.4996499127551761 0.3196497632115731 0.3807608312066121 0.30750539598270216 0.390632798920186 0.4041484859375 0.50952188046875
0 0.5095630486222663 0.6260074117073835 0.42524481316687746 0.5195969753059143 0.41696198515624994 0.5261601796875002 0.5012802206116388 0.6325706160889693
0 0.5852408566096401 0.7204094837136338 0.527119513413658 0.6500445193011842 0.5219218966605734 0.6543377420666571 0.5800432398565555 0.7247027064791066
0 0.4907211663209033 0.6372360586979975 0.41275500423015893 0.5250747986784694 0.40464090680345965 0.5307151154427424 0.4826070688942039 0.6428763754622705
0 0.6411817647081681 0.8416994597972867 0.5949204767112051 0.7792511089589872 0.588987760516485 0.7836460223362651 0.6352490485134481 0.8460943731745647
0 0.5315579104559477 0.6915705418866368 0.4985589477607101 0.6495016399157667 0.494333721875 0.6528159187500002 0.5273326845702376 0.6948848207208702
0 0.44058565695670726 0.6318672005773618 0.43078392968749996 0.59723614296875 0.42448888913704275 0.5990178462976382 0.43429061640625005 0.6336489039062501
0 0.4524515191838603 0.6986150972933574 0.44480946272979727 0.6502437226747118 0.43769811093750005 0.651367225 0.445340167391563 0.6997385996186457
0 0.48363300624999994 0.90071643203125 0.4763418187499999 0.8327414578125 0.4685592723626919 0.8335762356934697 0.4758504598626919 0.9015512099122198
0 0.5562605617101684 0.9015566008493613 0.5024924827228872 0.818941890160788 0.49546633581194177 0.8235147128328668 0.549234414799223 0.9061294235214401
0 0.487228801815483 0.7953604250797425 0.47413325312500004 0.776529884375 0.46881078490326694 0.7802313522640075 0.4819063335937499 0.79906189296875
0 0.45484930078124997 0.7490195375000002 0.4214019349738051 0.693500145988443 0.41261339177223577 0.6987947576794993 0.4460607575796806 0.7543141491910564
0 0.40477533203125005 0.6614795046874999 0.38396948011340476 0.6286086541331568 0.3777061813293682 0.6325730561738782 0.3985120332472134 0.6654439067282214
0 0.3674381154320806 0.6025492861268711 0.34529418203125006 0.565623396875 0.33876758282233954 0.5695373060900286 0.3609115162231701 0.6064631953418997
0 0.28744629453125 0.46031118046874997 0.275692633946652 0.44060555356473036 0.2710750625000001 0.4433597601562501 0.28282872308459805 0.46306538706026973
0 0.24242183028783323 0.3848285034365275 0.23264950743610685 0.3710617144801243 0.22854824824202363 0.37397298369984683 0.23832057109375002 0.38773977265625004