1 0.510464456833079 0.10203194057680157 0.48641014025395 0.04106668988899977 0.4180434168683296 0.06804131542145073 0.44209773344745856 0.1290065661092525
1 0.6323981054124467 0.1245213757162319 0.5540009973674158 0.09244983187537932 0.5313972332839543 0.1477034780318911 0.6097943413289852 0.1797750218727437
1 0.709894641226248 0.16728546498040597 0.6348216532107072 0.15003896752066748 0.6206340469750053 0.2117967821371436 0.6957070349905462 0.22904327959688206
1 0.7194887125168941 0.23694648802150647 0.6855001408951679 0.20877577982096712 0.6447862593022811 0.25789796271631305 0.6787748309240073 0.2860686709168524
1 0.8163005855412884 0.29087695589503715 0.8067575560851198 0.21644133757066147 0.7315491590667843 0.22608344123358184 0.7410921885229531 0.30051905955795755
1 0.8648735477117938 0.3172226798105916 0.8459160073701731 0.26508944176803334 0.798843425972015 0.28220674340410906 0.8178009663136356 0.3343399814466673
1 0.8942605652093742 0.39299295228437575 0.8670774597812505 0.3114436601250008 0.8086619704406255 0.3309154956656248 0.8358450758687491 0.41246478782499973
0 0.473011971875 0.15045246484375 0.470390140625 0.1116429578125 0.4648803585384713 0.11201517895005579 0.46750218978847136 0.15082468598130577
0 0.47371866171875 0.22342112656250007 0.46819260546874997 0.22342112656250007 0.46819260546874997 0.2451609156250001 0.47371866171875 0.2451609156250001
0 0.4803582033848053 0.37992781967386413 0.47660044886297764 0.2659453637074177 0.46321576763223815 0.26638662763695475 0.4669735221540658 0.3803690836034011
0 0.47827618505291863 0.4899731920551809 0.47707897406652366 0.4055456821343427 0.4683739237487532 0.4056691227271937 0.4695711347351482 0.4900966326480319
0 0.48161866171875 0.5145802820312501 0.47692359140624996 0.5143447179687499 0.47654845706892013 0.5218215888959369 0.48124352738142023 0.522057152958437
0 0.573738028125 0.16093838046875003 0.5673859522889624 0.15834035622260015 0.5622392950306812 0.17092374810400493 0.5685913708667187 0.1735217723501548
0 0.5539482390625 0.2046077460937501 0.5496185814969868 0.20260179052249114 0.5433633002469869 0.21610319911624112 0.5476929578125 0.21810915468750008
0 0.545771752562891 0.22642334067784925 0.5393622635099461 0.22318427886813916 0.506241632774556 0.28872372596628393 0.5126511218275009 0.29196278777599405
1 0.6082642247534459 0.2541500142511982 0.5705434435589481 0.22134933597999878 0.5301395569036639 0.2678138070903254 0.5678603380981616 0.3006144853615248
0 0.51083943671875 0.29644366171875003 0.5054347684438978 0.293396988517843 0.4996182192251478 0.30371529867409297 0.5050228875 0.306761971875
0 0.4881448599210465 0.34691998310166783 0.48209270316861497 0.3446722013993112 0.46018833621631866 0.4036497534538935 0.4662404929687501 0.4058975351562501
0 0.4561890843749999 0.43208838046875 0.4514749550777866 0.4301039088564821 0.44605774609375015 0.44297253515625 0.4507718753909634 0.44495700676851796
0 0.4419268575505445 0.47167691844256165 0.4349934934806792 0.4688274363645091 0.3875510774085602 0.5842643943701686 0.3944844414784255 0.5871138764482211
0 0.39022076818667395 0.6062459676620713 0.3827292250000001 0.60224647890625 0.3261473149241653 0.708231480689455 0.3336388581108392 0.7122309694452762
0 0.6547232390625 0.21347007031250004 0.6502986271129123 0.21188762295017116 0.6406560216441622 0.23884889091892117 0.6450806335937499 0.24043133828125005
0 0.5668274648437501 0.4063475351562502 0.5611700969638719 0.40427818010178884 0.5536781687500001 0.4247602109375002 0.5593355366298783 0.42682956599196153
0 0.5371359156250001 0.46494823906250016 0.5322489002684272 0.4623766260930199 0.5227671322459797 0.4803954907056559 0.5276541476025527 0.48296710367513607
0 0.49335624367173236 0.6306631766676081 0.49133133828125 0.6108595070312499 0.4844729821095175 0.6115607670823918 0.48649788749999995 0.63136443671875
0 0.49370907866169284 0.6706377941139366 0.49333204218749993 0.636833803125 0.4877159108876392 0.6368964432536345 0.4880929473618322 0.6707004342425711
0 0.4952654929687501 0.72547852109375 0.494904225 0.7047098593750001 0.488335534081746 0.7048241208357298 0.4886968020504961 0.7255927825544797
0 0.49387957734375004 0.8217193664062499 0.4888787350013534 0.8214724698056222 0.48825690375135344 0.8340675401181222 0.49325774609375006 0.8343144367187503
0 0.4126922538269676 0.7340082803615516 0.4025982390625 0.7283250000000001 0.37451936570428235 0.7781955930759485 0.38461338046875 0.7838788734375001
0 0.36493873203125016 0.8159873242187501 0.3582586529168286 0.8143231168890892 0.33045865291682863 0.9259114965765892 0.3371387320312502 0.9275757039062501
0 0.3901661968750001 0.731265140625 0.38486301949006185 0.7296112674916392 0.3699550755224851 0.7774138889322109 0.3752582529074233 0.7790677620655717
0 0.476193584624829 0.5082087596551518 0.4718164018575008 0.5058736430851156 0.462884859375 0.5226158453125 0.46726204214232825 0.5249509618825362
0 0.75719366171875 0.2824852109375 0.7530648429655202 0.27811729008778285 0.729242200609659 0.30063586949764953 0.7333710193628888 0.3050037903473667
0 0.7033194246120568 0.3370931755475019 0.6978744789865811 0.33176243371425784 0.6808246972430886 0.3491774835185078 0.6862696428685642 0.35450822535175186
0 0.6478695522216491 0.38562091483238187 0.6441615995556371 0.3824310233213474 0.6288376757812498 0.40024366171875003 0.6325456284472618 0.4034335532297845
0 0.6141907883927449 0.42739383946567305 0.6043337980334853 0.41786930154048185 0.5372736432344906 0.487270180043559 0.54713063359375 0.4967947179687502
0 0.522535915625 0.5247978875000001 0.5177140877970157 0.5196609975901123 0.49617343489759025 0.5398804925385001 0.5009952627255746 0.5450173824483879
0 0.3826882895780724 0.6715456265885885 0.3765630953630348 0.6647569924536441 0.2955870740399731 0.7378193857871792 0.3017122682550107 0.7446080199221237
0 0.2976632718468667 0.7500854172278164 0.29229471796874995 0.74483873203125 0.27459306565313324 0.7629515538659337 0.27996161953125004 0.7681982390625002
0 0.3957589157004487 0.6710472796197253 0.39220363938349867 0.6677340413476649 0.35889840653480415 0.703472281659564 0.36245368285175417 0.7067855199316242
0 0.7063586137203588 0.4249137163683513 0.6975411763847813 0.4151209540244425 0.5834561540706725 0.5178435056248412 0.59227359140625 0.52763626796875
0 0.5765207750000001 0.5415239437500002 0.5703688000330593 0.5339793044854387 0.46506278051357847 0.6198468951328844 0.47121475548051917 0.6273915343974459
0 0.4490575966397012 0.6473527511755621 0.4447597194414363 0.6421133912730682 0.3741989540517352 0.6999947947850063 0.3784968312500001 0.7052341546875001
0 0.5891707497103933 0.5503235264719156 0.5826711874598688 0.5430032111306045 0.4805035132197351 0.633715855020088 0.4870030754702597 0.6410361703613991
0 0.3585011097702188 0.7615343228616774 0.3537328768540465 0.7562109686861366 0.29584113669018086 0.808065737675989 0.30060936960635326 0.8133890918515299
0 0.47640352109375 0.6510894367187501 0.4728928919610624 0.6470325849096155 0.4324622583673124 0.6820195567846155 0.4359728875 0.6860764085937501
0 0.5532469208533559 0.6102998877249471 0.547347831271465 0.6077860958141686 0.5331016143243593 0.6412175463704716 0.5390007039062501 0.6437313382812502
0 0.532275 0.6604739437500001 0.5259105105948955 0.6580595790438115 0.5085393840323954 0.7038514806063115 0.5149038734375001 0.7062658453125001
0 0.46721974208340605 0.8336734404822685 0.45973345078125005 0.83114225390625 0.43784448283647703 0.8958815314809124 0.4453307741386331 0.898412718056931
0 0.4433116355279821 0.8191714550041981 0.4370953681977695 0.8129884371148274 0.3675887247056495 0.882868855529203 0.3738049920358621 0.8890518734185738
0 0.47680560973803476 0.7804459477168143 0.4721611523941003 0.7759319919812885 0.4560530778123157 0.7925057622332243 0.4606975351562502 0.7970197179687502
0 0.5488181944373901 0.7138194292334814 0.5405877332065112 0.7046999290372997 0.49240614609246103 0.7481844047490762 0.5006366073233399 0.7573039049452579
0 0.5942134365662952 0.6528886234717732 0.5886020369888829 0.6478418360955737 0.56266338046875 0.67668239453125 0.5682747800461623 0.6817291819074496
0 0.6452844494628363 0.5997278128758161 0.6393419015624999 0.5939369718749999 0.6095014661621636 0.6245591589991839 0.6154440140624999 0.6303500000000001
0 0.7355264085937501 0.48808133828125 0.7321404393825384 0.48477669719648697 0.7159665005245825 0.501348681140391 0.7193524697357941 0.504653322225154
0 0.7896228875 0.4271517609375001 0.7859645180636844 0.42385696556005537 0.7746335321261844 0.43643830306005543 0.7782919015624999 0.43973309843750014