1 0.5828154750375587 0.076968035709483 0.4954311252071073 0.06155981511579064 0.48405839102505377 0.12605778723725175 0.5714427408555052 0.14146600783094412
1 0.6824372624696623 0.13177601190439955 0.6750451416633059 0.07077359173816784 0.6060107372120593 0.07913900832504885 0.6134028580184158 0.14014142849128058
0 0.5316638405350804 0.29499831601315474 0.5313612284008153 0.19348232535423793 0.5231325726592193 0.19350685440685256 0.5234351847934844 0.29502284506576937
0 0.5384031099768977 0.5103629556372224 0.5344093752617763 0.29714853124185736 0.5208080518189672 0.2974032986093053 0.5248017865340884 0.5106177230046705
0 0.5414232319229974 0.6044319620529379 0.5399582882812499 0.5284197398437499 0.5327004336326526 0.5285596166650186 0.5341653772744 0.6045718388742067
0 0.5665783529464791 0.7993313361061455 0.5498747512908749 0.6103070885430064 0.5383479195312499 0.6113256859375001 0.5550515211868541 0.8003499335006392
0 0.6628581956109063 0.8148723829132761 0.6460944826335817 0.6644638021163812 0.6335512618001895 0.6658618005068198 0.6503149747775142 0.8162703813037145
0 0.6479133633738123 0.6262860830752636 0.6465635374622108 0.5893572981957804 0.6351903620437925 0.5897730120332941 0.636540187955394 0.6267017969127773
0 0.6475572093750002 0.13779569531250008 0.6399526032535632 0.13777360030510225 0.639875436361002 0.16433271445142134 0.647480042482439 0.1643548094588192
0 0.652983587811123 0.1888043410344038 0.6434220306454679 0.18839295172437567 0.6381921356288298 0.3099467669378583 0.647753692794485 0.31035815624788643
0 0.6485736765625 0.37393182421875004 0.6380573870812501 0.37322907056413657 0.6334420730187501 0.44229449400163645 0.6439583625 0.44299724765625
0 0.64682906015625 0.48676203359375 0.6360873974170306 0.4864502818064243 0.6338603130943141 0.5631862931430076 0.6446019758335335 0.5634980449303333