1 0.4343363096634505 0.10734702211333262 0.39909122038225864 0.05209165485023322 0.3371275876134095 0.09161566631370481 0.3723726768946013 0.14687103357680423
1 0.5583208787777527 0.10615722470010203 0.4752446070994861 0.08963380150941838 0.46359903237525685 0.1481852843634747 0.5466753040535234 0.1647087075541583
1 0.6425533595034081 0.1333485827270852 0.56556888663456 0.13074355301427482 0.5634258929239386 0.19407382535710016 0.6404103657927868 0.1966788550699105
1 0.6652631103846537 0.19989910141464615 0.6265237799461739 0.17873129374917776 0.5959308817428866 0.2347195383183725 0.6346702121813663 0.2558873459838409
1 0.7705866951064266 0.23436613784234206 0.7470160116129666 0.16311900736445253 0.6750292052144449 0.18693439779412194 0.6985998887079049 0.25818152827201146
1 0.8232942360839306 0.25095965921310615 0.7947375083313479 0.2034015246689803 0.7517959182698618 0.22918620500607592 0.7803526460224446 0.2767443395502018
1 0.866479149385462 0.31175528141359893 0.8169379026618102 0.24495046956640104 0.7652423812816179 0.28328693827859225 0.8147836280052697 0.35009175012579014
0 0.4068110039062501 0.16202419609375 0.39683213984375004 0.12442799765624998 0.3914946111977323 0.125844696019433 0.40147347526023236 0.163440894456933
0 0.425575934375 0.25485774296874997 0.42142778671875 0.233517375 0.41600325951538303 0.23457179635945646 0.42015140717163313 0.2559121643282064
0 0.458954937340392 0.3853196012527729 0.43097993452093303 0.27489588467171955 0.41717001178360363 0.27839452282188293 0.4451450146030626 0.3888182394029363
0 0.4767621072393487 0.49430251192969105 0.45947736473956413 0.41165461160562344 0.45095580424163584 0.4134367860870741 0.4682405467414205 0.49608468641114173
0 0.48578460033636073 0.5252394436236265 0.48473842734375 0.5178197257812501 0.48008350278289724 0.518476065612718 0.48112967577550797 0.5258957834550945
0 0.50768724609375 0.15309801796875006 0.5009561495168217 0.15175976000764768 0.4983050752288875 0.16509398822325771 0.505036171805816 0.1664322461843601
0 0.49659355859375004 0.19974112421875007 0.49196069487265487 0.19859816134725014 0.4883965308101549 0.21304507540975015 0.49302939453125 0.21418803828125005
0 0.49272990952832246 0.22271605250287752 0.48582013829586923 0.2207594893157343 0.4658135417161497 0.29141450644691547 0.4727233129486029 0.2933710696340587
1 0.5593647168000562 0.2380091822479094 0.5160783077877673 0.21300861023660525 0.4852825949254191 0.2663288231574083 0.528569003937708 0.2913293951687125
0 0.47179990546874995 0.298115303125 0.46591320323220187 0.296155865205641 0.4621723469822019 0.30739444879939104 0.46805904921875 0.30935388671875
0 0.45915362837896534 0.35199456205870544 0.4527837699122849 0.3509428843297937 0.4425352946583196 0.4130164027398385 0.448905153125 0.4140680804687502
0 0.4440358664062501 0.4416956250000001 0.4390296938151284 0.4406471120579911 0.4361674640625 0.4543129578125001 0.4411736366536216 0.45536147075450906
0 0.4375895263030644 0.48327817150114816 0.43023984094195755 0.48180399062596646 0.4056954847969608 0.6041724856279334 0.4130451701580677 0.6056466665031152
0 0.41251040770981684 0.6252407951088708 0.4043933671875001 0.6227442421875 0.36907391822214136 0.7375783384422346 0.377190958744458 0.7400748913636053
0 0.59720804921875 0.18921184609375005 0.5925627845684668 0.1885027284575888 0.5882417931622168 0.2168085378325888 0.5928870578125001 0.21751765546875004
0 0.5477299234375 0.39531691328125007 0.5417816455474282 0.39436505479533823 0.5383355210937502 0.4159003 0.544283798983822 0.41685215848591184
0 0.5297654328125001 0.458506371875 0.5244775189861706 0.45691449320816246 0.5186081190372145 0.4764115075151639 0.523896032863544 0.4780033861820015
0 0.518410017941318 0.6295302143731935 0.512643596875 0.6104767640625 0.5060450547149321 0.6124737762518067 0.5118114757812501 0.6315272265625
0 0.5263838865553584 0.668703062006188 0.5195636718750001 0.6355920867187499 0.5140626770393526 0.6367251842916533 0.520882891719711 0.6698361595790914
0 0.538375809375 0.7222392320312501 0.53405833125 0.7019210820312499 0.5276321277041769 0.7032866095638199 0.5319496058291769 0.7236047595638201
0 0.5571718218749999 0.8294586218750002 0.55537897578125 0.8169763070312502 0.550422903478791 0.8176881521480439 0.552215749572541 0.8301704669917939
0 0.45894722790365294 0.7463679922806057 0.4479542476562501 0.7427151585937499 0.42990701975259726 0.7970271905318944 0.44090000000000007 0.8006800242187501
0 0.4277134117187501 0.8359526515625 0.4208385188447572 0.8355936396197524 0.4148413500947572 0.9504363169635026 0.4217162429687501 0.9507953289062501
0 0.4363116226562502 0.7479734265625 0.4307903052706977 0.747361833570173 0.42527743180133076 0.7971307558970255 0.43079874918688327 0.7977423488893525
0 0.4783627656027189 0.5127954411077249 0.4736953371043297 0.5110912040966966 0.46715068502933654 0.5290151755919723 0.47181811352772574 0.5307194126030006
0 0.71096451171875 0.23740670625 0.7060781121424397 0.23390685174282694 0.6869899055342186 0.26055727520807964 0.6918763051105289 0.2640571297152527
0 0.6672140296874999 0.3004434890625 0.6596533335333816 0.2965120825526387 0.6484818476324954 0.31799655897977835 0.6560425437866138 0.32192796548963964
0 0.6233282137940592 0.35950754036049337 0.6190797262447277 0.35708376660540864 0.6074361578125 0.3774930789062501 0.6116846453618315 0.3799168526613349
0 0.5982388733445468 0.4069391894331428 0.5867456160510949 0.3994704465537161 0.5341598575502979 0.4803919164955734 0.5456531148437499 0.48786065937500006
0 0.5268535273437499 0.520042225 0.5211401251125698 0.515919762196049 0.503853295984984 0.5398779184741163 0.5095666982161641 0.5440003812780672
0 0.41757608456188466 0.6907779800839343 0.41026809503908523 0.6852828145259895 0.3447207936497713 0.7724537990486166 0.3520287831725707 0.7779489646065614
0 0.34909931411089146 0.784098311332856 0.34282828125 0.7799723914062501 0.3289079483891086 0.8011300644483941 0.33517898125 0.805255984375
0 0.4303114778823719 0.6877947959574993 0.4261893261558651 0.6852208098142121 0.40031518192826854 0.7266573764320354 0.40443733365477536 0.7292313625753226
0 0.6882400863750769 0.3869181832442017 0.6777161029406449 0.37898778777849546 0.5853275306280681 0.501591485003044 0.5958515140625 0.5095218804687501
0 0.5830380148437501 0.5261601796875002 0.575559484219028 0.5199280090405404 0.48857254119251553 0.6243113056840742 0.4960510718172375 0.6305434763310339
0 0.47810978306008395 0.6543657350740814 0.47289115276277494 0.6500427103545655 0.41467107907769113 0.7203242979367342 0.41988970937500003 0.7246473226562501
0 0.597134613809504 0.5323843603710743 0.589357684782241 0.5264387147394065 0.5063759064064286 0.6349792233676891 0.5141528354336915 0.6409248689993569
0 0.41100394445333066 0.7837284617869146 0.405307573818678 0.7794127345194207 0.35837382397597356 0.8413610500192936 0.36407019461062623 0.8456767772867874
0 0.5056662781250001 0.65281591875 0.5014460655295223 0.6495034625650664 0.46843408584202234 0.6915621539713164 0.4726542984375001 0.69487461015625
0 0.5733148356814282 0.5981133767146847 0.5670444745327059 0.5967713695725938 0.5594390224450279 0.6323068967641593 0.5657093835937501 0.6336489039062501
0 0.5623018890625001 0.6513672250000001 0.5555936506401534 0.6502116207975929 0.5472791873589035 0.6984767637663429 0.5539874257812503 0.6996323679687502
0 0.5314899016159679 0.8337976876300015 0.5236581812500001 0.8327414578125 0.5145242121209115 0.9004679041455704 0.5223559324868794 0.901524133963072
0 0.5033966390568148 0.8226190182263778 0.4959064710085217 0.8179664881345232 0.4439079770935191 0.9016795324334487 0.4513981451418121 0.9063320625253034
0 0.5301428258797961 0.7791125888977721 0.5246121920885323 0.7757721471308001 0.5125630326149863 0.795721451201778 0.5180936664062501 0.79906189296875
0 0.5887523224032298 0.7006303776126767 0.5789100799913216 0.6931867706073864 0.5397648186570283 0.7449462403182133 0.5496070610689365 0.7523898473235034
0 0.6216549953583963 0.6321028578381322 0.615183721112175 0.6282194998199817 0.59522466796875 0.6614795046875 0.6016959422149712 0.6653628627056507
0 0.6616441288263301 0.5701739520242938 0.6547058179687499 0.565623396875 0.6312566242986698 0.6013767917257062 0.6381949351562499 0.6059273468749999
0 0.7289249375 0.44335976015625017 0.7249706228188206 0.44076190792724396 0.7122559280882933 0.46011555070887067 0.7162102427694726 0.4627134029378769
0 0.7704015999999999 0.3732275359375 0.7661817685874478 0.37069132513275854 0.7574595974936977 0.38520356185150856 0.7616794289062498 0.38773977265625004