1 0.50809859140625 0.06901408437500006 0.419366196875 0.06901408437500005 0.419366196875 0.13450704218750004 0.50809859140625 0.13450704218750004
1 0.6157242064397885 0.10569026359605124 0.5978514294294618 0.04689823563200453 0.53131845181214 0.06712426140397901 0.5491912288224666 0.12591628936802574
0 0.49558462667587355 0.2926143836839467 0.477658545576123 0.1926931974448375 0.46955916117619567 0.1941462448622662 0.48748524227594625 0.2940674311013754
0 0.5396191887632392 0.5035368891904547 0.498661831905517 0.2942551753237061 0.4853113825864318 0.2968679172917925 0.5262687394441541 0.5061496311585411
0 0.5589283394952861 0.5956523369690304 0.54428626796875 0.5210492960937501 0.5371629663296016 0.5224473609833551 0.5518050378561377 0.5970504018586354
0 0.6175452192736961 0.7832226110952186 0.568271666615237 0.5999706164880826 0.55709683125 0.6029753523437499 0.6063703839084591 0.7862273469508859
0 0.7150610290086977 0.7818087352464843 0.6724338187109608 0.6365961870237504 0.6603239177222452 0.6401510540269721 0.7029511280199822 0.7853636022497061
0 0.6670264085937502 0.59880457734375 0.6605965295102666 0.5627984759042104 0.6491517609375002 0.5648422539062501 0.6555816400209837 0.6008483553457897
0 0.5869553138056857 0.1438443733305552 0.5824193664062499 0.11767535234375 0.5749264543738863 0.11897411911322667 0.579462401773322 0.14514314010003188
0 0.6125780215188603 0.28758208243787925 0.5966208640463568 0.1669667808027365 0.5871331315047256 0.16822198839390745 0.603090288977229 0.28883729002905023
0 0.6318728874999999 0.418865140625 0.624425 0.35004753515625 0.6139464442513735 0.3511815924057962 0.6213943317513734 0.4199991978745462
0 0.6534314666636762 0.5374234976745942 0.64229964765625 0.4614665492187499 0.6316670400632683 0.4630248038051735 0.6427988590706946 0.5389817522610177