1 0.6825035638980856 0.10132328986920162 0.5964069001979224 0.07985698215613549 0.5805627208216765 0.14340451914273078 0.6666593845218397 0.16487082685579693
1 0.574279088985596 0.07266366616578565 0.5148571521085967 0.036560839302610317 0.4828898946535534 0.08917600879677282 0.5423118315305526 0.12527883565994816
0 0.6029643081867702 0.21033482492176972 0.594922784929498 0.20684451367889684 0.5545187508395484 0.29993362728886536 0.5625602740968205 0.30342393853173827
0 0.5664325446526386 0.30839602614704154 0.5513135445310138 0.30048286585811324 0.4525075829785825 0.489262985328027 0.4676265831002072 0.4971761456169553
0 0.4583195415884759 0.5125228426575874 0.45125086338160214 0.5094078923352325 0.4205641236147456 0.5790445369626831 0.42763280182161933 0.582159487285038
0 0.41968719609375016 0.5861035703125002 0.41018498979365814 0.5807019189702395 0.31639339498501273 0.7456935162830337 0.32589560128510475 0.7510951676252945
0 0.3095677520275606 0.5966207135749242 0.29890698233125834 0.5904849989984953 0.22344316100622522 0.7216029657043904 0.2341039307025275 0.7277386802808194
0 0.3396061245282679 0.5268398370583983 0.32949797225700445 0.5220341850323862 0.31368409393685986 0.5552969117537587 0.32379224620812336 0.5601025637797709
0 0.5193169384479676 0.11281455846175208 0.5125215445312499 0.10909297890625005 0.5000350553020322 0.13189260247574802 0.5068304492187499 0.13561418203125003
0 0.49545849977037604 0.15687170952088633 0.4864003332722711 0.15333587212907934 0.44215605663934604 0.2666815891176177 0.45121422313745096 0.2702174265094247
0 0.4233588321584982 0.3267828650943319 0.41183319599846013 0.3232677678862905 0.39167260000000004 0.38937225390625 0.4031982361600381 0.3928873511142914
0 0.3810848341229958 0.4322034019374084 0.37111578590571914 0.4281312000813454 0.3420776784372206 0.49921861267139606 0.3520467266544972 0.5032908145274592