1 0.3805538238834109 0.15724814343791452 0.34458305282233126 0.1083598026464118 0.28622316499131406 0.15129949195336984 0.32219393605239366 0.20018783274487256
1 0.5776719131709067 0.11139188131831934 0.5597555937028151 0.039726596218346955 0.4837821051426352 0.058719966442867325 0.5016984246107268 0.1303852515428397
0 0.3659330984374999 0.1964978875 0.35416654921874996 0.17666302812500007 0.34606364447080695 0.18146987982628743 0.3578301936895569 0.20130473920128736
0 0.4134881937377804 0.26827221150389585 0.37618661953125 0.21347500000000003 0.3686809953568094 0.2185842307331974 0.4059825695633398 0.27338144223709326
0 0.4284903736795191 0.2975194525565873 0.4129548565410867 0.27298977766265964 0.4073803281740676 0.2765203251060724 0.4229158453125 0.30105000000000004
0 0.45401232421875 0.3366852109375 0.44874567691674583 0.32530900777773347 0.44123767578125006 0.328784859375 0.4465043230832542 0.3401610625347665
0 0.4743514085937499 0.3681183101562501 0.4595595070312499 0.3371894367187501 0.4505126583583509 0.3415161411908924 0.4653045599208509 0.37244501462839236
0 0.500152974188544 0.41698003370336584 0.47905774609375007 0.3760183101562499 0.47154021810099395 0.3798898261468741 0.4926354461957879 0.42085154969399
0 0.5792773428447126 0.5345940427353529 0.5162935681323443 0.4370964317687031 0.5064232947402069 0.44347266057591483 0.569407069452575 0.5409702715425646
0 0.7494538605269115 0.7406627151589136 0.6002510562500001 0.5649521124999999 0.5862642300408883 0.5768288783966161 0.7354670343177998 0.7525394810555298
0 0.48896623870871664 0.7808101253840072 0.4884469808727494 0.655405408657203 0.4781738789660789 0.6554479460417924 0.4786931368020461 0.7808526627685966
0 0.4891262969336002 0.6529656022761079 0.48350774609374997 0.52149647890625 0.47460045207761503 0.5218771468759782 0.4802190029174652 0.6533462702458361
0 0.48778838046875006 0.48368626796875 0.4811594472870073 0.4829885223676037 0.47976107883675406 0.49627372402986725 0.4863900120184968 0.4969714696310136
0 0.4926346732538235 0.41319841333916874 0.4820809859375002 0.4130595070312501 0.48144392561919347 0.46146145149145246 0.49199761293551675 0.4616003577993711
0 0.4945736216755721 0.3903701658922972 0.48475633828125 0.36508309843750003 0.4783852419747238 0.3675565706218683 0.48820252536904585 0.3928436380766655
0 0.5002728875000001 0.3188904929687501 0.4940990776539751 0.3176557129300751 0.48841234765783687 0.3460889468196654 0.4945861575038618 0.34732372685834045
0 0.5146415836576759 0.1775232977516136 0.5065241691595126 0.17671009699991655 0.49525229207961036 0.2892265921445271 0.5033697065777736 0.29003979289622417
0 0.5279120968492765 0.10959993212602048 0.52167464765625 0.10843697187500008 0.515102021381818 0.14368875491363017 0.5213394705748445 0.14485171516465056