1 0.41703548718952443 0.1466402495791709 0.3863719917541464 0.0942597543093128 0.3238433855681016 0.13086394486704617 0.35450688100347966 0.18324444013690427
1 0.6178670271823432 0.1216396434122851 0.6075399194250337 0.048494183864618866 0.5299972735831495 0.05944211233958021 0.5403243813404591 0.13258757188724643
0 0.39839214062499995 0.18414669687500002 0.3887633570312499 0.16319055546875003 0.38020238822334457 0.16712409048391175 0.38983117181709454 0.1880802318901617
0 0.43818426366512336 0.2604986946436808 0.4068149 0.20210259140625003 0.39881633301213276 0.2063992814717171 0.43018569667725615 0.2647953847091479
0 0.4500470909148623 0.291153871138503 0.4371607298241765 0.2651346678150862 0.43124769672181407 0.26806317714533323 0.44413405781249987 0.29408238046874996
0 0.47133529375000005 0.3327728453125 0.4672866346060216 0.3209084477382443 0.4594564375000001 0.3235804585937501 0.4635050966439785 0.33544485616800584
0 0.4882773046874999 0.36615976406249995 0.47679938203125005 0.3338541476562501 0.46734982969301414 0.3372114967162567 0.4788277523492641 0.3695171131225066
0 0.5088300862844097 0.41745081578175025 0.49213208515625 0.37450843359375013 0.48425105570838695 0.37757294543278475 0.5009490568365467 0.42051532762078486
0 0.5752269917068439 0.5426912714792593 0.5227795232863356 0.43914416567808806 0.5122968223332685 0.44445374070622384 0.5647442907537767 0.5480008465073951
0 0.7229312222289979 0.765419368455956 0.5929125257812501 0.5750753867187501 0.5777608606281974 0.5854250690897563 0.7077795570759452 0.7757690508269622
0 0.47214191148885015 0.6533241959833516 0.46188686367644677 0.6523023587596016 0.44945197832210093 0.7770975226924609 0.4597070261345043 0.7781193599162108
0 0.4813510984375 0.5196548093750001 0.47245280908836185 0.5191023262565235 0.464298315414365 0.6504385459170039 0.47319660476350317 0.6509910290354803
0 0.4895605265625001 0.48249917421875016 0.4831279770843537 0.480931402810125 0.4799246288633717 0.4940747066194914 0.4863571783415181 0.4956424780281165
0 0.49843701486847386 0.41169911421404637 0.48775426098333013 0.4116449037098266 0.48750543946890457 0.46067781786902495 0.4981881933540483 0.4607320283732447
0 0.506062786411851 0.3904035184906339 0.49894250078124996 0.364228790625 0.492347757828826 0.3660227521027543 0.4994680434594271 0.3921974799683883
0 0.5192024914062501 0.3199111546875001 0.5131915718213311 0.31803779991596726 0.504563911872524 0.3457208479677099 0.510574831457443 0.3475942027392428
0 0.5482693696052842 0.1808203209869625 0.5402814254071098 0.17916307411024365 0.5173101206523066 0.28988496058253627 0.525298064850481 0.29154220745925513
0 0.5685671096650518 0.11465619247251632 0.5624853929687501 0.11284761250000006 0.5522639586974446 0.14721925678038034 0.5583456753937462 0.1490278367528966