1 0.5856443803447335 0.0690393379385729 0.519878935259993 0.04103153258908419 0.49355747152642027 0.10283725981832847 0.5593229166111608 0.1308450651678172
1 0.39605694150880766 0.19653276649396073 0.35578718140923477 0.13681245370431128 0.28846131820744575 0.1822106814259618 0.32873107830701864 0.24193099421561123
1 0.3478483727913645 0.2721539156842529 0.3292782289003921 0.2108022555061214 0.27361629242216123 0.2276502131106876 0.29218643631313357 0.2890018732888191
1 0.3022133104503152 0.2608260896905121 0.2712743362521016 0.212994703744193 0.2115637112905965 0.25161757549448105 0.24250268548881002 0.29944896144080013
1 0.23161884327439558 0.2865006152525775 0.22944214276893535 0.2604389290253928 0.18723900178841418 0.2639637814660029 0.1894157022938744 0.2900254676931876
1 0.20288004415537886 0.27775125721375504 0.15659205165274934 0.25966326522394145 0.1350125656256301 0.3148861494443908 0.18130055812825963 0.3329741414342044
1 0.19351530480048845 0.33302103233901903 0.134428698957592 0.3114478511553853 0.10653817605237573 0.38783697150000074 0.16562478189527216 0.40941015268363445
1 0.5451949898199694 0.23400893305282314 0.514419850342907 0.19168148863405296 0.45500486782947347 0.2348805146793696 0.4857800073065358 0.2772079590981398
1 0.4676271116078352 0.2799128694718608 0.4388918461472701 0.2224116321239963 0.4006831479383563 0.24150577925153688 0.4294184133989214 0.2990070165994013
0 0.5405760195360416 0.11184723276339345 0.5338047625 0.11174281250000004 0.5332161425265768 0.14991257962250748 0.5399873995626184 0.1500169998859009
0 0.5281142930102376 0.45953544406853625 0.5185280393110621 0.4588652693748075 0.50858324073953 0.6011167792960277 0.5181694944387055 0.6017869539897565
0 0.5318320611492672 0.40758486394092525 0.5269449296875001 0.40755652656250013 0.5268738047827491 0.4198228962495148 0.5317609362445161 0.4198512336279399
0 0.5132809726189932 0.6084422494788806 0.5074776726598196 0.607973498282544 0.5056024461345764 0.6311894433349133 0.51140574609375 0.6316581945312499
0 0.5108589360723055 0.635956144888683 0.5053337159818219 0.6357554466803658 0.504118065625 0.66922229140625 0.5096432857154836 0.6694229896145673
0 0.5093579750000001 0.7049920757812501 0.5023140593750002 0.7047434007812501 0.5017106034839698 0.7218367651316172 0.5087545191089697 0.7220854401316172
0 0.505956607436822 0.8341568843349989 0.5050163648545537 0.8224166624598886 0.5002442375 0.8227988492187498 0.5011844800822683 0.83453907109386
1 0.4967664819823662 0.1179641613809864 0.4770677722460179 0.06215661648006306 0.3973657393809665 0.09028950090622534 0.4170644491173148 0.1460970458071487
0 0.4555258298220533 0.12776853464126484 0.44750838831217693 0.12762858947971664 0.4469909237222464 0.15727407373443186 0.4550083652321228 0.15741401889598006
0 0.47447705200013723 0.2248728809672924 0.4703107968877804 0.20687241462610634 0.4641439876156116 0.2082997387948317 0.46831024272796845 0.2263002051360178
0 0.4945031423817321 0.3306239880491021 0.474889112996025 0.2384303255621584 0.46824791526795007 0.2398432279665205 0.4878619446536573 0.3320368904534642
0 0.5554448694718696 0.5446261851906502 0.5156038616777183 0.39165689482942856 0.5061332246350787 0.39412353191286126 0.54597423242923 0.547092822274083
0 0.6077364279215273 0.8147374666934832 0.5640874574463528 0.5572412145732657 0.5518985515625 0.55930739296875 0.5955475220376745 0.8168036450889675
0 0.6129469857250993 0.4793949016285386 0.6062077024148051 0.45794054315447913 0.5994713008031898 0.46005659425931594 0.6062105841134839 0.4815109527333754
0 0.6395316601562498 0.5445162390625 0.626284509000838 0.5110578737198269 0.6209198495469088 0.5131819002212911 0.6341670007023208 0.5466402655639643
0 0.7125801285261095 0.6904973310494977 0.6585133905465842 0.589896680078502 0.6484233456142248 0.5953194662165042 0.7024900835937501 0.6959201171875
0 0.7287342858304722 0.7281320966966363 0.7142297966071558 0.7040599566732283 0.7081105045162197 0.7077470906837899 0.7226149937395362 0.7318192307071978
0 0.8044788631965775 0.8527003040021401 0.7540174901590773 0.7792054516959426 0.7473997568983977 0.783749170014316 0.797861129935898 0.8572440223205137
0 0.53463184140625 0.5192182515625 0.5307295663017204 0.5043261189958885 0.5239850203049382 0.5060934329663273 0.527887295409468 0.5209855655329387
0 0.624425071995659 0.7812215012462765 0.617155520723235 0.7549369749163143 0.6121342811089737 0.7563257067644279 0.6194038323813977 0.7826102330943902
0 0.6616229043250417 0.9292626674960317 0.6360694214995514 0.8210196492213419 0.6298610406120095 0.8224852934440602 0.6554145234375 0.93072831171875
0 0.3770343552231439 0.2597015346081942 0.3568256066329757 0.21296637227456244 0.3516049896910819 0.21522381891636827 0.37181373828125003 0.26195898124999994
0 0.6157351046455453 0.7842323476607952 0.593849365641432 0.7328659342230006 0.5888573939486997 0.734992868580903 0.610743132952813 0.7863592820186975
0 0.3427846246075362 0.31694643021044083 0.3287112301106311 0.2774301060354293 0.3224044078468448 0.27967622582498847 0.33647780234375 0.31919255
0 0.35972463235926055 0.3616586796794072 0.34654503338432274 0.33032023225291096 0.33943226129816584 0.3333115573310136 0.35261186027310354 0.3646500047575098
0 0.4040375359375 0.48502752109375014 0.3887497327366927 0.41236727723294486 0.37203303515624997 0.415884490625 0.38732083835705716 0.48854473448580527
0 0.4644840200946869 0.6389777724992219 0.44984813984375 0.6075477992187501 0.4450168049053132 0.6097975892195283 0.45965268515625 0.6412275625000001
0 0.4893700540197205 0.7028380010028903 0.4708546612341097 0.6587465068438421 0.4640462673706393 0.6616055636534519 0.4825616601562501 0.7056970578125001
0 0.5538632790945466 0.8987449821554101 0.5333349110563895 0.8318966048908418 0.5274715569618428 0.8336971735166816 0.5479999249999998 0.9005455507812499
0 0.29163012018599377 0.29392315622440834 0.27531469793280133 0.2761285839414059 0.2707745328125001 0.28029135390625004 0.2870899550656925 0.29808592618925256
0 0.3261268421875001 0.3310608914062501 0.31734163661399695 0.32132146422814045 0.31347593900173415 0.3248084196298975 0.32226114457523725 0.33454784680800714
0 0.4049300399501622 0.414839647559047 0.3908288965064291 0.3982794241536092 0.3854933265625 0.4028226984375001 0.39959447000623316 0.41938292184293796
0 0.42529256916780345 0.436653417612333 0.4117221165362156 0.42265729666392227 0.4077631668996622 0.4264958415515892 0.42133361953125004 0.4404919624999999
0 0.4383580510872383 0.4508996926156903 0.42938488126744445 0.44254597265473017 0.4268891015343339 0.44522682088553756 0.4358622713541277 0.45358054084649774
0 0.47785745380774625 0.4781208636856819 0.47060239716263846 0.4651669623027471 0.4662365124999999 0.46761215156249997 0.4734915691451077 0.48056605294543475
0 0.50265879296875 0.5313564601562502 0.47582467390697475 0.5044893446541531 0.4724604110776284 0.5078494757151425 0.49929453013940356 0.5347165912172396
0 0.5170873669263271 0.5488340947707144 0.5053094634892645 0.5361415010840853 0.5009733754691873 0.5401651094383707 0.5127512789062499 0.5528577031249999
0 0.5676766938387448 0.6142047001104134 0.55434739609375 0.59938299609375 0.5508765202237551 0.6025043873895866 0.5642058179687499 0.6173260914062499
0 0.60150671484375 0.6489329515625002 0.5861094358568248 0.6327967177849698 0.5823466945312499 0.6363871453125001 0.5977439735181751 0.6525233790900306
0 0.637943625 0.68968633828125 0.60891406484375 0.6573124476562501 0.6054706258377129 0.6604001679716123 0.634500185993963 0.6927740585966122
0 0.625061248559927 0.6950270555271757 0.5787663031250002 0.6564974406249999 0.5745604125672542 0.6615509942193062 0.6208553580021811 0.700080609121482
0 0.5747224008591733 0.6540805095916481 0.43225614524140976 0.5324923956035758 0.4255298140625 0.5403737187500001 0.5679960696802635 0.6619618327380724
0 0.4184025715680247 0.5163737444383586 0.29998988906249996 0.41581130859374993 0.2886613978341959 0.4291506536863509 0.40707408033972065 0.5297130895309596
0 0.25231575297659453 0.37075208864774833 0.22713919750312664 0.35327394967069564 0.22332342108903216 0.3587704219604474 0.24849997656250006 0.3762485609375001
0 0.5337626943058718 0.6533507925285271 0.41774783120781167 0.540370195889176 0.4119329281599159 0.5463412670385308 0.527947791257976 0.659321863677882
0 0.5626971640624999 0.67942506484375 0.5385035034111868 0.6593418450298528 0.5342626829189463 0.6644506359918181 0.5584563435702595 0.6845338558057154
0 0.618224590625 0.7337605257812502 0.5914415282075071 0.7066461865059656 0.5867926546120273 0.7112382612164956 0.6135757170295203 0.7383526004917803
0 0.6995062142244843 0.8115169878859959 0.6403761444327609 0.7565988070331424 0.6357290856770266 0.7616022668033968 0.69485915546875 0.8165204476562502
0 0.2830936515625 0.49806733671875014 0.2716306279475952 0.4836834599367862 0.26806748593749996 0.48652305468750007 0.27953050955240477 0.5009069314694641
0 0.22653334191000557 0.4332178941025142 0.21407851550060814 0.41991513992957225 0.2109974431218526 0.42279982238955816 0.22345226953125003 0.4361025765625001
0 0.3859671171074492 0.6223885548140202 0.36147771314782 0.5964749703890975 0.35647074057162076 0.6012067655750772 0.38096014453124993 0.62712035
0 0.43355781406250005 0.674843109375 0.40778342103001275 0.6467156089973088 0.4023799775543752 0.6516670079485064 0.4281543705868625 0.6797945083261976
0 0.5037791366803106 0.7550670396743604 0.45680290388567946 0.7049372458491285 0.44893159569383806 0.7123133864194916 0.49590782848846915 0.7624431802447236
0 0.5384931280405285 0.7927961702918348 0.5226280257812501 0.77564288125 0.5184206586782216 0.779534281270665 0.5342857609375 0.7966875703124998
0 0.62504585 0.884503940625 0.5530862535385654 0.809658964222723 0.5470626730828518 0.8154503271128173 0.6190222695442864 0.8902953035150943