1 0.6154980511112311 0.07606338627189344 0.5518465327910409 0.04353624141875283 0.5212778378709609 0.10335532033006753 0.5849293561911513 0.13588246518320815
1 0.41747894549792763 0.19002129569860832 0.3814731590196398 0.12763738281375964 0.31114447802629785 0.16822860824426478 0.3471502645045856 0.23061252112911346
1 0.36411274587323994 0.2620953767986485 0.34986751368569136 0.19959777775327311 0.2931659127813681 0.21252191376210386 0.30741114496891675 0.2750195128074792
1 0.3193790371070644 0.24761180526687712 0.29185197974298804 0.19773873965128633 0.22959260989765914 0.2321023229608284 0.2571196672617355 0.2819753885764192
1 0.24716557069613163 0.2682993655832203 0.24681214375212762 0.2421493257677024 0.2044659256546189 0.2427216497319454 0.2048193525986229 0.2688716895474633
1 0.21910710204388723 0.25756660379686497 0.1741936194203917 0.23629378668359058 0.14881454672922717 0.2898768421973696 0.1937280293527227 0.3111496593106439
1 0.20590974930350475 0.3120484923954928 0.14847194362504132 0.2864061900380529 0.1153207260788535 0.3606636870786777 0.17275853175731692 0.38630598943611766
1 0.5636394959008417 0.23780951717624008 0.5358919359569757 0.19343841474115758 0.4736082738580377 0.23238763062197226 0.5013558338019036 0.27675873305705484
1 0.4830584731461741 0.2781907718011226 0.45840428741521266 0.21882513376660886 0.41895672384874894 0.23520746521289243 0.44361090957971017 0.29457310324740615
0 0.5676988222175828 0.11603746745550839 0.5608058679687501 0.11504668906250008 0.5553932134396306 0.15270312192098906 0.5622861676884633 0.15369390031399735
0 0.530868472267884 0.4615951673053808 0.5213523186175271 0.4602579218484368 0.5015087822059832 0.601469200958133 0.5110249358563401 0.6028064464150771
0 0.5382043178554082 0.410040749570762 0.53332782421875 0.40966129765625003 0.5323762330605134 0.4218905895648442 0.5372527266971716 0.4222700414793561
0 0.5056840713871078 0.6091045238640211 0.4999276067437098 0.608232096915107 0.496437486137852 0.6312606793010861 0.5021939507812501 0.6321331062500002
0 0.5013486628142945 0.6363824434224036 0.49585090258833997 0.6357968143016547 0.49230368437500005 0.6690973359375001 0.49780144460095455 0.669682965058249
0 0.49503565468750005 0.7051455046875 0.4880262445312501 0.7044060765625001 0.48623188535272543 0.7214157074173061 0.49324129550897544 0.722155135542306
0 0.48270738917829836 0.8225740328436337 0.47772633359375016 0.8220295640625002 0.4765025241029518 0.8332255468438664 0.4814835796875001 0.833770015625
1 0.52342383101398 0.11866922267351425 0.5076660437839775 0.061623509747852065 0.4261957106773683 0.08412813119634417 0.4419534979073708 0.14117384412200634
0 0.4815997206485698 0.12557291057749698 0.4736115717675757 0.12487403795169456 0.47102740344050964 0.15441121048932496 0.4790155523215038 0.15511008311512736
0 0.4937311214440179 0.22376268630319301 0.49083066527777985 0.2055154455082175 0.4845793139378479 0.20650911741428554 0.48747977010408594 0.22475635820926104
0 0.5063316058120233 0.3306531375180145 0.493196459688367 0.2373158489741211 0.4864728805956763 0.23826204309690113 0.49960802671933263 0.3315993316407945
0 0.5521968404037804 0.5483851170132221 0.5231234855619757 0.3930092831768182 0.5135038541755574 0.3948092732385879 0.5425772090173621 0.5501851070749917
0 0.585519028829516 0.8214860934972075 0.5599383970769881 0.5615722918593935 0.5476350546875 0.5627831828125001 0.5732156864400278 0.8226969844503141
0 0.6141091927100824 0.48732387740532523 0.6088829025569062 0.4654516729996058 0.6020153045879846 0.46709266258507076 0.6072415947411607 0.48896486699079017
0 0.6360864718749999 0.5541410367187499 0.6252055275699633 0.5198400997244026 0.6197057719712378 0.5215847323672632 0.6305867162762745 0.5558856693616105
0 0.698773871097498 0.7048621302584714 0.6518563928441553 0.6007350279445096 0.6414126529966573 0.6054407570610382 0.6883301312500001 0.709567859375
0 0.7122634099678476 0.7435320758117817 0.6994734409652466 0.7185067919059839 0.6931118533034525 0.7217580840514779 0.7059018223060536 0.7467833679572757
0 0.7791340380864206 0.8730805155079867 0.7339223287550857 0.7962446857862817 0.727003762414142 0.8003157059279168 0.7722154717454769 0.8771515356496218
0 0.5332068828125001 0.5215872320312501 0.5303529352827928 0.5064591672468873 0.5235015380202678 0.5077517005993778 0.526355485549975 0.5228797653837406
0 0.604504958491928 0.7892159142229443 0.5990866311890739 0.762488317533313 0.5939807501151136 0.7635234025486034 0.5993990774179678 0.7902509992382348
0 0.6312853495908127 0.9394912490332821 0.6133447640510837 0.8297293848407122 0.607049267585271 0.8307583842449299 0.624989853125 0.9405202484374998
0 0.3940962674878548 0.25170923974748716 0.37719682612873096 0.20367823123388265 0.3718314547346261 0.20556600711139544 0.38873089609375 0.2535970156249999
0 0.5956261339357282 0.7916132443458557 0.5773768471696266 0.7388452850738917 0.5722486677140387 0.7406188161856543 0.5904979544801403 0.7933867754576183
0 0.3559367650000871 0.30642554962736673 0.3446541713433398 0.2660237748194256 0.33820603134325267 0.26782448144205895 0.34948862499999994 0.3082262562500001
0 0.36971653890211104 0.3522105574385533 0.35875510506211744 0.3200290861855627 0.35145099463655927 0.3225169625961952 0.36241242847655286 0.3546984338491858
0 0.40531572265625 0.47836998984375 0.39513368268111515 0.40482032030899384 0.37821235781250007 0.40716286796875006 0.38839439778763485 0.4807125375035062
0 0.45487593598231546 0.6361617605470308 0.44246815234375003 0.6037874015625 0.43749164917393457 0.6056946941404693 0.44989943281250006 0.638069053125
0 0.4752466845933373 0.7016023904303154 0.4598520610513342 0.6563267324769657 0.4528608147392467 0.6587038951716504 0.46825543828124994 0.703979553125
0 0.5259170266688153 0.9015309714036353 0.5101017720147872 0.8334134471182558 0.5041271000334719 0.8348006225896208 0.5199423546874999 0.9029181468750002
0 0.3055796820578979 0.2808460248445665 0.29182184320550725 0.26121784758032685 0.28665901484375006 0.2648365921875001 0.3004168536961407 0.28446476945173976
0 0.338334984375 0.31934363984375 0.33025056780191964 0.309015113092696 0.3261510492635512 0.31222391686617257 0.33423546583663155 0.32255244361722657
0 0.4117711817587388 0.4073383059207526 0.39673146963013367 0.39118062273299803 0.39255100546875 0.3950718351562501 0.40759071759735505 0.4112295183440047
0 0.42989338661929954 0.4315963997250787 0.4173323110013853 0.41668774608665765 0.41311524156958573 0.42024077839282903 0.4256763171874999 0.43514943203125006
0 0.44259617986162353 0.4455888706278438 0.43293283103449365 0.43777689773873335 0.4306561483923284 0.44059313620399765 0.4403194972194583 0.44840510909310816
0 0.4794376027370517 0.47662957504782 0.4731038380533133 0.46320114091872683 0.4685780203124999 0.46533582500000004 0.4749117849962383 0.47876425912909315
0 0.5004649999999999 0.5314655453125 0.47557040307063503 0.5027920232342453 0.47197994414844124 0.5059092903566977 0.49687454107780615 0.5345828124349523
0 0.513639249462017 0.5499070917576381 0.5027754268046609 0.536423831253775 0.498169228123894 0.540135168402387 0.50903305078125 0.55361842890625
0 0.5595453194810436 0.6186473914686446 0.5472824015625 0.6029319867187501 0.5436022438002063 0.6058036577501056 0.5558651617187499 0.6215190625000001
0 0.59087041171875 0.6556509085937502 0.5766362464148493 0.6384799223772365 0.572632215625 0.6417991281250002 0.5868663809289008 0.6589701143415139
0 0.62437575078125 0.6988467328125 0.5976751945312501 0.6645267039062501 0.5940247552786734 0.6673667003079689 0.6207253115286733 0.7016867292142187
0 0.6111522057975312 0.7032758112877076 0.56765772265625 0.66161068046875 0.5631095591495203 0.6663585359795561 0.6066040422908014 0.7080236667985137
0 0.5637922678967195 0.6589175482364962 0.4301546109654886 0.5276876733841938 0.42289489140625014 0.5350805929687501 0.556532548337481 0.6663104678210525
0 0.4128902130936167 0.5164069785188594 0.31295786688258276 0.3965546208841761 0.2995873047680583 0.40770293426435555 0.3995196509790922 0.5275552918990389
0 0.2617154732663208 0.35516284582816066 0.2403292222778322 0.3330700370005625 0.2355507078125 0.33769572812500004 0.25693695880098855 0.3597885369525982
0 0.523262802891093 0.6550011402041789 0.4143467728282859 0.535173371851182 0.4079879434330117 0.5409531544766892 0.5169039734958186 0.6607809228296861
0 0.55002837734375 0.68336152734375 0.5272945858418883 0.6616395644132153 0.5227077247226782 0.6664400856490532 0.5454415162245401 0.688162048579588
0 0.6016302914062501 0.7414380273437501 0.5768038722112988 0.7125214452965825 0.5718459958277042 0.7167780450985609 0.5966724150226554 0.7456946271457285
0 0.6772899005947337 0.8246749980251993 0.622134767444285 0.7657658898884273 0.6171500051308012 0.770432998894478 0.6723051382812499 0.8293421070312498
0 0.28375684062500006 0.4829414226562501 0.27332510776410535 0.46779296415097943 0.26957256640625 0.4703770890625001 0.28000429926714465 0.4855255475677708
0 0.23185797681361472 0.41430450245411626 0.22036144448066963 0.40016534749399096 0.21708665204205485 0.40282807785237473 0.228583184375 0.41696723281250014
0 0.37770750166719214 0.6141358902964357 0.35508539247585397 0.5865771362887698 0.3497605431524118 0.5909481366173341 0.37238265234374995 0.6185068906250001
0 0.4215232249999999 0.669782428125 0.39777369261201645 0.6399255136383258 0.39203802010003935 0.6444879254759879 0.4157875524880229 0.674344839962662
0 0.48597735352128923 0.7547093279995492 0.4426124307224121 0.7014247520953714 0.43424576263490755 0.7082338504046255 0.4776106854337847 0.7615184263088033
0 0.5179749319276149 0.7947680780479566 0.5033450296875001 0.7765498804687501 0.49887646104113514 0.7801383102332936 0.51350636328125 0.7983565078125001
0 0.5979196054687501 0.8922900664062501 0.5313562209031466 0.812607760815769 0.524943328682848 0.8179648323497093 0.5915067132484515 0.8976471379401904