1 0.6423555837484145 0.11499344124033369 0.5760276732678138 0.08670905902774954 0.551956893725371 0.14315591718041176 0.6182848042059719 0.1714402993929959
1 0.4310311154921675 0.06327690923308417 0.3526065624848024 0.06042982473818883 0.34994323386120996 0.13379271831983547 0.428367786868575 0.13663980281473082
0 0.5902004783591118 0.15839745417520606 0.5814584765625 0.15477730468750006 0.5726454373129435 0.17605918965243683 0.5813874391095553 0.17967933914014284
0 0.5720525663249456 0.19690453492284155 0.5645302485250058 0.19430794119627642 0.5428232862233295 0.25719289205862134 0.5503456040232693 0.25978948578518646
0 0.54708590078125 0.2624884500000001 0.5411362657807027 0.26045982787358185 0.5317568173432028 0.28796829974858185 0.53770645234375 0.28999692187500004
0 0.52501330546875 0.3207181835937501 0.5176080949345834 0.3179258224145586 0.512869668269477 0.33049190710206366 0.5202748788036435 0.3332842682812551
0 0.5189942891108066 0.33619841216806 0.5086317671874999 0.33246431562500006 0.4970580892082756 0.3645825242492265 0.5074206111315822 0.36831662079228644
0 0.5047014265022811 0.376432425167259 0.496288836171887 0.37413300111420594 0.4841111705046126 0.4186857717539934 0.49252376083500665 0.4209851958070464
0 0.4817381298393677 0.44526268792249224 0.47140971665256226 0.44124895539635867 0.42940036338071075 0.5493503187724889 0.4397287765675161 0.5533640512986224
0 0.43142471838029445 0.5932157202525122 0.41398428515625 0.5828875625000001 0.29662239355366826 0.7810683303183957 0.31406282677771274 0.7913964880709079
0 0.5744928162007163 0.7715586441575133 0.5500651119504828 0.6486091943776298 0.5401989274313896 0.6505694165497673 0.5646266316816232 0.7735188663296508
0 0.5499725399023934 0.6465015431944916 0.5273515902089121 0.5167239521524383 0.5174152040774288 0.5184559190429507 0.5400361537709101 0.648233510085004
0 0.5190619845192551 0.49251461200000757 0.5152757111069901 0.4797562247697698 0.50887445078125 0.48165591015625 0.512660724193515 0.4944142973864877
0 0.5096468393138777 0.459070601719889 0.5010007632812499 0.41123773984375 0.49138131837968924 0.41297651207581787 0.500027394412317 0.46080937395195687
0 0.49588588570453496 0.39123360835803805 0.489220234375 0.36465327421874993 0.48273011885862555 0.3662808251326647 0.4893957701881604 0.3928611592719528
0 0.48158625859375004 0.34687840156250005 0.47109004912828645 0.31996326080254756 0.46517480312500004 0.32227005390625 0.4756710125904636 0.34918519466620246
0 0.46364795699820005 0.29250775043943317 0.43224227885943145 0.18382192103357525 0.4240886003165102 0.18617799454716774 0.4554942784552787 0.29486382395302557
0 0.4168755046874999 0.15324030156250001 0.40400982890624987 0.11976680546874999 0.3982660545831827 0.12197444873356715 0.41113173036443273 0.1554479448273172