1 0.5130622287508817 0.1032755655232018 0.49053440816941424 0.04175728698244345 0.4226447803550427 0.06661827774848812 0.44517260093651007 0.12813655628924647
1 0.7170232771564587 0.18589373157796577 0.6503571185806972 0.1394294380148408 0.6092184749681361 0.19845444686256586 0.6758846335438976 0.2449187404256908
1 0.7309921233511262 0.23137705168219394 0.6754656387636244 0.21384237404513518 0.6561695109915946 0.2749467846028534 0.7116959955790964 0.29248146223991217
1 0.7917212633304096 0.25157173047617276 0.729423383045832 0.21947888356455264 0.7025171709192553 0.27170859028359134 0.764815051203833 0.30380143719521147
1 0.8172242073928123 0.2746635914492235 0.7789369273274502 0.263088366692092 0.7707414957349551 0.2901963314376629 0.8090287758003172 0.30177155619479434
1 0.8652028756624619 0.3257990942992528 0.850187914129976 0.2687422453619247 0.8014330798275905 0.2815724660139121 0.8164480413600763 0.3386293149512402
1 0.8958454335386163 0.3925784101192178 0.8667598390197384 0.3169558592074412 0.8074651531866512 0.3397615060478581 0.8365507477055292 0.41538405695963476
1 0.5498110609760727 0.23773616145616722 0.4917983468215545 0.19132600557843235 0.45906046264314443 0.232248374420916 0.5170731767976626 0.27865853029865095
1 0.602406906622886 0.2420991700154814 0.5627725244471948 0.22408354284395382 0.5366534828727907 0.28154543778474067 0.5762878650484817 0.2995610649562682
0 0.47297640859375 0.11121197187500007 0.466319999921458 0.11099307563855124 0.4650647178902079 0.14916490688855122 0.4717211265625 0.14938380312500005
0 0.48974362969137397 0.6007913240464878 0.4786183329028527 0.45871674113122546 0.47035146416141804 0.45936408681666074 0.4814767609499393 0.6014386697319232
0 0.47467253515624996 0.4071003523437501 0.4698098274205676 0.40698726624700815 0.46952461648306765 0.41925135062200825 0.47438732421875 0.4193644367187502
0 0.4909983887565912 0.607916137041554 0.485126039465423 0.6078631530300627 0.48491343538770454 0.6314265898093364 0.4907857846788727 0.6314795738208278
0 0.49292922499999997 0.66912464765625 0.49217429609375 0.6356440140624999 0.48664865345098773 0.6357686075038084 0.4874035823572377 0.6692492410975583
0 0.49411302812500013 0.7046718312500001 0.4870799687754446 0.7044133087780032 0.48645074377544456 0.7215312665905032 0.49348380312500006 0.7217897890625
0 0.4941221828125001 0.8227454226562504 0.4895468406441217 0.8219955649871741 0.4876077398039854 0.8338272101226355 0.4921830819723638 0.8345770677917118
1 0.6079308646420993 0.08919996387131589 0.5272977515607523 0.06485789072390519 0.5098302049250882 0.12271913592672098 0.5904633180064353 0.1470612090741317
0 0.55898239453125 0.12860140859375008 0.5509637320312499 0.12860140859375008 0.5509637320312499 0.1582514085937501 0.55898239453125 0.1582514085937501
0 0.5408165492187501 0.20893873203125007 0.534704597189216 0.20745931590127245 0.5303643034479038 0.22539048929018798 0.5364762554774378 0.22686990542016564
0 0.5373247848312477 0.24072620354156715 0.5298926170379272 0.2388086462570434 0.5063491704879295 0.3300595552154763 0.5137813382812499 0.33197711250000006
0 0.4961201549414387 0.394162314177124 0.48695883929276756 0.3914528967034322 0.44210163741942204 0.5431279299783618 0.45126295306809316 0.5458373474520537
0 0.44707429609375005 0.55839260546875 0.4350200853617651 0.5560834172106655 0.38587446683634535 0.8126288245351196 0.3979286775683303 0.8149380127932041
0 0.40122309912270976 0.458629694641669 0.39585002329184027 0.4562918508958518 0.3867776230725453 0.47714298537970523 0.3921506989034148 0.47948082912552226
0 0.3787538734375001 0.51102183125 0.3731895036403715 0.5087701575207424 0.3597126757812501 0.54207429609375 0.3652770455783787 0.5443259698230076
0 0.34854841064748043 0.5917916554284655 0.33865004368931906 0.5864345287762573 0.2842231119480886 0.6869992116290419 0.29412147890624996 0.69235633828125
0 0.2880856121966279 0.7039434657698695 0.28176692953266586 0.7001371990088531 0.26729876984932444 0.724155407797285 0.2736174525132865 0.7279616745583015
0 0.2477450662263138 0.7794353757126175 0.24120570941794287 0.7747346450766446 0.18917191116037912 0.8471207482702774 0.19571126796875005 0.8518214789062502
0 0.4762410559568394 0.5058963295232787 0.47034178995298037 0.5035832967776134 0.4645280396741647 0.5184109551577281 0.4704273056780238 0.5207239879033934
0 0.38357178797980307 0.7544780161392985 0.37854355048006577 0.7528412234680592 0.37012880468776277 0.7786913760787606 0.3751570421875 0.7803281687499999
0 0.3638014085937501 0.8199841546875 0.35762096505864116 0.8184551891071539 0.33091145802739125 0.9264213867634039 0.33709190156250013 0.92795035234375
0 0.6532500000000001 0.21781514062500013 0.6480850468984184 0.21548633741764212 0.6271561734609185 0.26190359132389207 0.6323211265625001 0.2642323945312501
0 0.4071690332847573 0.7334711898349658 0.40212073396699954 0.7311592373925372 0.37887670068224244 0.7819141038075714 0.3839250000000002 0.78422605625
0 0.68116338046875 0.2827151406250001 0.6749926643162133 0.2804401586613046 0.6604821010349633 0.31979896178630457 0.6666528171875 0.3220739437500001
0 0.6648068426123489 0.3372268979571808 0.6570271670987577 0.3325129412167618 0.6394953244864088 0.3614466065408311 0.6472749999999999 0.36616056328125013
0 0.6294154929687501 0.41813063359375013 0.6188535743258331 0.4136276164714737 0.589006779476488 0.4836338834676903 0.599568698119405 0.48813690058996667
0 0.5528769826307148 0.6106163424141939 0.548075087193463 0.6083145756009726 0.5330745131564982 0.6396084441242789 0.5378764085937501 0.6419102109375002
0 0.5306250000000001 0.6611056335937502 0.5240779266072388 0.6586570389922549 0.5072987016072388 0.7035214757110049 0.5138457750000001 0.7059700703125001
0 0.46645260379750386 0.8330609868077253 0.46061817148452483 0.831182732430705 0.43918246924952103 0.8977685768729795 0.44501690156250007 0.8996468312499999
0 0.7330249999999999 0.28432535234375 0.7291049650339871 0.27989720289626074 0.7109602470652371 0.2959598786775107 0.7148802820312499 0.30038802812500004
0 0.68878661953125 0.3273742960937501 0.6842875758836549 0.3240328740301714 0.6767950703124999 0.33412112656250004 0.681294113960095 0.33746254862607866
0 0.6161852109374999 0.4048359156250001 0.6131981419709565 0.4010054344252988 0.5957463818147064 0.4146145891127988 0.5987334507812501 0.4184450703125001
0 0.5922664427101172 0.4265701883230534 0.5881645064647902 0.4232000590970729 0.5755910215671729 0.43850381452401976 0.5796929578125 0.4418739437500002
0 0.574337116205051 0.44713524400570376 0.5726501786044071 0.4440109727320719 0.5617401748993562 0.4499017849763682 0.5634271125000001 0.45302605625000003
0 0.5343235914062501 0.46820633828125013 0.5306209696996366 0.4654438229190524 0.5216854064183865 0.4774202307315524 0.525388028125 0.4801827460937501
0 0.5265860457581444 0.5074682184545376 0.5231004164916471 0.5040980440172623 0.4967943664062499 0.53130528203125 0.5002799956727473 0.5346754564685253
0 0.49677499999999997 0.5386517609375001 0.49251355198511454 0.5354662504984201 0.48206672073511453 0.5494416020609202 0.48632816874999996 0.5526271125000001
0 0.44710108256631875 0.6012567870861194 0.4437372124566331 0.5982502690322693 0.4303924681715645 0.6131811577273998 0.4337563382812501 0.61618767578125
0 0.41528556328125 0.6349292250000002 0.41168335360548064 0.6312134690392834 0.3955929422279578 0.6468121886979459 0.3991951519037272 0.6505279446586625
0 0.3917246380432131 0.6586030821166888 0.3883570421875 0.65538767578125 0.3583315460217479 0.6868343191927179 0.361699141877461 0.6900497255281566
0 0.4226220125262146 0.6603755294170145 0.41851443671875 0.6550989437500001 0.37100077131308656 0.6920861159216406 0.37510834712055113 0.697362701588655
0 0.573754225 0.54166725390625 0.5674706256532319 0.5338592408689824 0.421525427255739 0.6513105244333535 0.427809026602507 0.6591185374706211
0 0.7084931632822815 0.4271367539700833 0.6988170337940294 0.4163922925075335 0.5829919100090045 0.5207008145905727 0.5926680394972567 0.5314452760531225
0 0.7776890251903343 0.3614875411507701 0.7739970250208854 0.3568521039499725 0.7499294787368009 0.37602125264295255 0.75362147890625 0.3806566898437501
0 0.5864658762707565 0.5470313628366692 0.5808689447796911 0.541174647146351 0.4637966611128917 0.6530539982763436 0.4693935926039571 0.6589107139666618
0 0.46263626796875 0.66353274609375 0.45840577686205475 0.6583871036642894 0.4341809859375 0.67830352109375 0.4384114770441953 0.6834491635232106
0 0.4094105632812501 0.709565140625 0.40481973812839145 0.7049129810514161 0.37771373203124997 0.73166161953125 0.3823045571841086 0.736313779104834
0 0.3597008580211616 0.7591608984635299 0.355139401990689 0.7540796063030596 0.2950850228757774 0.8079901867457797 0.29964647890624996 0.81307147890625
0 0.73213239453125 0.4905728875000002 0.728745874547618 0.4877124764172291 0.716845732870542 0.50180138407117 0.720232252854174 0.5046617951539412
0 0.78983838046875 0.4274021125000001 0.7867652669439572 0.4246284444863635 0.7745476614752074 0.4381650640176134 0.7776207750000002 0.44093873203125006
0 0.6413912146837478 0.6033127119735842 0.6364218276707873 0.5985888111835649 0.6118337817370396 0.6244546203037309 0.6168031687500001 0.6291785210937502
0 0.5946115240915694 0.653000710517832 0.5892070028704801 0.6480097369377441 0.5633806335937501 0.6759760562500002 0.5687851548148394 0.6809670298300882
0 0.547683203381081 0.7136836623689997 0.5398360154102193 0.7055972818602967 0.4904824631117875 0.7534909719356937 0.49832965108264926 0.7615773524443966
0 0.4765436639373576 0.7789253401701194 0.47235751255802416 0.7750122289663735 0.45635539783941664 0.7921309028587539 0.46054154921875 0.7960440140625
0 0.4469507340479349 0.814036826945339 0.4409806594281155 0.808176993937215 0.36826267578125 0.8822630281249999 0.3742327504010694 0.8881228611331242