1 0.6960754422183835 0.20513336954225908 0.6319634679496818 0.11546719895363058 0.579828996422745 0.1527437311742586 0.6439409706914465 0.24240990176288707
0 0.6227605257812499 0.19548639140625004 0.6181676538569875 0.1923050069251257 0.5928470059520488 0.2288596873030304 0.5974398778763111 0.23204107178415478
0 0.5813520313931713 0.25751874412610487 0.5668877059869776 0.2496487620135203 0.3807597972500564 0.5917352624186655 0.39522412265625 0.5996052445312501
0 0.3848551761254411 0.6336824340931824 0.37484559356989655 0.6291308922117578 0.3020461846319554 0.7892286596810755 0.31205576718749994 0.7937802015625002
0 0.42517914140528423 0.6857245654423619 0.4144304144708445 0.6804814239359662 0.35019499259681036 0.8121675530248543 0.3609437195312501 0.81741069453125
0 0.4697359727723397 0.624552446122189 0.46057562735099233 0.6178570767596017 0.41794177020365264 0.6761870712624127 0.427102115625 0.682882440625
0 0.558342108887524 0.5023701808289434 0.5506478859375 0.49625475859375 0.47958585244137836 0.5856626699321813 0.48728007539140233 0.5917780921673748
0 0.5971723226562501 0.44949006640625006 0.590294057344624 0.44287979951900713 0.5588424231994169 0.47560656953073366 0.565720688511043 0.4822168364179766
0 0.6384962025718479 0.3923333394098087 0.633550909375 0.38841558359375006 0.6244425237909521 0.39991288954590476 0.6293878169878001 0.4038306453619634
0 0.6558185472916881 0.36537764598828326 0.6493533243757171 0.3617770618977012 0.637547915874185 0.3829748997085566 0.644013138790156 0.38657548379913864
0 0.7144813571728381 0.29294531949910574 0.7090331723046366 0.2888318573232308 0.6813779272672922 0.32546058541085887 0.6868261121354937 0.32957404758673375
1 0.7980773862249712 0.2249047042974334 0.7420955617057876 0.18149653868116516 0.7041723894748487 0.23040458035725822 0.7601542139940323 0.27381274597352645
0 0.7387641843750001 0.25771221484375 0.7336842835937503 0.25364198671874993 0.7254692190784577 0.26389490409036603 0.7305491198597077 0.2679651322153661