1 0.7397887319577203 0.2394366238878678 0.6904929615808824 0.1408450702665443 0.6331690174301471 0.16950703860110305 0.6824647878069852 0.26809859222242655
0 0.66888556328125 0.2184394367187501 0.6648469155806501 0.21457873700702318 0.6341195948007571 0.2467223463730571 0.638158242501357 0.25058304608478404
0 0.6182828783715794 0.2732303520376364 0.6052277690640298 0.26319454332853065 0.36787728522370033 0.5719525717596442 0.38093239453124994 0.58198838046875
0 0.36536025978120773 0.6140239623637455 0.356185929845059 0.6079626138776738 0.2592379942826013 0.7547009757326781 0.26841232421875005 0.7607623242187499
0 0.3970465871233526 0.6717334264088783 0.38725040254996623 0.6648733651505105 0.3032055763641136 0.7848895863978825 0.31300176093750004 0.7917496476562503
0 0.45062427834728747 0.6182846618886693 0.4426240985025177 0.6102387298175203 0.39139031312398015 0.661181180428851 0.3993904929687499 0.6692271125
0 0.5572530418448356 0.5114677158452843 0.5506102109375 0.5042239437500001 0.46643659154596895 0.5814145446028884 0.4730794224533046 0.5886583166981725
0 0.6038774648437499 0.4653130281250001 0.5981179559657288 0.45770814666791476 0.5619339481617189 0.48511187614951207 0.5676934570397401 0.49271675760659744
0 0.6536387010284578 0.4151252525719249 0.6493623242187498 0.4106813382812501 0.6387275479793422 0.42091517888030694 0.6430039247890502 0.42535909317098175
0 0.6749597380781942 0.39141046133115004 0.6691373677806968 0.3868428225819048 0.6541612315043807 0.40593290737481985 0.6599836018018781 0.4105005461240651
0 0.7442312239208194 0.32904678288363753 0.7394936025756932 0.32413168038118717 0.706448844207942 0.3559832139981454 0.711186465553068 0.3608983165005958
1 0.8374419444053849 0.27492116039810083 0.7889398825038165 0.22328993478029754 0.743832703878258 0.26566334629093896 0.7923347657798263 0.3172945719087422
0 0.7737267609375 0.2980461265625001 0.769464079254285 0.2931290827795799 0.7595341495667849 0.3017375335608299 0.76379683125 0.3066545773437501