1 0.7615858575051194 0.26132711274288467 0.7210704941770605 0.158814318844527 0.6614666301094161 0.18237110738402595 0.701981993437475 0.2848839012823836
0 0.6927825226562498 0.23423020625000013 0.6890957255377727 0.230032206479645 0.655683831321934 0.25937543707906024 0.6593706284404114 0.26357343684941537
0 0.6375970532227064 0.2844023114928259 0.6254663009714043 0.2732668643445334 0.3621089719674479 0.5601635169142074 0.37423972421875 0.5712989640624999
0 0.3559347613017048 0.6018554398902796 0.3473236241263077 0.5950175614568238 0.23795551438710297 0.7327479707852944 0.2465666515625001 0.7395858492187501
0 0.3824708011389764 0.6621069478725261 0.3733097876428889 0.6544191974266614 0.27912467478516256 0.7666537315853854 0.28828568828125 0.7743414820312501
0 0.4405029801244549 0.613531175000209 0.43323449232178524 0.6048185984212269 0.3777557403223303 0.6511018796710181 0.3850242281249999 0.6598144562500001
0 0.5560356986076253 0.5164140074974014 0.5500494828125 0.508618840625 0.4594685662251151 0.578179495642162 0.46545478202024027 0.5859746625145634
0 0.6065053484375 0.4744985398437499 0.6014305654306467 0.466420623273084 0.5629958562687934 0.49056642958609065 0.5680706392756469 0.4986443461567565
0 0.6604291958400399 0.42903676252513795 0.6565785898437501 0.42403900703125 0.6449593132145481 0.43299127696835926 0.648809919210838 0.4379890324622472
0 0.6837581652159248 0.4070724223506591 0.6783560467742822 0.402014712226169 0.6617730887349996 0.4197268984203161 0.6671752071766421 0.4247846085448062
0 0.75820140519581 0.3509834647842641 0.7539101913315639 0.34567415500264537 0.7182151344666424 0.3745244442500558 0.7225063483308886 0.37983375403167463
1 0.8557747894854837 0.3051876557262826 0.8119572497408148 0.2495256699556872 0.7633286317939855 0.2878064889044632 0.8071461715386542 0.3434684746750586
0 0.7902865875 0.3226714812500001 0.7864686752694909 0.3174016311311935 0.775826256519491 0.3251118733186935 0.77964416875 0.33038172343750005