1 0.7972476725709787 0.2617306491439146 0.7483392189200766 0.1994553370515138 0.6979121237989242 0.23905869127996207 0.7468205774498264 0.3013340033723629
1 0.7193931909279013 0.193356188209 0.6361975737515784 0.16231296059813996 0.6102135419304698 0.23194997100133916 0.6934091591067928 0.2629931986121992
1 0.6199250445726633 0.1486384157022537 0.5889203416581636 0.10708225486917496 0.5326325313156985 0.14907811787456252 0.5636372342301981 0.19063427870764124
1 0.5506244863459668 0.1300936020473457 0.4791229366515247 0.11300156051551773 0.46586603529835074 0.16845947577585513 0.5373675849927929 0.1855515173076831
1 0.5241725503936521 0.1756038186776972 0.45891872560270813 0.15726341865573917 0.44425290927287764 0.2094433388350787 0.5095067340638216 0.22778373885703668
1 0.49580896274131614 0.2825643180901491 0.4910251848652333 0.21530851899623596 0.4497273061962903 0.21824595905296293 0.4545110840723732 0.28550175814687606
1 0.5283836907980408 0.3169610906337499 0.49867846236411123 0.2672557193294723 0.4744031348190044 0.28176328925831423 0.5041083632529341 0.33146866056259183
1 0.44826224601336406 0.1305198637277973 0.3604951636161347 0.12945495111033792 0.3597672631921209 0.189446442847768 0.44753434558935024 0.1905113554652274
1 0.42535353462893655 0.23599411846814147 0.42011866817397714 0.18354051827077406 0.3474957706329316 0.1907882795067828 0.3527306370878911 0.24324187970415018
1 0.36007531939930637 0.2271152990952286 0.34929459856225253 0.17117758177596404 0.27302223286097765 0.1858773428962474 0.28380295369803155 0.24181506021551197
0 0.716039803125 0.3397384445312501 0.709255550503568 0.336138212804605 0.6826047604384542 0.38635878361518683 0.6893890130598861 0.38995901534183186
0 0.68507403515625 0.40796725624999997 0.6812319600099421 0.40688838018467577 0.67641701484375 0.4240352812500001 0.6802590899900579 0.42511415731532437
0 0.6615710631362827 0.47308839137064673 0.65596896484375 0.47102296171875013 0.6356384980055121 0.5261656161569196 0.6412405962980448 0.5282310458088162
0 0.6274296656705388 0.5729078808863328 0.6221639117956915 0.5716554167930397 0.61621698515625 0.5966581710937501 0.6214827390310973 0.5979106351870433
0 0.61774008203125 0.6190237953125002 0.6113045504145085 0.6171057985021672 0.5920398062500002 0.6817455671875001 0.5984753378667419 0.6836635639978332
0 0.5904698140625001 0.7071744664062501 0.5795226253175286 0.7038364635836144 0.51245648984375 0.9237840437500001 0.5234036785887215 0.9271220465726356
0 0.65083769921875 0.24231008046875008 0.6438795293321202 0.2381519353514912 0.6150903465196201 0.2863272681639911 0.6220485164062499 0.29048541328125005
0 0.6167580559401411 0.3078356445965904 0.6081555731001627 0.3045648066788784 0.5985517405975216 0.32982341208228816 0.6071542234375 0.3330942500000001
0 0.5938079703125001 0.3797137023437501 0.5867178639566238 0.37768891789121656 0.5685046976562501 0.44146523046875014 0.5755948040121264 0.44349001492128365
0 0.5600811945581761 0.4904277555303441 0.5538766765625 0.48726411875000003 0.5459141956447605 0.5028801200720512 0.5521187136404366 0.5060437568523952
0 0.5469684930885583 0.5257073071665733 0.5341268920076326 0.5207491529444553 0.4768835223565745 0.669009268434132 0.4897251234375001 0.6739674226562501
0 0.46730969765625013 0.73483722890625 0.4548524459412057 0.7310890444619716 0.41211537719120556 0.8731275249307217 0.42457262890624997 0.8768757093750003
0 0.4272988300062347 0.9386673212782595 0.42247245758070173 0.7392305381513188 0.41364842414359826 0.739444079861103 0.4184747965691312 0.9388808629880439
0 0.42308992965231196 0.6901303771263216 0.41717410468750005 0.5122030242187501 0.4063119842281428 0.5125641738808688 0.4122278091929548 0.6904915267884404
0 0.42048827133597266 0.4982107832449919 0.41067264562501593 0.42596925610727643 0.4025789715641256 0.42706896258298166 0.4123945972750823 0.4993104897206971
0 0.4081676234375 0.4137793562499999 0.40627381015625 0.3479156437499999 0.3985746959149958 0.348137020351022 0.40046850919624577 0.41400073285102207
0 0.3784629416625249 0.3391922131936439 0.3730013331991202 0.3303848406339443 0.36907354856784524 0.3328205297840504 0.37453515703124995 0.34162790234375
0 0.3415522703125 0.2585944765625 0.3276722656370915 0.230232708119324 0.321969921875 0.23302338593750002 0.3358499265504086 0.26138515438067605
0 0.36498930156249987 0.303705859375 0.3513733612260481 0.2818963753861271 0.3452999902885005 0.28568805869092145 0.35891593062495225 0.3074975426797943
0 0.40367639104696773 0.3951152807470558 0.3960206129109155 0.37871185681679476 0.39164439296875 0.38075431875 0.3993001711048022 0.39715774268026105
0 0.48519088045910275 0.5639263364501912 0.4224025194769173 0.42815084457787905 0.41237662899248606 0.43278724266580754 0.4751649899746715 0.5685627345381197
0 0.5400072778905486 0.7254119505842966 0.5292005568570423 0.6850369251930231 0.5233415742187499 0.6866051320312501 0.5341482952522563 0.7269801574225235
0 0.53848457421875 0.7539943007812498 0.5293179711572806 0.707039046851773 0.5234029726562499 0.7081937726562499 0.5325695757177193 0.7551490265857268
0 0.5504722189909023 0.7578093829810991 0.5414805387591457 0.7275794997412744 0.5365201671875 0.7290549296874999 0.5455118474192565 0.7592848129273245
0 0.5792524218749999 0.8504581617187499 0.5636354781249999 0.8005303601562502 0.5592506408818466 0.8019018957423606 0.5748675846318465 0.8518296973048602
0 0.5560564853183416 0.8122336304119526 0.5516245147560299 0.7883158262034374 0.5469344567814384 0.789184894228985 0.5513664273437501 0.8131026984375002
0 0.5591718612034992 0.9522869083576596 0.5574040350027911 0.8249430980587041 0.550936479268042 0.8250328826697944 0.5527043054687499 0.9523766929687498
0 0.5482746159906745 0.8072768341303135 0.5420232875 0.7799617546875002 0.5371378121478637 0.7810798444709561 0.5433891406385382 0.8083949239137695
0 0.5492274482759737 0.7028683473073274 0.5475761318191291 0.6880291947100489 0.5414085078125 0.688715534375 0.5430598242693446 0.7035546869722786
0 0.5463268609374999 0.6747839539062499 0.54068993046875 0.6375661296875 0.5337051268501422 0.6386240328068374 0.5393420573188921 0.6758418570255873
0 0.5371311924824822 0.60397426574946 0.5362663632163194 0.5905036189870738 0.5305556296874999 0.5908702539062501 0.5314204589536626 0.6043409006686362
0 0.5280294330676124 0.5527780091689012 0.52462053984375 0.53923128515625 0.5198792544323876 0.540424380674849 0.5232881476562501 0.5539711046875001
0 0.4877957593065392 0.3261827040154478 0.4800435250746119 0.28998220979469985 0.47375265468750005 0.29132938203125003 0.4815048889194273 0.327529876251998
0 0.4902920530041506 0.5373170901873001 0.4786687128886734 0.48121612127499863 0.4719713 0.48260373203124995 0.48359464011547704 0.5387047009435515
0 0.5253706326022796 0.46462932613032815 0.5163788503894408 0.4627605691409561 0.4854634552857312 0.611514260165184 0.49445523749857 0.6133830171545561
0 0.46199851538520387 0.7946316219295632 0.4567890424295159 0.7936956978921128 0.44616005126306213 0.8528580228375497 0.45136952421875004 0.8537939468750002
0 0.7093931515625 0.791982009375 0.6733582902230001 0.6914479905443341 0.6651464515625 0.6943913968750002 0.7011813129019998 0.7949254157056659
0 0.7717102177320959 0.9242255186962212 0.7247883806312971 0.8396350331988206 0.7146610155147978 0.8452526221446991 0.7615828526155966 0.9298431076420997
0 0.8466980146914548 0.7817235775377324 0.8001874510331749 0.706115576345567 0.7951096183729701 0.7092392253703348 0.84162018203125 0.7848472265625002
0 0.8299011054687503 0.78491124140625 0.7944844765625001 0.7181794921875003 0.7883558273279391 0.7214321582449342 0.8237724562341893 0.7881639074636839
0 0.79093854765625 0.68467392578125 0.76919849453125 0.6466213125 0.7641922025024047 0.6494814854364008 0.7859322556274048 0.6875340987176509
0 0.7622072421875 0.6317317125 0.7492665085937501 0.6067130523437501 0.7431849486467177 0.6098586982983079 0.7561256822404677 0.634877358454558
0 0.7357668296875001 0.5857398835937502 0.7002184702382207 0.5182626780693994 0.6943683286169439 0.5213446512419145 0.7299166880662231 0.5888218567662653