1 0.8147348162292539 0.23256357301034858 0.75936301347479 0.1873302694736291 0.7211372758919651 0.23412384491659557 0.776509078646429 0.27935714845331505
1 0.8655826221166928 0.3812513767968443 0.8564899283272034 0.27577612318992517 0.7914981783503106 0.281378859956838 0.8005908721397998 0.3868541135637571
0 0.725610688394055 0.2947296921069861 0.7188714095191784 0.288801345487914 0.6694701990739536 0.3449600951932309 0.6762094779488301 0.35088844181230305
0 0.65201936640625 0.37799894375000004 0.6472177112309934 0.3712109839789017 0.6395057393559933 0.3766662652289018 0.6443073945312501 0.3834542250000001
0 0.641090140625 0.3865799296875002 0.636175814688574 0.3819279269053101 0.625735321719824 0.39295715190531005 0.63064964765625 0.3976091546875002
0 0.6305197759434282 0.40708814605076177 0.6249146436264175 0.4002820615187247 0.5947036708079892 0.425162225624213 0.600308803125 0.43196831015625003
0 0.596658803125 0.4390288734375001 0.5900773567852706 0.4312304277107229 0.5518022725395982 0.46353243017854223 0.5583837188793276 0.4713308759053193
0 0.5532657768796303 0.4851544625866066 0.5453798399726205 0.478084243697634 0.46534792728584823 0.5673497422495346 0.473233864192858 0.5744199611385071
0 0.45204754642829403 0.6050623827609101 0.44294175934746294 0.5970830247996938 0.3906994949504189 0.6567002193825338 0.39980528203125 0.66467957734375
0 0.39945561345315295 0.6648107318155061 0.388987692591806 0.6585340049543548 0.3111343492875708 0.7883727974536849 0.32160227014891773 0.7946495243148364
0 0.8090021125 0.34001971796874997 0.8063396008628263 0.33391573409499853 0.7748160094565761 0.3476660864387486 0.7774785210937499 0.3537700703125
0 0.7435397890625 0.37169331015625007 0.7399383521634042 0.36430486713175547 0.6712806613867548 0.3977715041688113 0.6748820982858504 0.40515994719330595
0 0.6572786922024999 0.41967131659411594 0.6538871152549105 0.4130159326621075 0.5750274599195497 0.45320273358337965 0.5784190368671392 0.4598581175153881
0 0.5514583202552308 0.4714811298017788 0.548470775 0.4664161968749999 0.521742781125076 0.48218167539904594 0.5247303263803067 0.4872466083258248
0 0.46005 0.5309845070312501 0.4549972777414899 0.5225706952001328 0.3809842496164898 0.5670175264501328 0.386036971875 0.57543133828125
0 0.3606 0.5971003523437501 0.3551704551005192 0.5888459796197966 0.2238313356192025 0.6752379648293664 0.22926088051868324 0.6834923375533201