1 0.8093126685083512 0.27749713029691503 0.7636139121268876 0.21283608181354863 0.7112887774850364 0.2498165149601029 0.7569875338665 0.3144775634434693
1 0.7351410174914903 0.2052585861026714 0.6536840941789022 0.16990377898269787 0.6240911523728804 0.23808545462038405 0.7055480756854686 0.2734402617403576
1 0.638149535886185 0.15539633643103085 0.609362204873956 0.11227446587426022 0.550953641398214 0.15126689892540415 0.579740972410443 0.1943887694821748
1 0.5685141569467314 0.13205395571999468 0.49676693780244047 0.11416536447585343 0.48296716757426283 0.1695132186019401 0.5547143867185538 0.18740180984608135
1 0.5411170075523843 0.17731348654099405 0.4769124733462625 0.15558309900805894 0.4595358691217591 0.2069239588352231 0.5237404033278809 0.2286543463681582
1 0.5071944107512154 0.2826429647256875 0.5059370857124568 0.21522897302854185 0.46454207093504235 0.21600102326988116 0.46579939597380104 0.2834150149670268
1 0.5379243084767064 0.3186974266876841 0.5108611678013466 0.2675055235530165 0.48585984114284153 0.2807227391476353 0.5129229818182013 0.3319146422823029
1 0.4676702549505916 0.1283184850311359 0.38007918830138737 0.12266164184892951 0.3762125626986798 0.18253281910546054 0.463803629347884 0.18818966228766695
1 0.4392728359351379 0.23244923433764067 0.4367903523271357 0.1797935492470169 0.3638876632992334 0.18323058990425217 0.3663701469072356 0.23588627499487588
1 0.3745487629542726 0.22016618625155 0.36671037108049376 0.16374091051937661 0.2897732080010938 0.17442873837750972 0.2976115998748726 0.2308540141096831
0 0.7241311695312499 0.35126472734375 0.7175446357568481 0.34731436901259083 0.6883020278902025 0.396071319197596 0.6948885616646041 0.40002167752875517
0 0.6896370187499999 0.41777941093750004 0.6858566738205597 0.41650093507229247 0.680150928125 0.4333723421875 0.6839312730544403 0.4346508180527076
0 0.6627580802668078 0.48158124892255705 0.65727175546875 0.4792254585937501 0.6340832073220455 0.5332285271913924 0.6395695321201033 0.5355843175201993
0 0.6234393243285676 0.5794771167106585 0.6182463361391853 0.5779507806848556 0.610999015625 0.6026080312500001 0.6161920038143822 0.604134367275803
0 0.6113494992187501 0.6250227171875001 0.6050231675384679 0.6227705392267853 0.582401840625 0.6863134828125 0.5887281723052821 0.6885656607732148
0 0.5795031546875001 0.7116253648437502 0.5687456652024027 0.7077190047294171 0.4902602757812501 0.9238551843750002 0.5010177652663474 0.9277615444893332
0 0.6641174296874999 0.25055747109375004 0.6573864167217442 0.24604086233076913 0.6261153862529943 0.2926434623307691 0.6328463992187501 0.29716007109375003
0 0.6266551486102363 0.31420964291634507 0.6182356372170934 0.3104930684166024 0.6073230331381072 0.33521443331275746 0.6157425445312501 0.3389310078125001
0 0.5999747078125001 0.3847880804687501 0.5930002872227267 0.3823950034564878 0.5714742875000001 0.44513070937500016 0.5784487080897734 0.4475237863872625
0 0.5604998281615521 0.4935852804866899 0.5544693851562501 0.4901012601562501 0.5457005384034399 0.5052791367326404 0.551730981408742 0.5087631570630802
0 0.5455587078456229 0.5281302175444512 0.5329941951196646 0.5225067806410622 0.4680699403990419 0.6675678240341109 0.4806344531250001 0.6731912609375
0 0.45506406796875015 0.7328045140625001 0.44282005270966057 0.7284095039973777 0.3927078339596605 0.8680166407161277 0.40495184921875005 0.8724116507812502
0 0.4100583472766296 0.7348452028895692 0.401235231353971 0.7345966377514375 0.39561727510385714 0.9340126926967962 0.40444039102651574 0.9342612578349279
0 0.41664895703125004 0.507851528125 0.4057828221461525 0.507643703457805 0.4023785425739133 0.6856368238982291 0.41324467745901083 0.6858446485654242
0 0.4206908799605712 0.49405191272465254 0.41466953532970585 0.42139567974514724 0.40652939901752516 0.42207028898468335 0.4125507436483905 0.49472652196418865
0 0.41436173906249996 0.34321882031250006 0.4066615900530624 0.34303695299644865 0.4051057673968124 0.40890951627769867 0.41280591640625 0.40909138359375
0 0.3870455342014692 0.333051835502877 0.3820523514549343 0.32397069553593955 0.37800247506596507 0.32619748347056265 0.38299565781249995 0.3352786234375001
0 0.35440360624999995 0.25063280078125005 0.3420269643012939 0.22158347789876903 0.33618638203125 0.22407189375000006 0.3485630239799561 0.2531212166324811
0 0.3754475703124999 0.29690895937500006 0.3629917094941007 0.2744167614461686 0.35672822111051594 0.2778853926484392 0.3691840819289152 0.30037759057727065
0 0.4092976411382532 0.3902178334641572 0.40251084366575185 0.3734362177735773 0.3980337273437501 0.375246846875 0.4048205248162514 0.39202846256558
0 0.48186552753791273 0.5630636793312451 0.42626915876471416 0.4241881731278016 0.4160143587052996 0.4282935021479056 0.47161072747849797 0.5671690083513491
0 0.5281552988073923 0.7271968505667299 0.5194764544466614 0.6863115770743972 0.51354342734375 0.68757099921875 0.5222222717044811 0.7284562727110828
0 0.5251387976562499 0.7556603375000001 0.518442205585791 0.7082896910431727 0.5124748796875 0.7091332671874999 0.519171471757959 0.7565039136443273
0 0.5369103485106947 0.7600975761915352 0.5295130999140306 0.7294385329592254 0.52448230859375 0.7306523351562502 0.5318795571904141 0.7613113783885599
0 0.56080224609375 0.8541256218749999 0.5478197242187501 0.8034489171875 0.5433691151428381 0.8045890885944889 0.5563516370178381 0.8552657932819887
0 0.5396386162441504 0.8147394949921042 0.5364644809023902 0.7906225179876625 0.5317353670019898 0.7912449362768081 0.53490950234375 0.8153619132812497
0 0.5403191575075066 0.8275020700309266 0.533855766061776 0.827253245865499 0.5289565093750002 0.95451505625 0.5354199008207308 0.9547638804154277
0 0.5321268300255897 0.8093822203833037 0.5273136296875001 0.78177740625 0.5223763333654838 0.7826382776984226 0.5271895337035735 0.8102430918317264
0 0.5385426744798323 0.7051666892121894 0.5376702425391626 0.6902614496852663 0.53147515078125 0.69062406015625 0.5323475827219195 0.705529299683173
0 0.5371158859375 0.6769689789062501 0.53343451171875 0.639507146875 0.5264039147243929 0.6401980436388277 0.5300852889431429 0.6776598756700778
0 0.5316387131705785 0.6057750692844578 0.5314800677170066 0.5922776213431902 0.52575797265625 0.5923448773437501 0.5259166181098218 0.6058423252850177
0 0.5252288316674709 0.5541726263188349 0.52253359140625 0.54046606015625 0.5177363620825289 0.5414093807124151 0.5204316023437501 0.555115946875
0 0.49690937908153254 0.32578219388691076 0.49106235712245516 0.28922559091577404 0.48470960234375005 0.290241678125 0.4905566243028274 0.32679828109613673
0 0.48835233149750196 0.5367578732430107 0.4796810188007695 0.48012547126144833 0.4729201625000001 0.48116066484375003 0.4815914751967325 0.5377930668253125
0 0.5271870206825331 0.4660055970864828 0.5183053643615864 0.46366880763590146 0.47964717193023265 0.6106006499886165 0.4885288282511794 0.6129374394391979
0 0.4466307680135465 0.7922389954669256 0.4414774169666087 0.7910317112536708 0.42776667473431224 0.8495566775054954 0.43292002578125005 0.8507639617187502
0 0.6938250273437501 0.8025406484375001 0.6631010947798476 0.7002584896407764 0.6547464648437499 0.7027680875 0.6854703974076524 0.8050502462967237
0 0.7491356001874889 0.9378643470713872 0.70670519152288 0.8509340907154497 0.6962977039553139 0.8560139555309354 0.7387281126199228 0.9429442118868728
0 0.8314786043320371 0.7994822577418252 0.7889887987657949 0.7215436997680478 0.7837544459962578 0.7243973146824728 0.8262442515625 0.8023358726562504
0 0.8145378851562499 0.8017864703124997 0.7826622640625001 0.73329261171875 0.7763717824316849 0.7362200713929135 0.8082474035254348 0.8047139299866632
0 0.7808747398437499 0.6996473843750001 0.7611560007812498 0.6605091335937501 0.756006880219888 0.6631033774018941 0.7757256192823883 0.7022416281831441
0 0.7549535914062501 0.64527404609375 0.7433399679687501 0.61961240703125 0.7371021125945163 0.6224354575463593 0.7487157360320161 0.6480970966088593
0 0.7309564406250001 0.5979614624999998 0.6989882829181295 0.5287162754642034 0.6929848610539177 0.5314878520192179 0.724953018760788 0.6007330390550143