1 0.23228108693077787 0.28154028860022684 0.18631704279614053 0.242395825113007 0.13972508501984326 0.2971048340702526 0.1856891291544806 0.33624929755747246
1 0.1840621691160233 0.4458134697681169 0.1672000018593653 0.3400491179208005 0.1038332779808561 0.3501517685576464 0.12069544523751412 0.4559161204049628
0 0.30351439375 0.3808524984375 0.24567610170457277 0.33377164235828544 0.23977427187500006 0.34102197265625006 0.29761256392042734 0.38810282873546464
0 0.3401326375418119 0.40798516638105564 0.3329072273049515 0.4023308032121096 0.32749475859375005 0.40924710937500003 0.33472016883061045 0.41490147254394605
0 0.3557664697749626 0.42024332073819837 0.34394743515625004 0.4101884664062501 0.33956805188556427 0.4153362369035693 0.35138708650427686 0.42539109123551755
0 0.39214875876878985 0.4469275027172497 0.35941491461992914 0.4252538861261236 0.35450829878680384 0.4326643889974172 0.3872421429356645 0.4543380055885432
0 0.4408691449549288 0.47674175342078584 0.3992043462037937 0.44975851563757957 0.39348325156249997 0.45859245390625 0.435148050313635 0.48557569168945636
0 0.546879144428327 0.5594683708704493 0.45122388593749996 0.4872096015625001 0.44484120417321754 0.4956589161560709 0.5404964626640445 0.5679176854640202
0 0.6366342010513223 0.6339580562694196 0.5747066514076576 0.5844468721326114 0.5672718098897913 0.5937462158105614 0.629199359533456 0.6432573999473696
0 0.7407153944245468 0.7465486081413113 0.6378204531566849 0.6356763720338447 0.6284906110579727 0.6443349288420156 0.7313855523258346 0.7552071649494821
0 0.2010660106192052 0.4044897259368577 0.16793995720955762 0.3953966067207558 0.16614945000000003 0.4019193890625 0.19927550340964761 0.4110125082786018
0 0.31182237398209045 0.4345273593651894 0.23910179551517693 0.411977195569612 0.23645265234375 0.42052024765625007 0.3091732308106635 0.44307041145182746
0 0.4172502702335721 0.46908051466552064 0.3324032937759687 0.4439777856310546 0.3303446607358647 0.45093594499487233 0.415191637193468 0.47603867402933825
0 0.4748291385653564 0.4880580532540251 0.4460116781250002 0.4762818859375001 0.4437906895948106 0.4817168672337841 0.4726081500351668 0.4934930345503091
0 0.6297506462003251 0.542259266966463 0.5482073333575004 0.5139293865450082 0.5447188715321755 0.5239704008285452 0.626262184375 0.5523002812500001
0 0.804608745791605 0.6190476150732277 0.6589913846221807 0.5598072098011594 0.6551925731860774 0.5691449733489453 0.8008099343555017 0.6283853786210137