1 0.30785056795479926 0.21281250355837936 0.27533966685935896 0.1619398815671616 0.21478819097236407 0.20063619731996213 0.24729909206780443 0.2515088193111799
1 0.22850689108190442 0.2497369080409531 0.164955262529695 0.2408714837987826 0.15015812937890444 0.34694445717815864 0.21370975793111385 0.3558098814203291
0 0.34693523906249996 0.32861184609375 0.30538931431011607 0.2666779195204747 0.29762557578124993 0.27188591640625004 0.3391715005336338 0.3338198429795253
0 0.374020614594767 0.36526508497231697 0.36876409746214694 0.3577452844087228 0.36156599453124993 0.36277692734375 0.36682251166387003 0.3702967279073442
0 0.38538738532052147 0.38155850536953717 0.37702454140624997 0.36848744921875 0.3713314536147232 0.37212987903020145 0.3796942975289947 0.38520093518098864
0 0.4123782419679573 0.4177138663989413 0.38741146295529105 0.3874168350279469 0.38055262181359784 0.39306897859840845 0.40551940082626403 0.42336600996940293
0 0.4502529353925306 0.4604698386565643 0.41829782530258675 0.4224840325899649 0.410243921875 0.4292592835937499 0.44219903196494387 0.46724508966034933
0 0.5274438796673551 0.5705760215288765 0.4570947203125001 0.473507725 0.4485205911994273 0.4797217289217152 0.5188697505542824 0.5767900254505918
0 0.591498391302568 0.6680527007823659 0.5467524503723686 0.6025990564111537 0.5369236108783626 0.6093183258366562 0.5816695518085621 0.6747719702078684
0 0.6581134395848565 0.8061539770137767 0.5921304227712584 0.670042761246548 0.5806767330992363 0.6755951985967457 0.6466597499128343 0.8117064143639743
0 0.2420525056362076 0.3212632310298543 0.21303247407823153 0.30288231671439847 0.20941312656250002 0.308596590625 0.23843315812047608 0.32697750494045585
0 0.3391871904564092 0.3823703864735723 0.27623718259801333 0.3395441211010891 0.27120604843750007 0.34693934765625 0.33415605629589595 0.3897656130287332
0 0.42990602234297215 0.4462378699853402 0.3561057830446512 0.39742515476297735 0.35210273347179344 0.4034773896172393 0.42590297277011446 0.4522901048396021
0 0.47942047277375055 0.48122061192770554 0.45530521640625 0.46153359687499995 0.45159223950227656 0.46608174141017794 0.4757074958697771 0.48576875646288353
0 0.6117257466385353 0.5783481538907858 0.5420283431150261 0.5274151988027317 0.5357566011639908 0.5359975425681959 0.6054540046875 0.5869304976562499
0 0.7564926384401123 0.7029047794177458 0.6345582816945997 0.6036785015191651 0.6281953625308773 0.6114975840412891 0.7501297192763897 0.7107238619398697