1 0.355492747122465 0.20647295475992208 0.31461657309200464 0.1576094833022952 0.25392364785945254 0.20838145058617683 0.2947998218899128 0.2572449220438037
1 0.4435154933763248 0.21539154935260013 0.43017464763642516 0.1420169014831502 0.3428563381619751 0.15789295855179972 0.3561971839018747 0.2312676064212497
1 0.5327283751629885 0.15496035370673217 0.4971181076641096 0.10006119035243252 0.4492186541256536 0.1311311056177433 0.4848289216245326 0.18603026897204294
1 0.5968419635800812 0.17966144048014782 0.5929963463199153 0.12283176276967311 0.519958982638751 0.12777414072649074 0.5238045998989168 0.18460381843696544
1 0.6112297947091557 0.22333632660721925 0.603204461003122 0.16916532743015517 0.5363361373200319 0.1790717463641277 0.5443614710260658 0.2332427455411918
1 0.6032286013051961 0.23311484197309557 0.5631852651569897 0.22219393358302525 0.545438788637759 0.28726435623687135 0.5854821247859652 0.29818526462694167
1 0.5662143583425505 0.2885348644217539 0.5438852601681007 0.27067158885475545 0.5075747172414116 0.31605977506599514 0.5299038154158614 0.3339230506329936
1 0.7076450669687996 0.162881683571601 0.6212873181869007 0.14718028420330054 0.6105549303974002 0.20620845276429983 0.696912679179299 0.2219098521326003
1 0.7087297697628344 0.22748628263395693 0.63949687550219 0.2041929725227578 0.6227042089074458 0.2541045095760176 0.6919371031680901 0.2773978196872168
1 0.782704981462682 0.23602823023480912 0.71127935961245 0.20560620643949568 0.6888924551259352 0.258166765362515 0.7603180769761673 0.28858878915782843
0 0.3392732390625 0.35456760546875 0.3260386487920349 0.29964607590279185 0.31850880312499996 0.30146056328125 0.331743393395465 0.3563820928472081
0 0.34131901406250004 0.3917690140625 0.3395403567772183 0.3739790966017881 0.3356829583780021 0.37436476392037754 0.33746161566328386 0.39215468138108944
0 0.36141690156250006 0.49987605625000003 0.35242570390625005 0.44179507031250004 0.3465255857628444 0.44270843511797475 0.35551678341909443 0.5007894210554747
0 0.36747499999999994 0.5727070421875 0.3661637320312499 0.5470390843749999 0.36080683961762217 0.5473127454697135 0.36211810758637225 0.5729807032822136
0 0.37497253515624995 0.66084436640625 0.3675386274431594 0.5937258176090892 0.36089663585133097 0.5944614704712212 0.3683305435644216 0.661580019268382
0 0.40691056328124997 0.9136211265625 0.3772176797750294 0.685382812579639 0.36847287373275134 0.6865204765527322 0.3981657572389719 0.9147587905355934
0 0.4236715635687739 0.2700957044058767 0.4090045057005776 0.21611645605197335 0.4011031687499999 0.21826338046874988 0.41577022661819624 0.27224262882265327
0 0.4366200062187609 0.3127266945015398 0.42908491431974055 0.28761458465175627 0.4191265276322297 0.2906026792127166 0.42666161953125015 0.3157147890625001
0 0.44392288750000003 0.42946936640625 0.4372836273420499 0.3633797175066321 0.4301745960327882 0.36409387939308563 0.4368138561907383 0.4301835282927035
0 0.4542420086264617 0.4941375933864521 0.44954331015625 0.4772179578125 0.44285279966236607 0.4790759583164201 0.4475514981325778 0.4959955938903722
0 0.4833393245054271 0.6718881198009758 0.4626703513589382 0.5139061058633264 0.45120936885165924 0.515405559717414 0.47187834199814815 0.6733875736550634
0 0.5063464789062502 0.7367602109375 0.4872806335937502 0.7367602109375 0.4872806335937502 0.88434366171875 0.5063464789062502 0.88434366171875
0 0.5394205986290367 0.751618255436998 0.5304678440393639 0.749582275675795 0.48623280869157737 0.944095710082547 0.4951855632812502 0.9461316898437501
0 0.5906598456595028 0.5307851876453723 0.57897570390625 0.5277827460937501 0.5346917764497322 0.7001157214061794 0.546375918202985 0.7031181629578016
0 0.6078295773437501 0.446415140625 0.6002489265526797 0.4440639281313496 0.5786828478975001 0.5135961000040201 0.5862634986885704 0.5159473124976706
0 0.6259943965034 0.36929835539635575 0.6158153259862382 0.36785540640054853 0.60659683125 0.4328859156250001 0.6167759017671619 0.43432886462080733
0 0.6604152322406154 0.360862213475255 0.6570293030668043 0.35773351759813365 0.6499925919199389 0.36534876896662877 0.6533785210937499 0.3684774648437501
0 0.7257007039062499 0.2718982390625001 0.7209357775733682 0.26795575237136865 0.7006477693485709 0.2924760290915206 0.7054126956814526 0.29641851578265205
0 0.6928146235627337 0.31923618000638776 0.6875580831230617 0.3142728672937212 0.6698903694478353 0.3329843724490106 0.6751469098875074 0.33794768516167717
0 0.6291179578124999 0.4036204226562501 0.6255388614266993 0.40048941568602026 0.6135716075204494 0.41416934537352024 0.6171507039062499 0.41730035234375007
0 0.5980943664062501 0.45020457734375025 0.5894202041576644 0.44419360851948825 0.5042232093206852 0.5671376093808819 0.5128973715692708 0.5731485782051439
0 0.44148133828124997 0.6787228875000001 0.43642651534334875 0.6759854429929844 0.41650468409334884 0.7127720625242343 0.42155950703125 0.71550950703125
0 0.4373017609375001 0.69990316875 0.4318349074025628 0.697658356937269 0.4136515655703672 0.7419407622634315 0.4191184191053045 0.7441855740761625
0 0.42044507031249995 0.7178781687500001 0.41591021735057565 0.715475207302769 0.4011429642255756 0.743343869802769 0.40567781718750007 0.7457468312500002
0 0.3839956559417228 0.7848943146398171 0.37993152846002554 0.782728948000436 0.35533309843750005 0.8288971828125 0.3593972259191973 0.831062549451881
0 0.398409859375 0.7747827460937501 0.3940717918319232 0.7731487245397529 0.3854964394881732 0.7959149221960031 0.38983450703125 0.7975489437500001
0 0.3874294126940828 0.8092084531128376 0.38126763060222224 0.8079502812804138 0.3557846968143894 0.9327506312925763 0.36194647890625 0.9340088031250001
0 0.41012988019130486 0.7691079090485375 0.4053295773437501 0.76679964765625 0.39325251433994535 0.7919153300139626 0.3980528171875001 0.7942235914062501
0 0.42334366171875004 0.6773471828125002 0.41760548093004557 0.6753516862061921 0.41269879108629554 0.6894611932374421 0.418436971875 0.6914566898437501
0 0.44016693301827303 0.6294732776383807 0.43347529278476327 0.6271593203751623 0.42117394375000006 0.6627330984375 0.4278655839835098 0.6650470557007184
0 0.4526669015625 0.5833704226562502 0.4471541953768418 0.5818727415681194 0.4436151110018418 0.5948995017243693 0.4491278171875 0.5963971828125001
0 0.47219492359399345 0.5353786597181587 0.4680144239638002 0.5336777138861061 0.4626610495885567 0.5468349697929474 0.4668415492187501 0.5485359156250001
0 0.5655813382812501 0.3001714789062501 0.5598368907358119 0.2976241147762803 0.5448277352670619 0.3314705936825303 0.5505721828125001 0.3340179578125001
0 0.5308330984374999 0.48827147890625 0.524810866488594 0.48553671593804487 0.501111218832344 0.5377258003130448 0.5071334507812499 0.5404605632812499
0 0.49189247694720317 0.4604479859810883 0.48203585397058957 0.4603205704408871 0.4800711109741755 0.6123093383023839 0.4899277339507891 0.6124367538425851
0 0.4859563382812501 0.79653873203125 0.48065868457936534 0.7965009208014049 0.48022992968750017 0.8565728875000002 0.48552758338938495 0.8566106987298452
0 0.30079612656250015 0.6593084507812502 0.29366395683707947 0.6550189098703381 0.23859763710072737 0.7465770385071013 0.24572980682614803 0.7508665794180134
0 0.21839471796875004 0.7937429578125 0.21056576181142414 0.7880339654975546 0.15373682462241817 0.8659656271947378 0.16156578077974407 0.8716746195096834
0 0.1700616195312501 0.64878556328125 0.16565333581712333 0.6447726392331028 0.10589664597337327 0.7104166532956028 0.11030492968750005 0.7144295773437501
0 0.17373577087267716 0.661445024474198 0.16826141673944228 0.6571738949115751 0.12179647890624996 0.71672852109375 0.12727083303948486 0.7209996506563728
0 0.21135100718858127 0.5954402925051823 0.2066129970631086 0.5916311785785336 0.17916936640625009 0.62576725390625 0.1839073765317228 0.6295763678328986
0 0.24030084878819907 0.5614687341004739 0.23495140859375 0.5571901406250002 0.21735809583370336 0.5791867091168654 0.22270753602815244 0.5834653025923391
0 0.30482648083730135 0.4835904913786808 0.2996309221303267 0.47946408575359445 0.2522049296875001 0.53917816875 0.25740048839447466 0.5433045743750864